subject,culture,task_name,task_info,trial_info,resp_type,resp
SS1651616817210,US,RMTS,RMTS,RMTS,choice_match,0
SS1651616817210,US,RMTS,RMTS,RMTS,choice_match,0
SS1651616817210,US,RMTS,RMTS,RMTS,choice_match,0
SS1651616817210,US,RMTS,RMTS,RMTS,choice_match,0
SS1651616819170,US,RMTS,RMTS,RMTS,choice_match,1
SS1651616819170,US,RMTS,RMTS,RMTS,choice_match,1
SS1651616819170,US,RMTS,RMTS,RMTS,choice_match,1
SS1651616819170,US,RMTS,RMTS,RMTS,choice_match,1
SS1651616821119,US,RMTS,RMTS,RMTS,choice_match,1
SS1651616821119,US,RMTS,RMTS,RMTS,choice_match,1
SS1651616821119,US,RMTS,RMTS,RMTS,choice_match,1
SS1651616821119,US,RMTS,RMTS,RMTS,choice_match,1
SS1651616823657,US,RMTS,RMTS,RMTS,choice_match,1
SS1651616823657,US,RMTS,RMTS,RMTS,choice_match,0
SS1651616823657,US,RMTS,RMTS,RMTS,choice_match,0
SS1651616823657,US,RMTS,RMTS,RMTS,choice_match,0
SS1651616824013,US,RMTS,RMTS,RMTS,choice_match,0
SS1651616824013,US,RMTS,RMTS,RMTS,choice_match,0
SS1651616824013,US,RMTS,RMTS,RMTS,choice_match,0
SS1651616824013,US,RMTS,RMTS,RMTS,choice_match,0
SS1651616827589,US,RMTS,RMTS,RMTS,choice_match,1
SS1651616827589,US,RMTS,RMTS,RMTS,choice_match,1
SS1651616827589,US,RMTS,RMTS,RMTS,choice_match,0
SS1651616827589,US,RMTS,RMTS,RMTS,choice_match,0
SS1651616829561,US,RMTS,RMTS,RMTS,choice_match,0
SS1651616829561,US,RMTS,RMTS,RMTS,choice_match,0
SS1651616829561,US,RMTS,RMTS,RMTS,choice_match,0
SS1651616829561,US,RMTS,RMTS,RMTS,choice_match,0
SS1651616834023,US,RMTS,RMTS,RMTS,choice_match,1
SS1651616834023,US,RMTS,RMTS,RMTS,choice_match,1
SS1651616834023,US,RMTS,RMTS,RMTS,choice_match,1
SS1651616834023,US,RMTS,RMTS,RMTS,choice_match,1
SS1651616835091,US,RMTS,RMTS,RMTS,choice_match,0
SS1651616835091,US,RMTS,RMTS,RMTS,choice_match,0
SS1651616835091,US,RMTS,RMTS,RMTS,choice_match,0
SS1651616835091,US,RMTS,RMTS,RMTS,choice_match,0
SS1651616837719,US,RMTS,RMTS,RMTS,choice_match,1
SS1651616837719,US,RMTS,RMTS,RMTS,choice_match,1
SS1651616837719,US,RMTS,RMTS,RMTS,choice_match,1
SS1651616837719,US,RMTS,RMTS,RMTS,choice_match,1
SS1651616838947,US,RMTS,RMTS,RMTS,choice_match,0
SS1651616838947,US,RMTS,RMTS,RMTS,choice_match,0
SS1651616838947,US,RMTS,RMTS,RMTS,choice_match,0
SS1651616838947,US,RMTS,RMTS,RMTS,choice_match,0
SS1651616839031,US,RMTS,RMTS,RMTS,choice_match,1
SS1651616839031,US,RMTS,RMTS,RMTS,choice_match,0
SS1651616839031,US,RMTS,RMTS,RMTS,choice_match,0
SS1651616839031,US,RMTS,RMTS,RMTS,choice_match,0
SS1651616839120,US,RMTS,RMTS,RMTS,choice_match,1
SS1651616839120,US,RMTS,RMTS,RMTS,choice_match,1
SS1651616839120,US,RMTS,RMTS,RMTS,choice_match,1
SS1651616839120,US,RMTS,RMTS,RMTS,choice_match,1
SS1651616839551,US,RMTS,RMTS,RMTS,choice_match,0
SS1651616839551,US,RMTS,RMTS,RMTS,choice_match,0
SS1651616839551,US,RMTS,RMTS,RMTS,choice_match,0
SS1651616839551,US,RMTS,RMTS,RMTS,choice_match,0
SS1651616839622,US,RMTS,RMTS,RMTS,choice_match,0
SS1651616839622,US,RMTS,RMTS,RMTS,choice_match,0
SS1651616839622,US,RMTS,RMTS,RMTS,choice_match,0
SS1651616839622,US,RMTS,RMTS,RMTS,choice_match,0
SS1651616840889,US,RMTS,RMTS,RMTS,choice_match,1
SS1651616840889,US,RMTS,RMTS,RMTS,choice_match,1
SS1651616840889,US,RMTS,RMTS,RMTS,choice_match,1
SS1651616840889,US,RMTS,RMTS,RMTS,choice_match,1
SS1651616841722,US,RMTS,RMTS,RMTS,choice_match,0
SS1651616841722,US,RMTS,RMTS,RMTS,choice_match,0
SS1651616841722,US,RMTS,RMTS,RMTS,choice_match,0
SS1651616841722,US,RMTS,RMTS,RMTS,choice_match,0
SS1651616841972,US,RMTS,RMTS,RMTS,choice_match,0
SS1651616841972,US,RMTS,RMTS,RMTS,choice_match,0
SS1651616841972,US,RMTS,RMTS,RMTS,choice_match,0
SS1651616841972,US,RMTS,RMTS,RMTS,choice_match,0
SS1651616843053,US,RMTS,RMTS,RMTS,choice_match,0
SS1651616843053,US,RMTS,RMTS,RMTS,choice_match,0
SS1651616843053,US,RMTS,RMTS,RMTS,choice_match,0
SS1651616843053,US,RMTS,RMTS,RMTS,choice_match,0
SS1651616844450,US,RMTS,RMTS,RMTS,choice_match,0
SS1651616844450,US,RMTS,RMTS,RMTS,choice_match,0
SS1651616844450,US,RMTS,RMTS,RMTS,choice_match,0
SS1651616844450,US,RMTS,RMTS,RMTS,choice_match,0
SS1651616844684,US,RMTS,RMTS,RMTS,choice_match,0
SS1651616844684,US,RMTS,RMTS,RMTS,choice_match,0
SS1651616844684,US,RMTS,RMTS,RMTS,choice_match,0
SS1651616844684,US,RMTS,RMTS,RMTS,choice_match,0
SS1651616844911,US,RMTS,RMTS,RMTS,choice_match,1
SS1651616844911,US,RMTS,RMTS,RMTS,choice_match,1
SS1651616844911,US,RMTS,RMTS,RMTS,choice_match,1
SS1651616844911,US,RMTS,RMTS,RMTS,choice_match,1
SS1651616846951,US,RMTS,RMTS,RMTS,choice_match,1
SS1651616846951,US,RMTS,RMTS,RMTS,choice_match,1
SS1651616846951,US,RMTS,RMTS,RMTS,choice_match,1
SS1651616846951,US,RMTS,RMTS,RMTS,choice_match,1
SS1651616850845,US,RMTS,RMTS,RMTS,choice_match,1
SS1651616850845,US,RMTS,RMTS,RMTS,choice_match,0
SS1651616850845,US,RMTS,RMTS,RMTS,choice_match,0
SS1651616850845,US,RMTS,RMTS,RMTS,choice_match,1
SS1651616854167,US,RMTS,RMTS,RMTS,choice_match,0
SS1651616854167,US,RMTS,RMTS,RMTS,choice_match,0
SS1651616854167,US,RMTS,RMTS,RMTS,choice_match,0
SS1651616854167,US,RMTS,RMTS,RMTS,choice_match,0
SS1651616854402,US,RMTS,RMTS,RMTS,choice_match,0
SS1651616854402,US,RMTS,RMTS,RMTS,choice_match,0
SS1651616854402,US,RMTS,RMTS,RMTS,choice_match,0
SS1651616854402,US,RMTS,RMTS,RMTS,choice_match,0
SS1651616857792,US,RMTS,RMTS,RMTS,choice_match,1
SS1651616857792,US,RMTS,RMTS,RMTS,choice_match,1
SS1651616857792,US,RMTS,RMTS,RMTS,choice_match,1
SS1651616857792,US,RMTS,RMTS,RMTS,choice_match,1
SS1651616858489,US,RMTS,RMTS,RMTS,choice_match,0
SS1651616858489,US,RMTS,RMTS,RMTS,choice_match,0
SS1651616858489,US,RMTS,RMTS,RMTS,choice_match,0
SS1651616858489,US,RMTS,RMTS,RMTS,choice_match,0
SS1651616858633,US,RMTS,RMTS,RMTS,choice_match,1
SS1651616858633,US,RMTS,RMTS,RMTS,choice_match,0
SS1651616858633,US,RMTS,RMTS,RMTS,choice_match,0
SS1651616858633,US,RMTS,RMTS,RMTS,choice_match,0
SS1651616860080,US,RMTS,RMTS,RMTS,choice_match,0
SS1651616860080,US,RMTS,RMTS,RMTS,choice_match,0
SS1651616860080,US,RMTS,RMTS,RMTS,choice_match,0
SS1651616860080,US,RMTS,RMTS,RMTS,choice_match,0
SS1651616860708,US,RMTS,RMTS,RMTS,choice_match,1
SS1651616860708,US,RMTS,RMTS,RMTS,choice_match,1
SS1651616860708,US,RMTS,RMTS,RMTS,choice_match,1
SS1651616860708,US,RMTS,RMTS,RMTS,choice_match,1
SS1651616861128,US,RMTS,RMTS,RMTS,choice_match,1
SS1651616861128,US,RMTS,RMTS,RMTS,choice_match,0
SS1651616861128,US,RMTS,RMTS,RMTS,choice_match,0
SS1651616861128,US,RMTS,RMTS,RMTS,choice_match,0
SS1651616861546,US,RMTS,RMTS,RMTS,choice_match,0
SS1651616861546,US,RMTS,RMTS,RMTS,choice_match,0
SS1651616861546,US,RMTS,RMTS,RMTS,choice_match,0
SS1651616861546,US,RMTS,RMTS,RMTS,choice_match,0
SS1651616863114,US,RMTS,RMTS,RMTS,choice_match,1
SS1651616863114,US,RMTS,RMTS,RMTS,choice_match,1
SS1651616863114,US,RMTS,RMTS,RMTS,choice_match,1
SS1651616863114,US,RMTS,RMTS,RMTS,choice_match,1
SS1651616863145,US,RMTS,RMTS,RMTS,choice_match,1
SS1651616863145,US,RMTS,RMTS,RMTS,choice_match,0
SS1651616863145,US,RMTS,RMTS,RMTS,choice_match,0
SS1651616863145,US,RMTS,RMTS,RMTS,choice_match,0
SS1651616876627,US,RMTS,RMTS,RMTS,choice_match,1
SS1651616876627,US,RMTS,RMTS,RMTS,choice_match,0
SS1651616876627,US,RMTS,RMTS,RMTS,choice_match,1
SS1651616876627,US,RMTS,RMTS,RMTS,choice_match,0
SS1651616909217,US,RMTS,RMTS,RMTS,choice_match,1
SS1651616909217,US,RMTS,RMTS,RMTS,choice_match,1
SS1651616909217,US,RMTS,RMTS,RMTS,choice_match,1
SS1651616909217,US,RMTS,RMTS,RMTS,choice_match,1
SS1651616969092,US,RMTS,RMTS,RMTS,choice_match,0
SS1651616969092,US,RMTS,RMTS,RMTS,choice_match,0
SS1651616969092,US,RMTS,RMTS,RMTS,choice_match,0
SS1651616969092,US,RMTS,RMTS,RMTS,choice_match,0
SS1651616982939,US,RMTS,RMTS,RMTS,choice_match,0
SS1651616982939,US,RMTS,RMTS,RMTS,choice_match,0
SS1651616982939,US,RMTS,RMTS,RMTS,choice_match,0
SS1651616982939,US,RMTS,RMTS,RMTS,choice_match,0
SS1651617013503,US,RMTS,RMTS,RMTS,choice_match,1
SS1651617013503,US,RMTS,RMTS,RMTS,choice_match,1
SS1651617013503,US,RMTS,RMTS,RMTS,choice_match,1
SS1651617013503,US,RMTS,RMTS,RMTS,choice_match,1
SS1651617033971,US,RMTS,RMTS,RMTS,choice_match,1
SS1651617033971,US,RMTS,RMTS,RMTS,choice_match,0
SS1651617033971,US,RMTS,RMTS,RMTS,choice_match,0
SS1651617033971,US,RMTS,RMTS,RMTS,choice_match,0
SS1651617071100,US,RMTS,RMTS,RMTS,choice_match,1
SS1651617071100,US,RMTS,RMTS,RMTS,choice_match,1
SS1651617071100,US,RMTS,RMTS,RMTS,choice_match,1
SS1651617071100,US,RMTS,RMTS,RMTS,choice_match,1
SS1651617143573,US,RMTS,RMTS,RMTS,choice_match,1
SS1651617143573,US,RMTS,RMTS,RMTS,choice_match,1
SS1651617143573,US,RMTS,RMTS,RMTS,choice_match,1
SS1651617143573,US,RMTS,RMTS,RMTS,choice_match,1
SS1651617282312,US,RMTS,RMTS,RMTS,choice_match,0
SS1651617282312,US,RMTS,RMTS,RMTS,choice_match,0
SS1651617282312,US,RMTS,RMTS,RMTS,choice_match,0
SS1651617282312,US,RMTS,RMTS,RMTS,choice_match,0
SS1651617310480,US,RMTS,RMTS,RMTS,choice_match,0
SS1651617310480,US,RMTS,RMTS,RMTS,choice_match,0
SS1651617310480,US,RMTS,RMTS,RMTS,choice_match,0
SS1651617310480,US,RMTS,RMTS,RMTS,choice_match,0
SS1651624230659,US,RMTS,RMTS,RMTS,choice_match,1
SS1651624230659,US,RMTS,RMTS,RMTS,choice_match,1
SS1651624230659,US,RMTS,RMTS,RMTS,choice_match,1
SS1651624230659,US,RMTS,RMTS,RMTS,choice_match,1
SS1651678198123,US,RMTS,RMTS,RMTS,choice_match,1
SS1651678198123,US,RMTS,RMTS,RMTS,choice_match,1
SS1651678198123,US,RMTS,RMTS,RMTS,choice_match,1
SS1651678198123,US,RMTS,RMTS,RMTS,choice_match,1
SS1651678202019,US,RMTS,RMTS,RMTS,choice_match,1
SS1651678202019,US,RMTS,RMTS,RMTS,choice_match,1
SS1651678202019,US,RMTS,RMTS,RMTS,choice_match,1
SS1651678202019,US,RMTS,RMTS,RMTS,choice_match,1
SS1651678206055,US,RMTS,RMTS,RMTS,choice_match,0
SS1651678206055,US,RMTS,RMTS,RMTS,choice_match,0
SS1651678206055,US,RMTS,RMTS,RMTS,choice_match,0
SS1651678206055,US,RMTS,RMTS,RMTS,choice_match,0
SS1651678216185,US,RMTS,RMTS,RMTS,choice_match,1
SS1651678216185,US,RMTS,RMTS,RMTS,choice_match,1
SS1651678216185,US,RMTS,RMTS,RMTS,choice_match,1
SS1651678216185,US,RMTS,RMTS,RMTS,choice_match,1
SS1651678216437,US,RMTS,RMTS,RMTS,choice_match,1
SS1651678216437,US,RMTS,RMTS,RMTS,choice_match,1
SS1651678216437,US,RMTS,RMTS,RMTS,choice_match,1
SS1651678216437,US,RMTS,RMTS,RMTS,choice_match,1
SS1651678218891,US,RMTS,RMTS,RMTS,choice_match,0
SS1651678218891,US,RMTS,RMTS,RMTS,choice_match,0
SS1651678218891,US,RMTS,RMTS,RMTS,choice_match,0
SS1651678218891,US,RMTS,RMTS,RMTS,choice_match,0
SS1651678220434,US,RMTS,RMTS,RMTS,choice_match,0
SS1651678220434,US,RMTS,RMTS,RMTS,choice_match,0
SS1651678220434,US,RMTS,RMTS,RMTS,choice_match,0
SS1651678220434,US,RMTS,RMTS,RMTS,choice_match,0
SS1651678224995,US,RMTS,RMTS,RMTS,choice_match,1
SS1651678224995,US,RMTS,RMTS,RMTS,choice_match,1
SS1651678224995,US,RMTS,RMTS,RMTS,choice_match,1
SS1651678224995,US,RMTS,RMTS,RMTS,choice_match,1
SS1651678226524,US,RMTS,RMTS,RMTS,choice_match,0
SS1651678226524,US,RMTS,RMTS,RMTS,choice_match,0
SS1651678226524,US,RMTS,RMTS,RMTS,choice_match,0
SS1651678226524,US,RMTS,RMTS,RMTS,choice_match,0
SS1651678227696,US,RMTS,RMTS,RMTS,choice_match,0
SS1651678227696,US,RMTS,RMTS,RMTS,choice_match,0
SS1651678227696,US,RMTS,RMTS,RMTS,choice_match,0
SS1651678227696,US,RMTS,RMTS,RMTS,choice_match,0
SS1651678229872,US,RMTS,RMTS,RMTS,choice_match,1
SS1651678229872,US,RMTS,RMTS,RMTS,choice_match,0
SS1651678229872,US,RMTS,RMTS,RMTS,choice_match,0
SS1651678229872,US,RMTS,RMTS,RMTS,choice_match,0
SS1651678232565,US,RMTS,RMTS,RMTS,choice_match,0
SS1651678232565,US,RMTS,RMTS,RMTS,choice_match,0
SS1651678232565,US,RMTS,RMTS,RMTS,choice_match,0
SS1651678232565,US,RMTS,RMTS,RMTS,choice_match,0
SS1651678239759,US,RMTS,RMTS,RMTS,choice_match,0
SS1651678239759,US,RMTS,RMTS,RMTS,choice_match,0
SS1651678239759,US,RMTS,RMTS,RMTS,choice_match,0
SS1651678239759,US,RMTS,RMTS,RMTS,choice_match,0
SS1651678242246,US,RMTS,RMTS,RMTS,choice_match,0
SS1651678242246,US,RMTS,RMTS,RMTS,choice_match,0
SS1651678242246,US,RMTS,RMTS,RMTS,choice_match,0
SS1651678242246,US,RMTS,RMTS,RMTS,choice_match,0
SS1651678243882,US,RMTS,RMTS,RMTS,choice_match,0
SS1651678243882,US,RMTS,RMTS,RMTS,choice_match,0
SS1651678243882,US,RMTS,RMTS,RMTS,choice_match,0
SS1651678243882,US,RMTS,RMTS,RMTS,choice_match,0
SS1651678244241,US,RMTS,RMTS,RMTS,choice_match,0
SS1651678244241,US,RMTS,RMTS,RMTS,choice_match,0
SS1651678244241,US,RMTS,RMTS,RMTS,choice_match,0
SS1651678244241,US,RMTS,RMTS,RMTS,choice_match,0
SS1651678245327,US,RMTS,RMTS,RMTS,choice_match,1
SS1651678245327,US,RMTS,RMTS,RMTS,choice_match,1
SS1651678245327,US,RMTS,RMTS,RMTS,choice_match,1
SS1651678245327,US,RMTS,RMTS,RMTS,choice_match,1
SS1651678246113,US,RMTS,RMTS,RMTS,choice_match,0
SS1651678246113,US,RMTS,RMTS,RMTS,choice_match,0
SS1651678246113,US,RMTS,RMTS,RMTS,choice_match,0
SS1651678246113,US,RMTS,RMTS,RMTS,choice_match,0
SS1651678246330,US,RMTS,RMTS,RMTS,choice_match,0
SS1651678246330,US,RMTS,RMTS,RMTS,choice_match,0
SS1651678246330,US,RMTS,RMTS,RMTS,choice_match,0
SS1651678246330,US,RMTS,RMTS,RMTS,choice_match,0
SS1651678248637,US,RMTS,RMTS,RMTS,choice_match,0
SS1651678248637,US,RMTS,RMTS,RMTS,choice_match,0
SS1651678248637,US,RMTS,RMTS,RMTS,choice_match,0
SS1651678248637,US,RMTS,RMTS,RMTS,choice_match,0
SS1651678248989,US,RMTS,RMTS,RMTS,choice_match,0
SS1651678248989,US,RMTS,RMTS,RMTS,choice_match,0
SS1651678248989,US,RMTS,RMTS,RMTS,choice_match,0
SS1651678248989,US,RMTS,RMTS,RMTS,choice_match,0
SS1651678249603,US,RMTS,RMTS,RMTS,choice_match,1
SS1651678249603,US,RMTS,RMTS,RMTS,choice_match,0
SS1651678249603,US,RMTS,RMTS,RMTS,choice_match,0
SS1651678249603,US,RMTS,RMTS,RMTS,choice_match,0
SS1651678250397,US,RMTS,RMTS,RMTS,choice_match,1
SS1651678250397,US,RMTS,RMTS,RMTS,choice_match,1
SS1651678250397,US,RMTS,RMTS,RMTS,choice_match,1
SS1651678250397,US,RMTS,RMTS,RMTS,choice_match,1
SS1651678252363,US,RMTS,RMTS,RMTS,choice_match,0
SS1651678252363,US,RMTS,RMTS,RMTS,choice_match,0
SS1651678252363,US,RMTS,RMTS,RMTS,choice_match,0
SS1651678252363,US,RMTS,RMTS,RMTS,choice_match,0
SS1651678252935,US,RMTS,RMTS,RMTS,choice_match,1
SS1651678252935,US,RMTS,RMTS,RMTS,choice_match,1
SS1651678252935,US,RMTS,RMTS,RMTS,choice_match,1
SS1651678252935,US,RMTS,RMTS,RMTS,choice_match,1
SS1651678253736,US,RMTS,RMTS,RMTS,choice_match,1
SS1651678253736,US,RMTS,RMTS,RMTS,choice_match,1
SS1651678253736,US,RMTS,RMTS,RMTS,choice_match,1
SS1651678253736,US,RMTS,RMTS,RMTS,choice_match,1
SS1651678256204,US,RMTS,RMTS,RMTS,choice_match,0
SS1651678256204,US,RMTS,RMTS,RMTS,choice_match,0
SS1651678256204,US,RMTS,RMTS,RMTS,choice_match,0
SS1651678256204,US,RMTS,RMTS,RMTS,choice_match,0
SS1651678257395,US,RMTS,RMTS,RMTS,choice_match,1
SS1651678257395,US,RMTS,RMTS,RMTS,choice_match,1
SS1651678257395,US,RMTS,RMTS,RMTS,choice_match,1
SS1651678257395,US,RMTS,RMTS,RMTS,choice_match,1
SS1651678258791,US,RMTS,RMTS,RMTS,choice_match,0
SS1651678258791,US,RMTS,RMTS,RMTS,choice_match,0
SS1651678258791,US,RMTS,RMTS,RMTS,choice_match,0
SS1651678258791,US,RMTS,RMTS,RMTS,choice_match,0
SS1651678259296,US,RMTS,RMTS,RMTS,choice_match,1
SS1651678259296,US,RMTS,RMTS,RMTS,choice_match,1
SS1651678259296,US,RMTS,RMTS,RMTS,choice_match,1
SS1651678259296,US,RMTS,RMTS,RMTS,choice_match,1
SS1651678260164,US,RMTS,RMTS,RMTS,choice_match,1
SS1651678260164,US,RMTS,RMTS,RMTS,choice_match,1
SS1651678260164,US,RMTS,RMTS,RMTS,choice_match,1
SS1651678260164,US,RMTS,RMTS,RMTS,choice_match,1
SS1651678260331,US,RMTS,RMTS,RMTS,choice_match,1
SS1651678260331,US,RMTS,RMTS,RMTS,choice_match,0
SS1651678260331,US,RMTS,RMTS,RMTS,choice_match,0
SS1651678260331,US,RMTS,RMTS,RMTS,choice_match,0
SS1651678260663,US,RMTS,RMTS,RMTS,choice_match,0
SS1651678260663,US,RMTS,RMTS,RMTS,choice_match,0
SS1651678260663,US,RMTS,RMTS,RMTS,choice_match,0
SS1651678260663,US,RMTS,RMTS,RMTS,choice_match,0
SS1651678261063,US,RMTS,RMTS,RMTS,choice_match,1
SS1651678261063,US,RMTS,RMTS,RMTS,choice_match,1
SS1651678261063,US,RMTS,RMTS,RMTS,choice_match,1
SS1651678261063,US,RMTS,RMTS,RMTS,choice_match,1
SS1651678261912,US,RMTS,RMTS,RMTS,choice_match,0
SS1651678261912,US,RMTS,RMTS,RMTS,choice_match,0
SS1651678261912,US,RMTS,RMTS,RMTS,choice_match,0
SS1651678261912,US,RMTS,RMTS,RMTS,choice_match,0
SS1651678262590,US,RMTS,RMTS,RMTS,choice_match,1
SS1651678262590,US,RMTS,RMTS,RMTS,choice_match,1
SS1651678262590,US,RMTS,RMTS,RMTS,choice_match,1
SS1651678262590,US,RMTS,RMTS,RMTS,choice_match,1
SS1651678262854,US,RMTS,RMTS,RMTS,choice_match,1
SS1651678262854,US,RMTS,RMTS,RMTS,choice_match,1
SS1651678262854,US,RMTS,RMTS,RMTS,choice_match,1
SS1651678262854,US,RMTS,RMTS,RMTS,choice_match,1
SS1651678263725,US,RMTS,RMTS,RMTS,choice_match,0
SS1651678263725,US,RMTS,RMTS,RMTS,choice_match,0
SS1651678263725,US,RMTS,RMTS,RMTS,choice_match,0
SS1651678263725,US,RMTS,RMTS,RMTS,choice_match,0
SS1651678265100,US,RMTS,RMTS,RMTS,choice_match,1
SS1651678265100,US,RMTS,RMTS,RMTS,choice_match,1
SS1651678265100,US,RMTS,RMTS,RMTS,choice_match,1
SS1651678265100,US,RMTS,RMTS,RMTS,choice_match,1
SS1651678265263,US,RMTS,RMTS,RMTS,choice_match,0
SS1651678265263,US,RMTS,RMTS,RMTS,choice_match,0
SS1651678265263,US,RMTS,RMTS,RMTS,choice_match,0
SS1651678265263,US,RMTS,RMTS,RMTS,choice_match,0
SS1651678267011,US,RMTS,RMTS,RMTS,choice_match,1
SS1651678267011,US,RMTS,RMTS,RMTS,choice_match,0
SS1651678267011,US,RMTS,RMTS,RMTS,choice_match,0
SS1651678267011,US,RMTS,RMTS,RMTS,choice_match,0
SS1651678267140,US,RMTS,RMTS,RMTS,choice_match,0
SS1651678267140,US,RMTS,RMTS,RMTS,choice_match,0
SS1651678267140,US,RMTS,RMTS,RMTS,choice_match,0
SS1651678267140,US,RMTS,RMTS,RMTS,choice_match,0
SS1651678267405,US,RMTS,RMTS,RMTS,choice_match,1
SS1651678267405,US,RMTS,RMTS,RMTS,choice_match,0
SS1651678267405,US,RMTS,RMTS,RMTS,choice_match,0
SS1651678267405,US,RMTS,RMTS,RMTS,choice_match,0
SS1651678268119,US,RMTS,RMTS,RMTS,choice_match,0
SS1651678268119,US,RMTS,RMTS,RMTS,choice_match,0
SS1651678268119,US,RMTS,RMTS,RMTS,choice_match,0
SS1651678268119,US,RMTS,RMTS,RMTS,choice_match,0
SS1651678270245,US,RMTS,RMTS,RMTS,choice_match,0
SS1651678270245,US,RMTS,RMTS,RMTS,choice_match,0
SS1651678270245,US,RMTS,RMTS,RMTS,choice_match,0
SS1651678270245,US,RMTS,RMTS,RMTS,choice_match,0
SS1651678270524,US,RMTS,RMTS,RMTS,choice_match,1
SS1651678270524,US,RMTS,RMTS,RMTS,choice_match,1
SS1651678270524,US,RMTS,RMTS,RMTS,choice_match,1
SS1651678270524,US,RMTS,RMTS,RMTS,choice_match,1
SS1651678271326,US,RMTS,RMTS,RMTS,choice_match,1
SS1651678271326,US,RMTS,RMTS,RMTS,choice_match,1
SS1651678271326,US,RMTS,RMTS,RMTS,choice_match,1
SS1651678271326,US,RMTS,RMTS,RMTS,choice_match,1
SS1651678274966,US,RMTS,RMTS,RMTS,choice_match,1
SS1651678274966,US,RMTS,RMTS,RMTS,choice_match,1
SS1651678274966,US,RMTS,RMTS,RMTS,choice_match,1
SS1651678274966,US,RMTS,RMTS,RMTS,choice_match,1
SS1651678278178,US,RMTS,RMTS,RMTS,choice_match,0
SS1651678278178,US,RMTS,RMTS,RMTS,choice_match,0
SS1651678278178,US,RMTS,RMTS,RMTS,choice_match,0
SS1651678278178,US,RMTS,RMTS,RMTS,choice_match,0
SS1651678298946,US,RMTS,RMTS,RMTS,choice_match,0
SS1651678298946,US,RMTS,RMTS,RMTS,choice_match,0
SS1651678298946,US,RMTS,RMTS,RMTS,choice_match,0
SS1651678298946,US,RMTS,RMTS,RMTS,choice_match,0
SS1651678302508,US,RMTS,RMTS,RMTS,choice_match,1
SS1651678302508,US,RMTS,RMTS,RMTS,choice_match,1
SS1651678302508,US,RMTS,RMTS,RMTS,choice_match,1
SS1651678302508,US,RMTS,RMTS,RMTS,choice_match,1
SS1651678327719,US,RMTS,RMTS,RMTS,choice_match,0
SS1651678327719,US,RMTS,RMTS,RMTS,choice_match,0
SS1651678327719,US,RMTS,RMTS,RMTS,choice_match,1
SS1651678327719,US,RMTS,RMTS,RMTS,choice_match,0
SS1651678328286,US,RMTS,RMTS,RMTS,choice_match,0
SS1651678328286,US,RMTS,RMTS,RMTS,choice_match,0
SS1651678328286,US,RMTS,RMTS,RMTS,choice_match,0
SS1651678328286,US,RMTS,RMTS,RMTS,choice_match,0
SS1651678331156,US,RMTS,RMTS,RMTS,choice_match,1
SS1651678331156,US,RMTS,RMTS,RMTS,choice_match,0
SS1651678331156,US,RMTS,RMTS,RMTS,choice_match,0
SS1651678331156,US,RMTS,RMTS,RMTS,choice_match,0
SS1651678353530,US,RMTS,RMTS,RMTS,choice_match,0
SS1651678353530,US,RMTS,RMTS,RMTS,choice_match,0
SS1651678353530,US,RMTS,RMTS,RMTS,choice_match,0
SS1651678353530,US,RMTS,RMTS,RMTS,choice_match,0
SS1651678384991,US,RMTS,RMTS,RMTS,choice_match,1
SS1651678384991,US,RMTS,RMTS,RMTS,choice_match,1
SS1651678384991,US,RMTS,RMTS,RMTS,choice_match,1
SS1651678384991,US,RMTS,RMTS,RMTS,choice_match,1
SS1651678386286,US,RMTS,RMTS,RMTS,choice_match,1
SS1651678386286,US,RMTS,RMTS,RMTS,choice_match,0
SS1651678386286,US,RMTS,RMTS,RMTS,choice_match,0
SS1651678386286,US,RMTS,RMTS,RMTS,choice_match,0
SS1651678409670,US,RMTS,RMTS,RMTS,choice_match,1
SS1651678409670,US,RMTS,RMTS,RMTS,choice_match,1
SS1651678409670,US,RMTS,RMTS,RMTS,choice_match,1
SS1651678409670,US,RMTS,RMTS,RMTS,choice_match,1
SS1651678434328,US,RMTS,RMTS,RMTS,choice_match,0
SS1651678434328,US,RMTS,RMTS,RMTS,choice_match,0
SS1651678434328,US,RMTS,RMTS,RMTS,choice_match,0
SS1651678434328,US,RMTS,RMTS,RMTS,choice_match,0
SS1651678459452,US,RMTS,RMTS,RMTS,choice_match,0
SS1651678459452,US,RMTS,RMTS,RMTS,choice_match,0
SS1651678459452,US,RMTS,RMTS,RMTS,choice_match,0
SS1651678459452,US,RMTS,RMTS,RMTS,choice_match,0
SS1651678462364,US,RMTS,RMTS,RMTS,choice_match,1
SS1651678462364,US,RMTS,RMTS,RMTS,choice_match,0
SS1651678462364,US,RMTS,RMTS,RMTS,choice_match,0
SS1651678462364,US,RMTS,RMTS,RMTS,choice_match,1
SS1651678474300,US,RMTS,RMTS,RMTS,choice_match,0
SS1651678474300,US,RMTS,RMTS,RMTS,choice_match,0
SS1651678474300,US,RMTS,RMTS,RMTS,choice_match,0
SS1651678474300,US,RMTS,RMTS,RMTS,choice_match,0
SS1651678537895,US,RMTS,RMTS,RMTS,choice_match,0
SS1651678537895,US,RMTS,RMTS,RMTS,choice_match,0
SS1651678537895,US,RMTS,RMTS,RMTS,choice_match,0
SS1651678537895,US,RMTS,RMTS,RMTS,choice_match,0
SS1651678538948,US,RMTS,RMTS,RMTS,choice_match,0
SS1651678538948,US,RMTS,RMTS,RMTS,choice_match,0
SS1651678538948,US,RMTS,RMTS,RMTS,choice_match,0
SS1651678538948,US,RMTS,RMTS,RMTS,choice_match,0
SS1651678556653,US,RMTS,RMTS,RMTS,choice_match,0
SS1651678556653,US,RMTS,RMTS,RMTS,choice_match,0
SS1651678556653,US,RMTS,RMTS,RMTS,choice_match,0
SS1651678556653,US,RMTS,RMTS,RMTS,choice_match,0
SS1651678559284,US,RMTS,RMTS,RMTS,choice_match,1
SS1651678559284,US,RMTS,RMTS,RMTS,choice_match,0
SS1651678559284,US,RMTS,RMTS,RMTS,choice_match,0
SS1651678559284,US,RMTS,RMTS,RMTS,choice_match,0
SS1651678574838,US,RMTS,RMTS,RMTS,choice_match,0
SS1651678574838,US,RMTS,RMTS,RMTS,choice_match,0
SS1651678574838,US,RMTS,RMTS,RMTS,choice_match,0
SS1651678574838,US,RMTS,RMTS,RMTS,choice_match,0
SS1651678625157,US,RMTS,RMTS,RMTS,choice_match,1
SS1651678625157,US,RMTS,RMTS,RMTS,choice_match,1
SS1651678625157,US,RMTS,RMTS,RMTS,choice_match,1
SS1651678625157,US,RMTS,RMTS,RMTS,choice_match,1
SS1651678626616,US,RMTS,RMTS,RMTS,choice_match,0
SS1651678626616,US,RMTS,RMTS,RMTS,choice_match,0
SS1651678626616,US,RMTS,RMTS,RMTS,choice_match,0
SS1651678626616,US,RMTS,RMTS,RMTS,choice_match,0
SS1651678635745,US,RMTS,RMTS,RMTS,choice_match,1
SS1651678635745,US,RMTS,RMTS,RMTS,choice_match,0
SS1651678635745,US,RMTS,RMTS,RMTS,choice_match,0
SS1651678635745,US,RMTS,RMTS,RMTS,choice_match,0
SS1651678637077,US,RMTS,RMTS,RMTS,choice_match,0
SS1651678637077,US,RMTS,RMTS,RMTS,choice_match,0
SS1651678637077,US,RMTS,RMTS,RMTS,choice_match,0
SS1651678637077,US,RMTS,RMTS,RMTS,choice_match,0
SS1651678701050,US,RMTS,RMTS,RMTS,choice_match,1
SS1651678701050,US,RMTS,RMTS,RMTS,choice_match,0
SS1651678701050,US,RMTS,RMTS,RMTS,choice_match,0
SS1651678701050,US,RMTS,RMTS,RMTS,choice_match,0
SS1651678717637,US,RMTS,RMTS,RMTS,choice_match,0
SS1651678717637,US,RMTS,RMTS,RMTS,choice_match,0
SS1651678717637,US,RMTS,RMTS,RMTS,choice_match,0
SS1651678717637,US,RMTS,RMTS,RMTS,choice_match,0
SS1651678770686,US,RMTS,RMTS,RMTS,choice_match,1
SS1651678770686,US,RMTS,RMTS,RMTS,choice_match,0
SS1651678770686,US,RMTS,RMTS,RMTS,choice_match,0
SS1651678770686,US,RMTS,RMTS,RMTS,choice_match,0
SS1651678809453,US,RMTS,RMTS,RMTS,choice_match,1
SS1651678809453,US,RMTS,RMTS,RMTS,choice_match,0
SS1651678809453,US,RMTS,RMTS,RMTS,choice_match,0
SS1651678809453,US,RMTS,RMTS,RMTS,choice_match,0
SS1651678955017,US,RMTS,RMTS,RMTS,choice_match,0
SS1651678955017,US,RMTS,RMTS,RMTS,choice_match,0
SS1651678955017,US,RMTS,RMTS,RMTS,choice_match,0
SS1651678955017,US,RMTS,RMTS,RMTS,choice_match,0
SS1651679034205,US,RMTS,RMTS,RMTS,choice_match,1
SS1651679034205,US,RMTS,RMTS,RMTS,choice_match,0
SS1651679034205,US,RMTS,RMTS,RMTS,choice_match,0
SS1651679034205,US,RMTS,RMTS,RMTS,choice_match,0
SS1651679448134,US,RMTS,RMTS,RMTS,choice_match,0
SS1651679448134,US,RMTS,RMTS,RMTS,choice_match,0
SS1651679448134,US,RMTS,RMTS,RMTS,choice_match,0
SS1651679448134,US,RMTS,RMTS,RMTS,choice_match,0
SS1651679534071,US,RMTS,RMTS,RMTS,choice_match,1
SS1651679534071,US,RMTS,RMTS,RMTS,choice_match,1
SS1651679534071,US,RMTS,RMTS,RMTS,choice_match,1
SS1651679534071,US,RMTS,RMTS,RMTS,choice_match,1
SS1651679569580,US,RMTS,RMTS,RMTS,choice_match,0
SS1651679569580,US,RMTS,RMTS,RMTS,choice_match,0
SS1651679569580,US,RMTS,RMTS,RMTS,choice_match,0
SS1651679569580,US,RMTS,RMTS,RMTS,choice_match,0
SS1651679629301,US,RMTS,RMTS,RMTS,choice_match,1
SS1651679629301,US,RMTS,RMTS,RMTS,choice_match,0
SS1651679629301,US,RMTS,RMTS,RMTS,choice_match,0
SS1651679629301,US,RMTS,RMTS,RMTS,choice_match,0
SS1651679984067,US,RMTS,RMTS,RMTS,choice_match,1
SS1651679984067,US,RMTS,RMTS,RMTS,choice_match,1
SS1651679984067,US,RMTS,RMTS,RMTS,choice_match,1
SS1651679984067,US,RMTS,RMTS,RMTS,choice_match,1
SS1651680129189,US,RMTS,RMTS,RMTS,choice_match,1
SS1651680129189,US,RMTS,RMTS,RMTS,choice_match,1
SS1651680129189,US,RMTS,RMTS,RMTS,choice_match,1
SS1651680129189,US,RMTS,RMTS,RMTS,choice_match,1
SS1651680530568,US,RMTS,RMTS,RMTS,choice_match,0
SS1651680530568,US,RMTS,RMTS,RMTS,choice_match,0
SS1651680530568,US,RMTS,RMTS,RMTS,choice_match,0
SS1651680530568,US,RMTS,RMTS,RMTS,choice_match,0
SS1651680818305,US,RMTS,RMTS,RMTS,choice_match,0
SS1651680818305,US,RMTS,RMTS,RMTS,choice_match,0
SS1651680818305,US,RMTS,RMTS,RMTS,choice_match,0
SS1651680818305,US,RMTS,RMTS,RMTS,choice_match,0
SS1651680994828,US,RMTS,RMTS,RMTS,choice_match,0
SS1651680994828,US,RMTS,RMTS,RMTS,choice_match,0
SS1651680994828,US,RMTS,RMTS,RMTS,choice_match,0
SS1651680994828,US,RMTS,RMTS,RMTS,choice_match,0
SS1651681877580,US,RMTS,RMTS,RMTS,choice_match,1
SS1651681877580,US,RMTS,RMTS,RMTS,choice_match,1
SS1651681877580,US,RMTS,RMTS,RMTS,choice_match,1
SS1651681877580,US,RMTS,RMTS,RMTS,choice_match,1
SS1651682805154,US,RMTS,RMTS,RMTS,choice_match,0
SS1651682805154,US,RMTS,RMTS,RMTS,choice_match,0
SS1651682805154,US,RMTS,RMTS,RMTS,choice_match,0
SS1651682805154,US,RMTS,RMTS,RMTS,choice_match,0
SS1651687447221,US,RMTS,RMTS,RMTS,choice_match,1
SS1651687447221,US,RMTS,RMTS,RMTS,choice_match,0
SS1651687447221,US,RMTS,RMTS,RMTS,choice_match,1
SS1651687447221,US,RMTS,RMTS,RMTS,choice_match,1
SS1651689857645,US,RMTS,RMTS,RMTS,choice_match,1
SS1651689857645,US,RMTS,RMTS,RMTS,choice_match,0
SS1651689857645,US,RMTS,RMTS,RMTS,choice_match,0
SS1651689857645,US,RMTS,RMTS,RMTS,choice_match,0
SS1651690446636,US,RMTS,RMTS,RMTS,choice_match,1
SS1651690446636,US,RMTS,RMTS,RMTS,choice_match,1
SS1651690446636,US,RMTS,RMTS,RMTS,choice_match,1
SS1651690446636,US,RMTS,RMTS,RMTS,choice_match,1
SS1651690626669,US,RMTS,RMTS,RMTS,choice_match,0
SS1651690626669,US,RMTS,RMTS,RMTS,choice_match,0
SS1651690626669,US,RMTS,RMTS,RMTS,choice_match,0
SS1651690626669,US,RMTS,RMTS,RMTS,choice_match,0
SS1651690672320,US,RMTS,RMTS,RMTS,choice_match,0
SS1651690672320,US,RMTS,RMTS,RMTS,choice_match,0
SS1651690672320,US,RMTS,RMTS,RMTS,choice_match,0
SS1651690672320,US,RMTS,RMTS,RMTS,choice_match,0
SS1651690674639,US,RMTS,RMTS,RMTS,choice_match,1
SS1651690674639,US,RMTS,RMTS,RMTS,choice_match,1
SS1651690674639,US,RMTS,RMTS,RMTS,choice_match,1
SS1651690674639,US,RMTS,RMTS,RMTS,choice_match,1
SS1651690678231,US,RMTS,RMTS,RMTS,choice_match,0
SS1651690678231,US,RMTS,RMTS,RMTS,choice_match,0
SS1651690678231,US,RMTS,RMTS,RMTS,choice_match,0
SS1651690678231,US,RMTS,RMTS,RMTS,choice_match,0
SS1651690678388,US,RMTS,RMTS,RMTS,choice_match,0
SS1651690678388,US,RMTS,RMTS,RMTS,choice_match,0
SS1651690678388,US,RMTS,RMTS,RMTS,choice_match,0
SS1651690678388,US,RMTS,RMTS,RMTS,choice_match,0
SS1651690681690,US,RMTS,RMTS,RMTS,choice_match,1
SS1651690681690,US,RMTS,RMTS,RMTS,choice_match,1
SS1651690681690,US,RMTS,RMTS,RMTS,choice_match,1
SS1651690681690,US,RMTS,RMTS,RMTS,choice_match,1
SS1651690683219,US,RMTS,RMTS,RMTS,choice_match,0
SS1651690683219,US,RMTS,RMTS,RMTS,choice_match,0
SS1651690683219,US,RMTS,RMTS,RMTS,choice_match,0
SS1651690683219,US,RMTS,RMTS,RMTS,choice_match,0
SS1651690685286,US,RMTS,RMTS,RMTS,choice_match,0
SS1651690685286,US,RMTS,RMTS,RMTS,choice_match,0
SS1651690685286,US,RMTS,RMTS,RMTS,choice_match,0
SS1651690685286,US,RMTS,RMTS,RMTS,choice_match,0
SS1651690687499,US,RMTS,RMTS,RMTS,choice_match,1
SS1651690687499,US,RMTS,RMTS,RMTS,choice_match,1
SS1651690687499,US,RMTS,RMTS,RMTS,choice_match,1
SS1651690687499,US,RMTS,RMTS,RMTS,choice_match,1
SS1651690687538,US,RMTS,RMTS,RMTS,choice_match,0
SS1651690687538,US,RMTS,RMTS,RMTS,choice_match,0
SS1651690687538,US,RMTS,RMTS,RMTS,choice_match,0
SS1651690687538,US,RMTS,RMTS,RMTS,choice_match,0
SS1651690691047,US,RMTS,RMTS,RMTS,choice_match,1
SS1651690691047,US,RMTS,RMTS,RMTS,choice_match,1
SS1651690691047,US,RMTS,RMTS,RMTS,choice_match,1
SS1651690691047,US,RMTS,RMTS,RMTS,choice_match,1
SS1651690691327,US,RMTS,RMTS,RMTS,choice_match,0
SS1651690691327,US,RMTS,RMTS,RMTS,choice_match,0
SS1651690691327,US,RMTS,RMTS,RMTS,choice_match,0
SS1651690691327,US,RMTS,RMTS,RMTS,choice_match,0
SS1651690698980,US,RMTS,RMTS,RMTS,choice_match,1
SS1651690698980,US,RMTS,RMTS,RMTS,choice_match,1
SS1651690698980,US,RMTS,RMTS,RMTS,choice_match,1
SS1651690698980,US,RMTS,RMTS,RMTS,choice_match,1
SS1651690706045,US,RMTS,RMTS,RMTS,choice_match,1
SS1651690706045,US,RMTS,RMTS,RMTS,choice_match,0
SS1651690706045,US,RMTS,RMTS,RMTS,choice_match,0
SS1651690706045,US,RMTS,RMTS,RMTS,choice_match,0
SS1651690707343,US,RMTS,RMTS,RMTS,choice_match,1
SS1651690707343,US,RMTS,RMTS,RMTS,choice_match,0
SS1651690707343,US,RMTS,RMTS,RMTS,choice_match,0
SS1651690707343,US,RMTS,RMTS,RMTS,choice_match,0
SS1651690707467,US,RMTS,RMTS,RMTS,choice_match,1
SS1651690707467,US,RMTS,RMTS,RMTS,choice_match,0
SS1651690707467,US,RMTS,RMTS,RMTS,choice_match,0
SS1651690707467,US,RMTS,RMTS,RMTS,choice_match,0
SS1651690708015,US,RMTS,RMTS,RMTS,choice_match,0
SS1651690708015,US,RMTS,RMTS,RMTS,choice_match,0
SS1651690708015,US,RMTS,RMTS,RMTS,choice_match,0
SS1651690708015,US,RMTS,RMTS,RMTS,choice_match,0
SS1651690711805,US,RMTS,RMTS,RMTS,choice_match,1
SS1651690711805,US,RMTS,RMTS,RMTS,choice_match,1
SS1651690711805,US,RMTS,RMTS,RMTS,choice_match,1
SS1651690711805,US,RMTS,RMTS,RMTS,choice_match,1
SS1651690714289,US,RMTS,RMTS,RMTS,choice_match,0
SS1651690714289,US,RMTS,RMTS,RMTS,choice_match,0
SS1651690714289,US,RMTS,RMTS,RMTS,choice_match,0
SS1651690714289,US,RMTS,RMTS,RMTS,choice_match,0
SS1651690719363,US,RMTS,RMTS,RMTS,choice_match,0
SS1651690719363,US,RMTS,RMTS,RMTS,choice_match,0
SS1651690719363,US,RMTS,RMTS,RMTS,choice_match,0
SS1651690719363,US,RMTS,RMTS,RMTS,choice_match,0
SS1651690719510,US,RMTS,RMTS,RMTS,choice_match,0
SS1651690719510,US,RMTS,RMTS,RMTS,choice_match,0
SS1651690719510,US,RMTS,RMTS,RMTS,choice_match,0
SS1651690719510,US,RMTS,RMTS,RMTS,choice_match,0
SS1651690723933,US,RMTS,RMTS,RMTS,choice_match,0
SS1651690723933,US,RMTS,RMTS,RMTS,choice_match,0
SS1651690723933,US,RMTS,RMTS,RMTS,choice_match,0
SS1651690723933,US,RMTS,RMTS,RMTS,choice_match,0
SS1651690727662,US,RMTS,RMTS,RMTS,choice_match,1
SS1651690727662,US,RMTS,RMTS,RMTS,choice_match,1
SS1651690727662,US,RMTS,RMTS,RMTS,choice_match,1
SS1651690727662,US,RMTS,RMTS,RMTS,choice_match,1
SS1651690727759,US,RMTS,RMTS,RMTS,choice_match,1
SS1651690727759,US,RMTS,RMTS,RMTS,choice_match,0
SS1651690727759,US,RMTS,RMTS,RMTS,choice_match,0
SS1651690727759,US,RMTS,RMTS,RMTS,choice_match,0
SS1651690729593,US,RMTS,RMTS,RMTS,choice_match,1
SS1651690729593,US,RMTS,RMTS,RMTS,choice_match,0
SS1651690729593,US,RMTS,RMTS,RMTS,choice_match,0
SS1651690729593,US,RMTS,RMTS,RMTS,choice_match,0
SS1651690730467,US,RMTS,RMTS,RMTS,choice_match,1
SS1651690730467,US,RMTS,RMTS,RMTS,choice_match,1
SS1651690730467,US,RMTS,RMTS,RMTS,choice_match,1
SS1651690730467,US,RMTS,RMTS,RMTS,choice_match,1
SS1651690731537,US,RMTS,RMTS,RMTS,choice_match,0
SS1651690731537,US,RMTS,RMTS,RMTS,choice_match,0
SS1651690731537,US,RMTS,RMTS,RMTS,choice_match,0
SS1651690731537,US,RMTS,RMTS,RMTS,choice_match,0
SS1651690732177,US,RMTS,RMTS,RMTS,choice_match,0
SS1651690732177,US,RMTS,RMTS,RMTS,choice_match,0
SS1651690732177,US,RMTS,RMTS,RMTS,choice_match,0
SS1651690732177,US,RMTS,RMTS,RMTS,choice_match,0
SS1651690735020,US,RMTS,RMTS,RMTS,choice_match,0
SS1651690735020,US,RMTS,RMTS,RMTS,choice_match,0
SS1651690735020,US,RMTS,RMTS,RMTS,choice_match,0
SS1651690735020,US,RMTS,RMTS,RMTS,choice_match,0
SS1651690737808,US,RMTS,RMTS,RMTS,choice_match,1
SS1651690737808,US,RMTS,RMTS,RMTS,choice_match,1
SS1651690737808,US,RMTS,RMTS,RMTS,choice_match,1
SS1651690737808,US,RMTS,RMTS,RMTS,choice_match,1
SS1651690740366,US,RMTS,RMTS,RMTS,choice_match,1
SS1651690740366,US,RMTS,RMTS,RMTS,choice_match,1
SS1651690740366,US,RMTS,RMTS,RMTS,choice_match,1
SS1651690740366,US,RMTS,RMTS,RMTS,choice_match,1
SS1651690741486,US,RMTS,RMTS,RMTS,choice_match,1
SS1651690741486,US,RMTS,RMTS,RMTS,choice_match,1
SS1651690741486,US,RMTS,RMTS,RMTS,choice_match,1
SS1651690741486,US,RMTS,RMTS,RMTS,choice_match,1
SS1651690741942,US,RMTS,RMTS,RMTS,choice_match,1
SS1651690741942,US,RMTS,RMTS,RMTS,choice_match,1
SS1651690741942,US,RMTS,RMTS,RMTS,choice_match,1
SS1651690741942,US,RMTS,RMTS,RMTS,choice_match,1
SS1651690743939,US,RMTS,RMTS,RMTS,choice_match,1
SS1651690743939,US,RMTS,RMTS,RMTS,choice_match,1
SS1651690743939,US,RMTS,RMTS,RMTS,choice_match,1
SS1651690743939,US,RMTS,RMTS,RMTS,choice_match,1
SS1651690748106,US,RMTS,RMTS,RMTS,choice_match,0
SS1651690748106,US,RMTS,RMTS,RMTS,choice_match,0
SS1651690748106,US,RMTS,RMTS,RMTS,choice_match,0
SS1651690748106,US,RMTS,RMTS,RMTS,choice_match,0
SS1651690758188,US,RMTS,RMTS,RMTS,choice_match,1
SS1651690758188,US,RMTS,RMTS,RMTS,choice_match,1
SS1651690758188,US,RMTS,RMTS,RMTS,choice_match,1
SS1651690758188,US,RMTS,RMTS,RMTS,choice_match,1
SS1651690762770,US,RMTS,RMTS,RMTS,choice_match,0
SS1651690762770,US,RMTS,RMTS,RMTS,choice_match,0
SS1651690762770,US,RMTS,RMTS,RMTS,choice_match,0
SS1651690762770,US,RMTS,RMTS,RMTS,choice_match,0
SS1651690768899,US,RMTS,RMTS,RMTS,choice_match,1
SS1651690768899,US,RMTS,RMTS,RMTS,choice_match,0
SS1651690768899,US,RMTS,RMTS,RMTS,choice_match,0
SS1651690768899,US,RMTS,RMTS,RMTS,choice_match,0
SS1651690793463,US,RMTS,RMTS,RMTS,choice_match,1
SS1651690793463,US,RMTS,RMTS,RMTS,choice_match,0
SS1651690793463,US,RMTS,RMTS,RMTS,choice_match,1
SS1651690793463,US,RMTS,RMTS,RMTS,choice_match,0
SS1651690802568,US,RMTS,RMTS,RMTS,choice_match,1
SS1651690802568,US,RMTS,RMTS,RMTS,choice_match,1
SS1651690802568,US,RMTS,RMTS,RMTS,choice_match,1
SS1651690802568,US,RMTS,RMTS,RMTS,choice_match,1
SS1651690810190,US,RMTS,RMTS,RMTS,choice_match,1
SS1651690810190,US,RMTS,RMTS,RMTS,choice_match,1
SS1651690810190,US,RMTS,RMTS,RMTS,choice_match,1
SS1651690810190,US,RMTS,RMTS,RMTS,choice_match,1
SS1651690858692,US,RMTS,RMTS,RMTS,choice_match,0
SS1651690858692,US,RMTS,RMTS,RMTS,choice_match,0
SS1651690858692,US,RMTS,RMTS,RMTS,choice_match,0
SS1651690858692,US,RMTS,RMTS,RMTS,choice_match,1
SS1651690873357,US,RMTS,RMTS,RMTS,choice_match,0
SS1651690873357,US,RMTS,RMTS,RMTS,choice_match,1
SS1651690873357,US,RMTS,RMTS,RMTS,choice_match,0
SS1651690873357,US,RMTS,RMTS,RMTS,choice_match,0
SS1651690892118,US,RMTS,RMTS,RMTS,choice_match,0
SS1651690892118,US,RMTS,RMTS,RMTS,choice_match,0
SS1651690892118,US,RMTS,RMTS,RMTS,choice_match,0
SS1651690892118,US,RMTS,RMTS,RMTS,choice_match,0
SS1651690898679,US,RMTS,RMTS,RMTS,choice_match,1
SS1651690898679,US,RMTS,RMTS,RMTS,choice_match,0
SS1651690898679,US,RMTS,RMTS,RMTS,choice_match,0
SS1651690898679,US,RMTS,RMTS,RMTS,choice_match,0
SS1651690926515,US,RMTS,RMTS,RMTS,choice_match,1
SS1651690926515,US,RMTS,RMTS,RMTS,choice_match,0
SS1651690926515,US,RMTS,RMTS,RMTS,choice_match,0
SS1651690926515,US,RMTS,RMTS,RMTS,choice_match,0
SS1651690932141,US,RMTS,RMTS,RMTS,choice_match,0
SS1651690932141,US,RMTS,RMTS,RMTS,choice_match,0
SS1651690932141,US,RMTS,RMTS,RMTS,choice_match,0
SS1651690932141,US,RMTS,RMTS,RMTS,choice_match,0
SS1651690949027,US,RMTS,RMTS,RMTS,choice_match,0
SS1651690949027,US,RMTS,RMTS,RMTS,choice_match,0
SS1651690949027,US,RMTS,RMTS,RMTS,choice_match,0
SS1651690949027,US,RMTS,RMTS,RMTS,choice_match,0
SS1651691043519,US,RMTS,RMTS,RMTS,choice_match,0
SS1651691043519,US,RMTS,RMTS,RMTS,choice_match,0
SS1651691043519,US,RMTS,RMTS,RMTS,choice_match,0
SS1651691043519,US,RMTS,RMTS,RMTS,choice_match,0
SS1651691175620,US,RMTS,RMTS,RMTS,choice_match,0
SS1651691175620,US,RMTS,RMTS,RMTS,choice_match,0
SS1651691175620,US,RMTS,RMTS,RMTS,choice_match,0
SS1651691175620,US,RMTS,RMTS,RMTS,choice_match,0
SS1651691207769,US,RMTS,RMTS,RMTS,choice_match,0
SS1651691207769,US,RMTS,RMTS,RMTS,choice_match,0
SS1651691207769,US,RMTS,RMTS,RMTS,choice_match,0
SS1651691207769,US,RMTS,RMTS,RMTS,choice_match,0
SS1651691673018,US,RMTS,RMTS,RMTS,choice_match,0
SS1651691673018,US,RMTS,RMTS,RMTS,choice_match,0
SS1651691673018,US,RMTS,RMTS,RMTS,choice_match,0
SS1651691673018,US,RMTS,RMTS,RMTS,choice_match,0
SS1651692016531,US,RMTS,RMTS,RMTS,choice_match,0
SS1651692016531,US,RMTS,RMTS,RMTS,choice_match,0
SS1651692016531,US,RMTS,RMTS,RMTS,choice_match,0
SS1651692016531,US,RMTS,RMTS,RMTS,choice_match,0
SS1651692160397,US,RMTS,RMTS,RMTS,choice_match,1
SS1651692160397,US,RMTS,RMTS,RMTS,choice_match,1
SS1651692160397,US,RMTS,RMTS,RMTS,choice_match,0
SS1651692160397,US,RMTS,RMTS,RMTS,choice_match,1
SS1651694070275,US,RMTS,RMTS,RMTS,choice_match,0
SS1651694070275,US,RMTS,RMTS,RMTS,choice_match,0
SS1651694070275,US,RMTS,RMTS,RMTS,choice_match,0
SS1651694070275,US,RMTS,RMTS,RMTS,choice_match,0
SS1651697396411,US,RMTS,RMTS,RMTS,choice_match,0
SS1651697396411,US,RMTS,RMTS,RMTS,choice_match,0
SS1651697396411,US,RMTS,RMTS,RMTS,choice_match,1
SS1651697396411,US,RMTS,RMTS,RMTS,choice_match,1
SS1651868487521,US,RMTS,RMTS,RMTS,choice_match,1
SS1651868487521,US,RMTS,RMTS,RMTS,choice_match,1
SS1651868487521,US,RMTS,RMTS,RMTS,choice_match,1
SS1651868487521,US,RMTS,RMTS,RMTS,choice_match,1
SS1651868699067,US,RMTS,RMTS,RMTS,choice_match,0
SS1651868699067,US,RMTS,RMTS,RMTS,choice_match,0
SS1651868699067,US,RMTS,RMTS,RMTS,choice_match,0
SS1651868699067,US,RMTS,RMTS,RMTS,choice_match,0
SS1651868701012,US,RMTS,RMTS,RMTS,choice_match,0
SS1651868701012,US,RMTS,RMTS,RMTS,choice_match,0
SS1651868701012,US,RMTS,RMTS,RMTS,choice_match,0
SS1651868701012,US,RMTS,RMTS,RMTS,choice_match,0
SS1651868705438,US,RMTS,RMTS,RMTS,choice_match,1
SS1651868705438,US,RMTS,RMTS,RMTS,choice_match,1
SS1651868705438,US,RMTS,RMTS,RMTS,choice_match,1
SS1651868705438,US,RMTS,RMTS,RMTS,choice_match,1
SS1651868707186,US,RMTS,RMTS,RMTS,choice_match,0
SS1651868707186,US,RMTS,RMTS,RMTS,choice_match,0
SS1651868707186,US,RMTS,RMTS,RMTS,choice_match,0
SS1651868707186,US,RMTS,RMTS,RMTS,choice_match,0
SS1651868708760,US,RMTS,RMTS,RMTS,choice_match,0
SS1651868708760,US,RMTS,RMTS,RMTS,choice_match,0
SS1651868708760,US,RMTS,RMTS,RMTS,choice_match,0
SS1651868708760,US,RMTS,RMTS,RMTS,choice_match,0
SS1651868710355,US,RMTS,RMTS,RMTS,choice_match,1
SS1651868710355,US,RMTS,RMTS,RMTS,choice_match,0
SS1651868710355,US,RMTS,RMTS,RMTS,choice_match,0
SS1651868710355,US,RMTS,RMTS,RMTS,choice_match,0
SS1651868712524,US,RMTS,RMTS,RMTS,choice_match,1
SS1651868712524,US,RMTS,RMTS,RMTS,choice_match,1
SS1651868712524,US,RMTS,RMTS,RMTS,choice_match,1
SS1651868712524,US,RMTS,RMTS,RMTS,choice_match,1
SS1651868713554,US,RMTS,RMTS,RMTS,choice_match,0
SS1651868713554,US,RMTS,RMTS,RMTS,choice_match,0
SS1651868713554,US,RMTS,RMTS,RMTS,choice_match,0
SS1651868713554,US,RMTS,RMTS,RMTS,choice_match,0
SS1651868714312,US,RMTS,RMTS,RMTS,choice_match,1
SS1651868714312,US,RMTS,RMTS,RMTS,choice_match,1
SS1651868714312,US,RMTS,RMTS,RMTS,choice_match,1
SS1651868714312,US,RMTS,RMTS,RMTS,choice_match,1
SS1651868714404,US,RMTS,RMTS,RMTS,choice_match,1
SS1651868714404,US,RMTS,RMTS,RMTS,choice_match,1
SS1651868714404,US,RMTS,RMTS,RMTS,choice_match,1
SS1651868714404,US,RMTS,RMTS,RMTS,choice_match,1
SS1651868716048,US,RMTS,RMTS,RMTS,choice_match,1
SS1651868716048,US,RMTS,RMTS,RMTS,choice_match,1
SS1651868716048,US,RMTS,RMTS,RMTS,choice_match,1
SS1651868716048,US,RMTS,RMTS,RMTS,choice_match,1
SS1651868717843,US,RMTS,RMTS,RMTS,choice_match,1
SS1651868717843,US,RMTS,RMTS,RMTS,choice_match,0
SS1651868717843,US,RMTS,RMTS,RMTS,choice_match,0
SS1651868717843,US,RMTS,RMTS,RMTS,choice_match,1
SS1651868718682,US,RMTS,RMTS,RMTS,choice_match,0
SS1651868718682,US,RMTS,RMTS,RMTS,choice_match,1
SS1651868718682,US,RMTS,RMTS,RMTS,choice_match,1
SS1651868718682,US,RMTS,RMTS,RMTS,choice_match,1
SS1651868720723,US,RMTS,RMTS,RMTS,choice_match,1
SS1651868720723,US,RMTS,RMTS,RMTS,choice_match,0
SS1651868720723,US,RMTS,RMTS,RMTS,choice_match,0
SS1651868720723,US,RMTS,RMTS,RMTS,choice_match,0
SS1651868725160,US,RMTS,RMTS,RMTS,choice_match,0
SS1651868725160,US,RMTS,RMTS,RMTS,choice_match,0
SS1651868725160,US,RMTS,RMTS,RMTS,choice_match,0
SS1651868725160,US,RMTS,RMTS,RMTS,choice_match,0
SS1651868731784,US,RMTS,RMTS,RMTS,choice_match,1
SS1651868731784,US,RMTS,RMTS,RMTS,choice_match,1
SS1651868731784,US,RMTS,RMTS,RMTS,choice_match,0
SS1651868731784,US,RMTS,RMTS,RMTS,choice_match,0
SS1651868736601,US,RMTS,RMTS,RMTS,choice_match,1
SS1651868736601,US,RMTS,RMTS,RMTS,choice_match,1
SS1651868736601,US,RMTS,RMTS,RMTS,choice_match,1
SS1651868736601,US,RMTS,RMTS,RMTS,choice_match,1
SS1651868738305,US,RMTS,RMTS,RMTS,choice_match,1
SS1651868738305,US,RMTS,RMTS,RMTS,choice_match,0
SS1651868738305,US,RMTS,RMTS,RMTS,choice_match,0
SS1651868738305,US,RMTS,RMTS,RMTS,choice_match,0
SS1651868744832,US,RMTS,RMTS,RMTS,choice_match,1
SS1651868744832,US,RMTS,RMTS,RMTS,choice_match,1
SS1651868744832,US,RMTS,RMTS,RMTS,choice_match,1
SS1651868744832,US,RMTS,RMTS,RMTS,choice_match,1
SS1651868744957,US,RMTS,RMTS,RMTS,choice_match,1
SS1651868744957,US,RMTS,RMTS,RMTS,choice_match,1
SS1651868744957,US,RMTS,RMTS,RMTS,choice_match,1
SS1651868744957,US,RMTS,RMTS,RMTS,choice_match,1
SS1651868745180,US,RMTS,RMTS,RMTS,choice_match,0
SS1651868745180,US,RMTS,RMTS,RMTS,choice_match,0
SS1651868745180,US,RMTS,RMTS,RMTS,choice_match,0
SS1651868745180,US,RMTS,RMTS,RMTS,choice_match,0
SS1651868745703,US,RMTS,RMTS,RMTS,choice_match,0
SS1651868745703,US,RMTS,RMTS,RMTS,choice_match,0
SS1651868745703,US,RMTS,RMTS,RMTS,choice_match,0
SS1651868745703,US,RMTS,RMTS,RMTS,choice_match,0
SS1651868751261,US,RMTS,RMTS,RMTS,choice_match,1
SS1651868751261,US,RMTS,RMTS,RMTS,choice_match,0
SS1651868751261,US,RMTS,RMTS,RMTS,choice_match,0
SS1651868751261,US,RMTS,RMTS,RMTS,choice_match,0
SS1651868754302,US,RMTS,RMTS,RMTS,choice_match,0
SS1651868754302,US,RMTS,RMTS,RMTS,choice_match,0
SS1651868754302,US,RMTS,RMTS,RMTS,choice_match,0
SS1651868754302,US,RMTS,RMTS,RMTS,choice_match,0
SS1651868756130,US,RMTS,RMTS,RMTS,choice_match,0
SS1651868756130,US,RMTS,RMTS,RMTS,choice_match,0
SS1651868756130,US,RMTS,RMTS,RMTS,choice_match,0
SS1651868756130,US,RMTS,RMTS,RMTS,choice_match,0
SS1651868757005,US,RMTS,RMTS,RMTS,choice_match,1
SS1651868757005,US,RMTS,RMTS,RMTS,choice_match,1
SS1651868757005,US,RMTS,RMTS,RMTS,choice_match,1
SS1651868757005,US,RMTS,RMTS,RMTS,choice_match,1
SS1651868767690,US,RMTS,RMTS,RMTS,choice_match,1
SS1651868767690,US,RMTS,RMTS,RMTS,choice_match,1
SS1651868767690,US,RMTS,RMTS,RMTS,choice_match,1
SS1651868767690,US,RMTS,RMTS,RMTS,choice_match,1
SS1651868773205,US,RMTS,RMTS,RMTS,choice_match,1
SS1651868773205,US,RMTS,RMTS,RMTS,choice_match,1
SS1651868773205,US,RMTS,RMTS,RMTS,choice_match,1
SS1651868773205,US,RMTS,RMTS,RMTS,choice_match,1
SS1651868778604,US,RMTS,RMTS,RMTS,choice_match,1
SS1651868778604,US,RMTS,RMTS,RMTS,choice_match,0
SS1651868778604,US,RMTS,RMTS,RMTS,choice_match,0
SS1651868778604,US,RMTS,RMTS,RMTS,choice_match,0
SS1651868779378,US,RMTS,RMTS,RMTS,choice_match,1
SS1651868779378,US,RMTS,RMTS,RMTS,choice_match,1
SS1651868779378,US,RMTS,RMTS,RMTS,choice_match,1
SS1651868779378,US,RMTS,RMTS,RMTS,choice_match,1
SS1651868780067,US,RMTS,RMTS,RMTS,choice_match,1
SS1651868780067,US,RMTS,RMTS,RMTS,choice_match,0
SS1651868780067,US,RMTS,RMTS,RMTS,choice_match,0
SS1651868780067,US,RMTS,RMTS,RMTS,choice_match,0
SS1651868782330,US,RMTS,RMTS,RMTS,choice_match,1
SS1651868782330,US,RMTS,RMTS,RMTS,choice_match,0
SS1651868782330,US,RMTS,RMTS,RMTS,choice_match,0
SS1651868782330,US,RMTS,RMTS,RMTS,choice_match,0
SS1651868783532,US,RMTS,RMTS,RMTS,choice_match,0
SS1651868783532,US,RMTS,RMTS,RMTS,choice_match,0
SS1651868783532,US,RMTS,RMTS,RMTS,choice_match,0
SS1651868783532,US,RMTS,RMTS,RMTS,choice_match,0
SS1651868784777,US,RMTS,RMTS,RMTS,choice_match,0
SS1651868784777,US,RMTS,RMTS,RMTS,choice_match,0
SS1651868784777,US,RMTS,RMTS,RMTS,choice_match,0
SS1651868784777,US,RMTS,RMTS,RMTS,choice_match,0
SS1651868788340,US,RMTS,RMTS,RMTS,choice_match,1
SS1651868788340,US,RMTS,RMTS,RMTS,choice_match,0
SS1651868788340,US,RMTS,RMTS,RMTS,choice_match,0
SS1651868788340,US,RMTS,RMTS,RMTS,choice_match,0
SS1651868788402,US,RMTS,RMTS,RMTS,choice_match,0
SS1651868788402,US,RMTS,RMTS,RMTS,choice_match,0
SS1651868788402,US,RMTS,RMTS,RMTS,choice_match,0
SS1651868788402,US,RMTS,RMTS,RMTS,choice_match,0
SS1651868793732,US,RMTS,RMTS,RMTS,choice_match,1
SS1651868793732,US,RMTS,RMTS,RMTS,choice_match,0
SS1651868793732,US,RMTS,RMTS,RMTS,choice_match,0
SS1651868793732,US,RMTS,RMTS,RMTS,choice_match,0
SS1651868795565,US,RMTS,RMTS,RMTS,choice_match,0
SS1651868795565,US,RMTS,RMTS,RMTS,choice_match,0
SS1651868795565,US,RMTS,RMTS,RMTS,choice_match,1
SS1651868795565,US,RMTS,RMTS,RMTS,choice_match,0
SS1651868796147,US,RMTS,RMTS,RMTS,choice_match,1
SS1651868796147,US,RMTS,RMTS,RMTS,choice_match,1
SS1651868796147,US,RMTS,RMTS,RMTS,choice_match,1
SS1651868796147,US,RMTS,RMTS,RMTS,choice_match,1
SS1651868796810,US,RMTS,RMTS,RMTS,choice_match,0
SS1651868796810,US,RMTS,RMTS,RMTS,choice_match,0
SS1651868796810,US,RMTS,RMTS,RMTS,choice_match,0
SS1651868796810,US,RMTS,RMTS,RMTS,choice_match,0
SS1651868799606,US,RMTS,RMTS,RMTS,choice_match,0
SS1651868799606,US,RMTS,RMTS,RMTS,choice_match,0
SS1651868799606,US,RMTS,RMTS,RMTS,choice_match,0
SS1651868799606,US,RMTS,RMTS,RMTS,choice_match,0
SS1651868800189,US,RMTS,RMTS,RMTS,choice_match,0
SS1651868800189,US,RMTS,RMTS,RMTS,choice_match,0
SS1651868800189,US,RMTS,RMTS,RMTS,choice_match,0
SS1651868800189,US,RMTS,RMTS,RMTS,choice_match,0
SS1651868802451,US,RMTS,RMTS,RMTS,choice_match,1
SS1651868802451,US,RMTS,RMTS,RMTS,choice_match,1
SS1651868802451,US,RMTS,RMTS,RMTS,choice_match,1
SS1651868802451,US,RMTS,RMTS,RMTS,choice_match,1
SS1651868810933,US,RMTS,RMTS,RMTS,choice_match,1
SS1651868810933,US,RMTS,RMTS,RMTS,choice_match,0
SS1651868810933,US,RMTS,RMTS,RMTS,choice_match,0
SS1651868810933,US,RMTS,RMTS,RMTS,choice_match,0
SS1651868811761,US,RMTS,RMTS,RMTS,choice_match,1
SS1651868811761,US,RMTS,RMTS,RMTS,choice_match,1
SS1651868811761,US,RMTS,RMTS,RMTS,choice_match,1
SS1651868811761,US,RMTS,RMTS,RMTS,choice_match,1
SS1651868811860,US,RMTS,RMTS,RMTS,choice_match,1
SS1651868811860,US,RMTS,RMTS,RMTS,choice_match,1
SS1651868811860,US,RMTS,RMTS,RMTS,choice_match,1
SS1651868811860,US,RMTS,RMTS,RMTS,choice_match,1
SS1651868812123,US,RMTS,RMTS,RMTS,choice_match,1
SS1651868812123,US,RMTS,RMTS,RMTS,choice_match,1
SS1651868812123,US,RMTS,RMTS,RMTS,choice_match,1
SS1651868812123,US,RMTS,RMTS,RMTS,choice_match,1
SS1651868816028,US,RMTS,RMTS,RMTS,choice_match,0
SS1651868816028,US,RMTS,RMTS,RMTS,choice_match,0
SS1651868816028,US,RMTS,RMTS,RMTS,choice_match,0
SS1651868816028,US,RMTS,RMTS,RMTS,choice_match,0
SS1651868817160,US,RMTS,RMTS,RMTS,choice_match,0
SS1651868817160,US,RMTS,RMTS,RMTS,choice_match,0
SS1651868817160,US,RMTS,RMTS,RMTS,choice_match,0
SS1651868817160,US,RMTS,RMTS,RMTS,choice_match,0
SS1651868817171,US,RMTS,RMTS,RMTS,choice_match,1
SS1651868817171,US,RMTS,RMTS,RMTS,choice_match,1
SS1651868817171,US,RMTS,RMTS,RMTS,choice_match,1
SS1651868817171,US,RMTS,RMTS,RMTS,choice_match,1
SS1651868820237,US,RMTS,RMTS,RMTS,choice_match,1
SS1651868820237,US,RMTS,RMTS,RMTS,choice_match,1
SS1651868820237,US,RMTS,RMTS,RMTS,choice_match,1
SS1651868820237,US,RMTS,RMTS,RMTS,choice_match,1
SS1651868826063,US,RMTS,RMTS,RMTS,choice_match,1
SS1651868826063,US,RMTS,RMTS,RMTS,choice_match,0
SS1651868826063,US,RMTS,RMTS,RMTS,choice_match,0
SS1651868826063,US,RMTS,RMTS,RMTS,choice_match,0
SS1651868827795,US,RMTS,RMTS,RMTS,choice_match,1
SS1651868827795,US,RMTS,RMTS,RMTS,choice_match,0
SS1651868827795,US,RMTS,RMTS,RMTS,choice_match,0
SS1651868827795,US,RMTS,RMTS,RMTS,choice_match,1
SS1651868828049,US,RMTS,RMTS,RMTS,choice_match,1
SS1651868828049,US,RMTS,RMTS,RMTS,choice_match,1
SS1651868828049,US,RMTS,RMTS,RMTS,choice_match,1
SS1651868828049,US,RMTS,RMTS,RMTS,choice_match,1
SS1651868830966,US,RMTS,RMTS,RMTS,choice_match,0
SS1651868830966,US,RMTS,RMTS,RMTS,choice_match,0
SS1651868830966,US,RMTS,RMTS,RMTS,choice_match,0
SS1651868830966,US,RMTS,RMTS,RMTS,choice_match,0
SS1651868834466,US,RMTS,RMTS,RMTS,choice_match,1
SS1651868834466,US,RMTS,RMTS,RMTS,choice_match,1
SS1651868834466,US,RMTS,RMTS,RMTS,choice_match,1
SS1651868834466,US,RMTS,RMTS,RMTS,choice_match,1
SS1651868837282,US,RMTS,RMTS,RMTS,choice_match,0
SS1651868837282,US,RMTS,RMTS,RMTS,choice_match,0
SS1651868837282,US,RMTS,RMTS,RMTS,choice_match,0
SS1651868837282,US,RMTS,RMTS,RMTS,choice_match,0
SS1651868839147,US,RMTS,RMTS,RMTS,choice_match,0
SS1651868839147,US,RMTS,RMTS,RMTS,choice_match,0
SS1651868839147,US,RMTS,RMTS,RMTS,choice_match,0
SS1651868839147,US,RMTS,RMTS,RMTS,choice_match,0
SS1651868839906,US,RMTS,RMTS,RMTS,choice_match,0
SS1651868839906,US,RMTS,RMTS,RMTS,choice_match,0
SS1651868839906,US,RMTS,RMTS,RMTS,choice_match,0
SS1651868839906,US,RMTS,RMTS,RMTS,choice_match,0
SS1651868840289,US,RMTS,RMTS,RMTS,choice_match,0
SS1651868840289,US,RMTS,RMTS,RMTS,choice_match,0
SS1651868840289,US,RMTS,RMTS,RMTS,choice_match,0
SS1651868840289,US,RMTS,RMTS,RMTS,choice_match,0
SS1651868840790,US,RMTS,RMTS,RMTS,choice_match,1
SS1651868840790,US,RMTS,RMTS,RMTS,choice_match,1
SS1651868840790,US,RMTS,RMTS,RMTS,choice_match,1
SS1651868840790,US,RMTS,RMTS,RMTS,choice_match,1
SS1651868850581,US,RMTS,RMTS,RMTS,choice_match,1
SS1651868850581,US,RMTS,RMTS,RMTS,choice_match,1
SS1651868850581,US,RMTS,RMTS,RMTS,choice_match,1
SS1651868850581,US,RMTS,RMTS,RMTS,choice_match,1
SS1651868852345,US,RMTS,RMTS,RMTS,choice_match,1
SS1651868852345,US,RMTS,RMTS,RMTS,choice_match,1
SS1651868852345,US,RMTS,RMTS,RMTS,choice_match,1
SS1651868852345,US,RMTS,RMTS,RMTS,choice_match,1
SS1651868868975,US,RMTS,RMTS,RMTS,choice_match,1
SS1651868868975,US,RMTS,RMTS,RMTS,choice_match,0
SS1651868868975,US,RMTS,RMTS,RMTS,choice_match,0
SS1651868868975,US,RMTS,RMTS,RMTS,choice_match,0
SS1651868873914,US,RMTS,RMTS,RMTS,choice_match,0
SS1651868873914,US,RMTS,RMTS,RMTS,choice_match,0
SS1651868873914,US,RMTS,RMTS,RMTS,choice_match,0
SS1651868873914,US,RMTS,RMTS,RMTS,choice_match,1
SS1651868876318,US,RMTS,RMTS,RMTS,choice_match,1
SS1651868876318,US,RMTS,RMTS,RMTS,choice_match,0
SS1651868876318,US,RMTS,RMTS,RMTS,choice_match,0
SS1651868876318,US,RMTS,RMTS,RMTS,choice_match,0
SS1651868901145,US,RMTS,RMTS,RMTS,choice_match,1
SS1651868901145,US,RMTS,RMTS,RMTS,choice_match,1
SS1651868901145,US,RMTS,RMTS,RMTS,choice_match,1
SS1651868901145,US,RMTS,RMTS,RMTS,choice_match,1
SS1651868924360,US,RMTS,RMTS,RMTS,choice_match,1
SS1651868924360,US,RMTS,RMTS,RMTS,choice_match,0
SS1651868924360,US,RMTS,RMTS,RMTS,choice_match,0
SS1651868924360,US,RMTS,RMTS,RMTS,choice_match,0
SS1651868966456,US,RMTS,RMTS,RMTS,choice_match,0
SS1651868966456,US,RMTS,RMTS,RMTS,choice_match,0
SS1651868966456,US,RMTS,RMTS,RMTS,choice_match,0
SS1651868966456,US,RMTS,RMTS,RMTS,choice_match,0
SS1651869014963,US,RMTS,RMTS,RMTS,choice_match,1
SS1651869014963,US,RMTS,RMTS,RMTS,choice_match,1
SS1651869014963,US,RMTS,RMTS,RMTS,choice_match,1
SS1651869014963,US,RMTS,RMTS,RMTS,choice_match,1
SS1651869017878,US,RMTS,RMTS,RMTS,choice_match,1
SS1651869017878,US,RMTS,RMTS,RMTS,choice_match,1
SS1651869017878,US,RMTS,RMTS,RMTS,choice_match,1
SS1651869017878,US,RMTS,RMTS,RMTS,choice_match,1
SS1651869021473,US,RMTS,RMTS,RMTS,choice_match,1
SS1651869021473,US,RMTS,RMTS,RMTS,choice_match,1
SS1651869021473,US,RMTS,RMTS,RMTS,choice_match,1
SS1651869021473,US,RMTS,RMTS,RMTS,choice_match,1
SS1651869024622,US,RMTS,RMTS,RMTS,choice_match,0
SS1651869024622,US,RMTS,RMTS,RMTS,choice_match,0
SS1651869024622,US,RMTS,RMTS,RMTS,choice_match,0
SS1651869024622,US,RMTS,RMTS,RMTS,choice_match,0
SS1651869038791,US,RMTS,RMTS,RMTS,choice_match,1
SS1651869038791,US,RMTS,RMTS,RMTS,choice_match,1
SS1651869038791,US,RMTS,RMTS,RMTS,choice_match,1
SS1651869038791,US,RMTS,RMTS,RMTS,choice_match,1
SS1651869076619,US,RMTS,RMTS,RMTS,choice_match,1
SS1651869076619,US,RMTS,RMTS,RMTS,choice_match,0
SS1651869076619,US,RMTS,RMTS,RMTS,choice_match,0
SS1651869076619,US,RMTS,RMTS,RMTS,choice_match,0
SS1651869096666,US,RMTS,RMTS,RMTS,choice_match,1
SS1651869096666,US,RMTS,RMTS,RMTS,choice_match,1
SS1651869096666,US,RMTS,RMTS,RMTS,choice_match,1
SS1651869096666,US,RMTS,RMTS,RMTS,choice_match,1
SS1651869107778,US,RMTS,RMTS,RMTS,choice_match,0
SS1651869107778,US,RMTS,RMTS,RMTS,choice_match,0
SS1651869107778,US,RMTS,RMTS,RMTS,choice_match,0
SS1651869107778,US,RMTS,RMTS,RMTS,choice_match,0
SS1651869115143,US,RMTS,RMTS,RMTS,choice_match,1
SS1651869115143,US,RMTS,RMTS,RMTS,choice_match,1
SS1651869115143,US,RMTS,RMTS,RMTS,choice_match,1
SS1651869115143,US,RMTS,RMTS,RMTS,choice_match,1
SS1651869117517,US,RMTS,RMTS,RMTS,choice_match,0
SS1651869117517,US,RMTS,RMTS,RMTS,choice_match,0
SS1651869117517,US,RMTS,RMTS,RMTS,choice_match,1
SS1651869117517,US,RMTS,RMTS,RMTS,choice_match,0
SS1651869119140,US,RMTS,RMTS,RMTS,choice_match,0
SS1651869119140,US,RMTS,RMTS,RMTS,choice_match,0
SS1651869119140,US,RMTS,RMTS,RMTS,choice_match,0
SS1651869119140,US,RMTS,RMTS,RMTS,choice_match,0
SS1651869128913,US,RMTS,RMTS,RMTS,choice_match,0
SS1651869128913,US,RMTS,RMTS,RMTS,choice_match,0
SS1651869128913,US,RMTS,RMTS,RMTS,choice_match,0
SS1651869128913,US,RMTS,RMTS,RMTS,choice_match,0
SS1651869192697,US,RMTS,RMTS,RMTS,choice_match,1
SS1651869192697,US,RMTS,RMTS,RMTS,choice_match,1
SS1651869192697,US,RMTS,RMTS,RMTS,choice_match,1
SS1651869192697,US,RMTS,RMTS,RMTS,choice_match,0
SS1651869198002,US,RMTS,RMTS,RMTS,choice_match,0
SS1651869198002,US,RMTS,RMTS,RMTS,choice_match,0
SS1651869198002,US,RMTS,RMTS,RMTS,choice_match,0
SS1651869198002,US,RMTS,RMTS,RMTS,choice_match,0
SS1651869512955,US,RMTS,RMTS,RMTS,choice_match,1
SS1651869512955,US,RMTS,RMTS,RMTS,choice_match,0
SS1651869512955,US,RMTS,RMTS,RMTS,choice_match,0
SS1651869512955,US,RMTS,RMTS,RMTS,choice_match,0
SS1651869609511,US,RMTS,RMTS,RMTS,choice_match,0
SS1651869609511,US,RMTS,RMTS,RMTS,choice_match,0
SS1651869609511,US,RMTS,RMTS,RMTS,choice_match,0
SS1651869609511,US,RMTS,RMTS,RMTS,choice_match,0
SS1651869808693,US,RMTS,RMTS,RMTS,choice_match,0
SS1651869808693,US,RMTS,RMTS,RMTS,choice_match,0
SS1651869808693,US,RMTS,RMTS,RMTS,choice_match,0
SS1651869808693,US,RMTS,RMTS,RMTS,choice_match,0
SS1651869849200,US,RMTS,RMTS,RMTS,choice_match,1
SS1651869849200,US,RMTS,RMTS,RMTS,choice_match,1
SS1651869849200,US,RMTS,RMTS,RMTS,choice_match,1
SS1651869849200,US,RMTS,RMTS,RMTS,choice_match,1
SS1651870014949,US,RMTS,RMTS,RMTS,choice_match,1
SS1651870014949,US,RMTS,RMTS,RMTS,choice_match,1
SS1651870014949,US,RMTS,RMTS,RMTS,choice_match,1
SS1651870014949,US,RMTS,RMTS,RMTS,choice_match,1
SS1651870238624,US,RMTS,RMTS,RMTS,choice_match,1
SS1651870238624,US,RMTS,RMTS,RMTS,choice_match,0
SS1651870238624,US,RMTS,RMTS,RMTS,choice_match,0
SS1651870238624,US,RMTS,RMTS,RMTS,choice_match,0
SS1651870376242,US,RMTS,RMTS,RMTS,choice_match,1
SS1651870376242,US,RMTS,RMTS,RMTS,choice_match,0
SS1651870376242,US,RMTS,RMTS,RMTS,choice_match,0
SS1651870376242,US,RMTS,RMTS,RMTS,choice_match,0
SS1651870443746,US,RMTS,RMTS,RMTS,choice_match,1
SS1651870443746,US,RMTS,RMTS,RMTS,choice_match,0
SS1651870443746,US,RMTS,RMTS,RMTS,choice_match,0
SS1651870443746,US,RMTS,RMTS,RMTS,choice_match,0
SS1651871550730,US,RMTS,RMTS,RMTS,choice_match,0
SS1651871550730,US,RMTS,RMTS,RMTS,choice_match,0
SS1651871550730,US,RMTS,RMTS,RMTS,choice_match,0
SS1651871550730,US,RMTS,RMTS,RMTS,choice_match,0
SS1651871841115,US,RMTS,RMTS,RMTS,choice_match,1
SS1651871841115,US,RMTS,RMTS,RMTS,choice_match,1
SS1651871841115,US,RMTS,RMTS,RMTS,choice_match,1
SS1651871841115,US,RMTS,RMTS,RMTS,choice_match,1
SS1651871889261,US,RMTS,RMTS,RMTS,choice_match,1
SS1651871889261,US,RMTS,RMTS,RMTS,choice_match,1
SS1651871889261,US,RMTS,RMTS,RMTS,choice_match,0
SS1651871889261,US,RMTS,RMTS,RMTS,choice_match,1
SS1651872480719,US,RMTS,RMTS,RMTS,choice_match,1
SS1651872480719,US,RMTS,RMTS,RMTS,choice_match,1
SS1651872480719,US,RMTS,RMTS,RMTS,choice_match,1
SS1651872480719,US,RMTS,RMTS,RMTS,choice_match,1
SS1651873332890,US,RMTS,RMTS,RMTS,choice_match,1
SS1651873332890,US,RMTS,RMTS,RMTS,choice_match,1
SS1651873332890,US,RMTS,RMTS,RMTS,choice_match,1
SS1651873332890,US,RMTS,RMTS,RMTS,choice_match,0
SS1651873359386,US,RMTS,RMTS,RMTS,choice_match,0
SS1651873359386,US,RMTS,RMTS,RMTS,choice_match,0
SS1651873359386,US,RMTS,RMTS,RMTS,choice_match,0
SS1651873359386,US,RMTS,RMTS,RMTS,choice_match,0
SS1651878926426,US,RMTS,RMTS,RMTS,choice_match,0
SS1651878926426,US,RMTS,RMTS,RMTS,choice_match,0
SS1651878926426,US,RMTS,RMTS,RMTS,choice_match,0
SS1651878926426,US,RMTS,RMTS,RMTS,choice_match,0
SS1651878928252,US,RMTS,RMTS,RMTS,choice_match,1
SS1651878928252,US,RMTS,RMTS,RMTS,choice_match,1
SS1651878928252,US,RMTS,RMTS,RMTS,choice_match,1
SS1651878928252,US,RMTS,RMTS,RMTS,choice_match,1
SS1651544690789,CN,RMTS,RMTS,RMTS,choice_match,1
SS1651544690789,CN,RMTS,RMTS,RMTS,choice_match,1
SS1651544690789,CN,RMTS,RMTS,RMTS,choice_match,1
SS1651544690789,CN,RMTS,RMTS,RMTS,choice_match,1
SS1651544913549,CN,RMTS,RMTS,RMTS,choice_match,0
SS1651544913549,CN,RMTS,RMTS,RMTS,choice_match,0
SS1651544913549,CN,RMTS,RMTS,RMTS,choice_match,0
SS1651544913549,CN,RMTS,RMTS,RMTS,choice_match,0
SS1651545081461,CN,RMTS,RMTS,RMTS,choice_match,0
SS1651545081461,CN,RMTS,RMTS,RMTS,choice_match,0
SS1651545081461,CN,RMTS,RMTS,RMTS,choice_match,0
SS1651545081461,CN,RMTS,RMTS,RMTS,choice_match,0
SS1651545105150,CN,RMTS,RMTS,RMTS,choice_match,0
SS1651545105150,CN,RMTS,RMTS,RMTS,choice_match,0
SS1651545105150,CN,RMTS,RMTS,RMTS,choice_match,0
SS1651545105150,CN,RMTS,RMTS,RMTS,choice_match,0
SS1651545107281,CN,RMTS,RMTS,RMTS,choice_match,1
SS1651545107281,CN,RMTS,RMTS,RMTS,choice_match,1
SS1651545107281,CN,RMTS,RMTS,RMTS,choice_match,1
SS1651545107281,CN,RMTS,RMTS,RMTS,choice_match,1
SS1651545123067,CN,RMTS,RMTS,RMTS,choice_match,0
SS1651545123067,CN,RMTS,RMTS,RMTS,choice_match,0
SS1651545123067,CN,RMTS,RMTS,RMTS,choice_match,0
SS1651545123067,CN,RMTS,RMTS,RMTS,choice_match,0
SS1651545188145,CN,RMTS,RMTS,RMTS,choice_match,1
SS1651545188145,CN,RMTS,RMTS,RMTS,choice_match,1
SS1651545188145,CN,RMTS,RMTS,RMTS,choice_match,1
SS1651545188145,CN,RMTS,RMTS,RMTS,choice_match,1
SS1651545279588,CN,RMTS,RMTS,RMTS,choice_match,1
SS1651545279588,CN,RMTS,RMTS,RMTS,choice_match,1
SS1651545279588,CN,RMTS,RMTS,RMTS,choice_match,1
SS1651545279588,CN,RMTS,RMTS,RMTS,choice_match,1
SS1651545285513,CN,RMTS,RMTS,RMTS,choice_match,0
SS1651545285513,CN,RMTS,RMTS,RMTS,choice_match,0
SS1651545285513,CN,RMTS,RMTS,RMTS,choice_match,1
SS1651545285513,CN,RMTS,RMTS,RMTS,choice_match,1
SS1651545357097,CN,RMTS,RMTS,RMTS,choice_match,1
SS1651545357097,CN,RMTS,RMTS,RMTS,choice_match,1
SS1651545357097,CN,RMTS,RMTS,RMTS,choice_match,1
SS1651545357097,CN,RMTS,RMTS,RMTS,choice_match,1
SS1651545751233,CN,RMTS,RMTS,RMTS,choice_match,0
SS1651545751233,CN,RMTS,RMTS,RMTS,choice_match,0
SS1651545751233,CN,RMTS,RMTS,RMTS,choice_match,0
SS1651545751233,CN,RMTS,RMTS,RMTS,choice_match,0
SS1651546122639,CN,RMTS,RMTS,RMTS,choice_match,1
SS1651546122639,CN,RMTS,RMTS,RMTS,choice_match,0
SS1651546122639,CN,RMTS,RMTS,RMTS,choice_match,0
SS1651546122639,CN,RMTS,RMTS,RMTS,choice_match,0
SS1651546827542,CN,RMTS,RMTS,RMTS,choice_match,1
SS1651546827542,CN,RMTS,RMTS,RMTS,choice_match,1
SS1651546827542,CN,RMTS,RMTS,RMTS,choice_match,1
SS1651546827542,CN,RMTS,RMTS,RMTS,choice_match,1
SS1651546915326,CN,RMTS,RMTS,RMTS,choice_match,0
SS1651546915326,CN,RMTS,RMTS,RMTS,choice_match,0
SS1651546915326,CN,RMTS,RMTS,RMTS,choice_match,1
SS1651546915326,CN,RMTS,RMTS,RMTS,choice_match,1
SS1651547162777,CN,RMTS,RMTS,RMTS,choice_match,0
SS1651547162777,CN,RMTS,RMTS,RMTS,choice_match,1
SS1651547162777,CN,RMTS,RMTS,RMTS,choice_match,1
SS1651547162777,CN,RMTS,RMTS,RMTS,choice_match,1
SS1651548143005,CN,RMTS,RMTS,RMTS,choice_match,0
SS1651548143005,CN,RMTS,RMTS,RMTS,choice_match,0
SS1651548143005,CN,RMTS,RMTS,RMTS,choice_match,0
SS1651548143005,CN,RMTS,RMTS,RMTS,choice_match,0
SS1651552135862,CN,RMTS,RMTS,RMTS,choice_match,1
SS1651552135862,CN,RMTS,RMTS,RMTS,choice_match,1
SS1651552135862,CN,RMTS,RMTS,RMTS,choice_match,0
SS1651552135862,CN,RMTS,RMTS,RMTS,choice_match,0
SS1651552362039,CN,RMTS,RMTS,RMTS,choice_match,1
SS1651552362039,CN,RMTS,RMTS,RMTS,choice_match,1
SS1651552362039,CN,RMTS,RMTS,RMTS,choice_match,1
SS1651552362039,CN,RMTS,RMTS,RMTS,choice_match,1
SS1651552837542,CN,RMTS,RMTS,RMTS,choice_match,1
SS1651552837542,CN,RMTS,RMTS,RMTS,choice_match,1
SS1651552837542,CN,RMTS,RMTS,RMTS,choice_match,1
SS1651552837542,CN,RMTS,RMTS,RMTS,choice_match,1
SS1651553474432,CN,RMTS,RMTS,RMTS,choice_match,1
SS1651553474432,CN,RMTS,RMTS,RMTS,choice_match,1
SS1651553474432,CN,RMTS,RMTS,RMTS,choice_match,0
SS1651553474432,CN,RMTS,RMTS,RMTS,choice_match,1
SS1651553913160,CN,RMTS,RMTS,RMTS,choice_match,0
SS1651553913160,CN,RMTS,RMTS,RMTS,choice_match,0
SS1651553913160,CN,RMTS,RMTS,RMTS,choice_match,0
SS1651553913160,CN,RMTS,RMTS,RMTS,choice_match,0
SS1651553969715,CN,RMTS,RMTS,RMTS,choice_match,0
SS1651553969715,CN,RMTS,RMTS,RMTS,choice_match,0
SS1651553969715,CN,RMTS,RMTS,RMTS,choice_match,0
SS1651553969715,CN,RMTS,RMTS,RMTS,choice_match,0
SS1651554145523,CN,RMTS,RMTS,RMTS,choice_match,1
SS1651554145523,CN,RMTS,RMTS,RMTS,choice_match,1
SS1651554145523,CN,RMTS,RMTS,RMTS,choice_match,1
SS1651554145523,CN,RMTS,RMTS,RMTS,choice_match,1
SS1651554184228,CN,RMTS,RMTS,RMTS,choice_match,0
SS1651554184228,CN,RMTS,RMTS,RMTS,choice_match,0
SS1651554184228,CN,RMTS,RMTS,RMTS,choice_match,0
SS1651554184228,CN,RMTS,RMTS,RMTS,choice_match,0
SS1651554284065,CN,RMTS,RMTS,RMTS,choice_match,1
SS1651554284065,CN,RMTS,RMTS,RMTS,choice_match,0
SS1651554284065,CN,RMTS,RMTS,RMTS,choice_match,0
SS1651554284065,CN,RMTS,RMTS,RMTS,choice_match,0
SS1651554809980,CN,RMTS,RMTS,RMTS,choice_match,1
SS1651554809980,CN,RMTS,RMTS,RMTS,choice_match,0
SS1651554809980,CN,RMTS,RMTS,RMTS,choice_match,0
SS1651554809980,CN,RMTS,RMTS,RMTS,choice_match,0
SS1651559729763,CN,RMTS,RMTS,RMTS,choice_match,1
SS1651559729763,CN,RMTS,RMTS,RMTS,choice_match,0
SS1651559729763,CN,RMTS,RMTS,RMTS,choice_match,0
SS1651559729763,CN,RMTS,RMTS,RMTS,choice_match,0
SS1651560025455,CN,RMTS,RMTS,RMTS,choice_match,0
SS1651560025455,CN,RMTS,RMTS,RMTS,choice_match,0
SS1651560025455,CN,RMTS,RMTS,RMTS,choice_match,0
SS1651560025455,CN,RMTS,RMTS,RMTS,choice_match,0
SS1651561685665,CN,RMTS,RMTS,RMTS,choice_match,1
SS1651561685665,CN,RMTS,RMTS,RMTS,choice_match,0
SS1651561685665,CN,RMTS,RMTS,RMTS,choice_match,0
SS1651561685665,CN,RMTS,RMTS,RMTS,choice_match,0
SS1651562034956,CN,RMTS,RMTS,RMTS,choice_match,0
SS1651562034956,CN,RMTS,RMTS,RMTS,choice_match,0
SS1651562034956,CN,RMTS,RMTS,RMTS,choice_match,0
SS1651562034956,CN,RMTS,RMTS,RMTS,choice_match,0
SS1651562868228,CN,RMTS,RMTS,RMTS,choice_match,1
SS1651562868228,CN,RMTS,RMTS,RMTS,choice_match,1
SS1651562868228,CN,RMTS,RMTS,RMTS,choice_match,1
SS1651562868228,CN,RMTS,RMTS,RMTS,choice_match,1
SS1651564260438,CN,RMTS,RMTS,RMTS,choice_match,0
SS1651564260438,CN,RMTS,RMTS,RMTS,choice_match,0
SS1651564260438,CN,RMTS,RMTS,RMTS,choice_match,0
SS1651564260438,CN,RMTS,RMTS,RMTS,choice_match,0
SS1651564308340,CN,RMTS,RMTS,RMTS,choice_match,0
SS1651564308340,CN,RMTS,RMTS,RMTS,choice_match,0
SS1651564308340,CN,RMTS,RMTS,RMTS,choice_match,0
SS1651564308340,CN,RMTS,RMTS,RMTS,choice_match,0
SS1651565828518,CN,RMTS,RMTS,RMTS,choice_match,0
SS1651565828518,CN,RMTS,RMTS,RMTS,choice_match,1
SS1651565828518,CN,RMTS,RMTS,RMTS,choice_match,1
SS1651565828518,CN,RMTS,RMTS,RMTS,choice_match,1
SS1651568252846,CN,RMTS,RMTS,RMTS,choice_match,0
SS1651568252846,CN,RMTS,RMTS,RMTS,choice_match,0
SS1651568252846,CN,RMTS,RMTS,RMTS,choice_match,1
SS1651568252846,CN,RMTS,RMTS,RMTS,choice_match,0
SS1651568382617,CN,RMTS,RMTS,RMTS,choice_match,1
SS1651568382617,CN,RMTS,RMTS,RMTS,choice_match,1
SS1651568382617,CN,RMTS,RMTS,RMTS,choice_match,1
SS1651568382617,CN,RMTS,RMTS,RMTS,choice_match,1
SS1651568918829,CN,RMTS,RMTS,RMTS,choice_match,0
SS1651568918829,CN,RMTS,RMTS,RMTS,choice_match,0
SS1651568918829,CN,RMTS,RMTS,RMTS,choice_match,0
SS1651568918829,CN,RMTS,RMTS,RMTS,choice_match,0
SS1651570752111,CN,RMTS,RMTS,RMTS,choice_match,1
SS1651570752111,CN,RMTS,RMTS,RMTS,choice_match,0
SS1651570752111,CN,RMTS,RMTS,RMTS,choice_match,0
SS1651570752111,CN,RMTS,RMTS,RMTS,choice_match,0
SS1651571509239,CN,RMTS,RMTS,RMTS,choice_match,0
SS1651571509239,CN,RMTS,RMTS,RMTS,choice_match,0
SS1651571509239,CN,RMTS,RMTS,RMTS,choice_match,0
SS1651571509239,CN,RMTS,RMTS,RMTS,choice_match,0
SS1651572914976,CN,RMTS,RMTS,RMTS,choice_match,1
SS1651572914976,CN,RMTS,RMTS,RMTS,choice_match,0
SS1651572914976,CN,RMTS,RMTS,RMTS,choice_match,0
SS1651572914976,CN,RMTS,RMTS,RMTS,choice_match,0
SS1651576408487,CN,RMTS,RMTS,RMTS,choice_match,0
SS1651576408487,CN,RMTS,RMTS,RMTS,choice_match,0
SS1651576408487,CN,RMTS,RMTS,RMTS,choice_match,0
SS1651576408487,CN,RMTS,RMTS,RMTS,choice_match,1
SS1651578940027,CN,RMTS,RMTS,RMTS,choice_match,1
SS1651578940027,CN,RMTS,RMTS,RMTS,choice_match,1
SS1651578940027,CN,RMTS,RMTS,RMTS,choice_match,1
SS1651578940027,CN,RMTS,RMTS,RMTS,choice_match,1
SS1651579399729,CN,RMTS,RMTS,RMTS,choice_match,1
SS1651579399729,CN,RMTS,RMTS,RMTS,choice_match,1
SS1651579399729,CN,RMTS,RMTS,RMTS,choice_match,1
SS1651579399729,CN,RMTS,RMTS,RMTS,choice_match,1
SS1651582669897,CN,RMTS,RMTS,RMTS,choice_match,0
SS1651582669897,CN,RMTS,RMTS,RMTS,choice_match,0
SS1651582669897,CN,RMTS,RMTS,RMTS,choice_match,0
SS1651582669897,CN,RMTS,RMTS,RMTS,choice_match,0
SS1651620046254,CN,RMTS,RMTS,RMTS,choice_match,1
SS1651620046254,CN,RMTS,RMTS,RMTS,choice_match,0
SS1651620046254,CN,RMTS,RMTS,RMTS,choice_match,0
SS1651620046254,CN,RMTS,RMTS,RMTS,choice_match,0
SS1651623308643,CN,RMTS,RMTS,RMTS,choice_match,1
SS1651623308643,CN,RMTS,RMTS,RMTS,choice_match,0
SS1651623308643,CN,RMTS,RMTS,RMTS,choice_match,0
SS1651623308643,CN,RMTS,RMTS,RMTS,choice_match,0
SS1651625504097,CN,RMTS,RMTS,RMTS,choice_match,0
SS1651625504097,CN,RMTS,RMTS,RMTS,choice_match,0
SS1651625504097,CN,RMTS,RMTS,RMTS,choice_match,0
SS1651625504097,CN,RMTS,RMTS,RMTS,choice_match,0
SS1651629675682,CN,RMTS,RMTS,RMTS,choice_match,1
SS1651629675682,CN,RMTS,RMTS,RMTS,choice_match,1
SS1651629675682,CN,RMTS,RMTS,RMTS,choice_match,1
SS1651629675682,CN,RMTS,RMTS,RMTS,choice_match,1
SS1651631038398,CN,RMTS,RMTS,RMTS,choice_match,0
SS1651631038398,CN,RMTS,RMTS,RMTS,choice_match,0
SS1651631038398,CN,RMTS,RMTS,RMTS,choice_match,0
SS1651631038398,CN,RMTS,RMTS,RMTS,choice_match,0
SS1651631374290,CN,RMTS,RMTS,RMTS,choice_match,1
SS1651631374290,CN,RMTS,RMTS,RMTS,choice_match,1
SS1651631374290,CN,RMTS,RMTS,RMTS,choice_match,1
SS1651631374290,CN,RMTS,RMTS,RMTS,choice_match,1
SS1651632269384,CN,RMTS,RMTS,RMTS,choice_match,0
SS1651632269384,CN,RMTS,RMTS,RMTS,choice_match,0
SS1651632269384,CN,RMTS,RMTS,RMTS,choice_match,0
SS1651632269384,CN,RMTS,RMTS,RMTS,choice_match,0
SS1651633449820,CN,RMTS,RMTS,RMTS,choice_match,1
SS1651633449820,CN,RMTS,RMTS,RMTS,choice_match,1
SS1651633449820,CN,RMTS,RMTS,RMTS,choice_match,0
SS1651633449820,CN,RMTS,RMTS,RMTS,choice_match,0
SS1651634088254,CN,RMTS,RMTS,RMTS,choice_match,0
SS1651634088254,CN,RMTS,RMTS,RMTS,choice_match,0
SS1651634088254,CN,RMTS,RMTS,RMTS,choice_match,0
SS1651634088254,CN,RMTS,RMTS,RMTS,choice_match,0
SS1651634616537,CN,RMTS,RMTS,RMTS,choice_match,0
SS1651634616537,CN,RMTS,RMTS,RMTS,choice_match,0
SS1651634616537,CN,RMTS,RMTS,RMTS,choice_match,0
SS1651634616537,CN,RMTS,RMTS,RMTS,choice_match,0
SS1651634772197,CN,RMTS,RMTS,RMTS,choice_match,0
SS1651634772197,CN,RMTS,RMTS,RMTS,choice_match,0
SS1651634772197,CN,RMTS,RMTS,RMTS,choice_match,0
SS1651634772197,CN,RMTS,RMTS,RMTS,choice_match,0
SS1651636059839,CN,RMTS,RMTS,RMTS,choice_match,0
SS1651636059839,CN,RMTS,RMTS,RMTS,choice_match,0
SS1651636059839,CN,RMTS,RMTS,RMTS,choice_match,0
SS1651636059839,CN,RMTS,RMTS,RMTS,choice_match,0
SS1651637972613,CN,RMTS,RMTS,RMTS,choice_match,1
SS1651637972613,CN,RMTS,RMTS,RMTS,choice_match,0
SS1651637972613,CN,RMTS,RMTS,RMTS,choice_match,0
SS1651637972613,CN,RMTS,RMTS,RMTS,choice_match,0
SS1651642739005,CN,RMTS,RMTS,RMTS,choice_match,1
SS1651642739005,CN,RMTS,RMTS,RMTS,choice_match,1
SS1651642739005,CN,RMTS,RMTS,RMTS,choice_match,0
SS1651642739005,CN,RMTS,RMTS,RMTS,choice_match,1
SS1651644576691,CN,RMTS,RMTS,RMTS,choice_match,1
SS1651644576691,CN,RMTS,RMTS,RMTS,choice_match,1
SS1651644576691,CN,RMTS,RMTS,RMTS,choice_match,0
SS1651644576691,CN,RMTS,RMTS,RMTS,choice_match,0
SS1651645903803,CN,RMTS,RMTS,RMTS,choice_match,1
SS1651645903803,CN,RMTS,RMTS,RMTS,choice_match,1
SS1651645903803,CN,RMTS,RMTS,RMTS,choice_match,1
SS1651645903803,CN,RMTS,RMTS,RMTS,choice_match,1
SS1651648364635,CN,RMTS,RMTS,RMTS,choice_match,1
SS1651648364635,CN,RMTS,RMTS,RMTS,choice_match,1
SS1651648364635,CN,RMTS,RMTS,RMTS,choice_match,1
SS1651648364635,CN,RMTS,RMTS,RMTS,choice_match,1
SS1651649525276,CN,RMTS,RMTS,RMTS,choice_match,1
SS1651649525276,CN,RMTS,RMTS,RMTS,choice_match,0
SS1651649525276,CN,RMTS,RMTS,RMTS,choice_match,0
SS1651649525276,CN,RMTS,RMTS,RMTS,choice_match,0
SS1651652206023,CN,RMTS,RMTS,RMTS,choice_match,0
SS1651652206023,CN,RMTS,RMTS,RMTS,choice_match,0
SS1651652206023,CN,RMTS,RMTS,RMTS,choice_match,0
SS1651652206023,CN,RMTS,RMTS,RMTS,choice_match,0
SS1651652979760,CN,RMTS,RMTS,RMTS,choice_match,1
SS1651652979760,CN,RMTS,RMTS,RMTS,choice_match,1
SS1651652979760,CN,RMTS,RMTS,RMTS,choice_match,1
SS1651652979760,CN,RMTS,RMTS,RMTS,choice_match,1
SS1651654468673,CN,RMTS,RMTS,RMTS,choice_match,1
SS1651654468673,CN,RMTS,RMTS,RMTS,choice_match,1
SS1651654468673,CN,RMTS,RMTS,RMTS,choice_match,0
SS1651654468673,CN,RMTS,RMTS,RMTS,choice_match,1
SS1651654992618,CN,RMTS,RMTS,RMTS,choice_match,0
SS1651654992618,CN,RMTS,RMTS,RMTS,choice_match,0
SS1651654992618,CN,RMTS,RMTS,RMTS,choice_match,0
SS1651654992618,CN,RMTS,RMTS,RMTS,choice_match,0
SS1651655612985,CN,RMTS,RMTS,RMTS,choice_match,1
SS1651655612985,CN,RMTS,RMTS,RMTS,choice_match,0
SS1651655612985,CN,RMTS,RMTS,RMTS,choice_match,0
SS1651655612985,CN,RMTS,RMTS,RMTS,choice_match,0
SS1651660777144,CN,RMTS,RMTS,RMTS,choice_match,1
SS1651660777144,CN,RMTS,RMTS,RMTS,choice_match,0
SS1651660777144,CN,RMTS,RMTS,RMTS,choice_match,0
SS1651660777144,CN,RMTS,RMTS,RMTS,choice_match,0
SS1651661370426,CN,RMTS,RMTS,RMTS,choice_match,1
SS1651661370426,CN,RMTS,RMTS,RMTS,choice_match,1
SS1651661370426,CN,RMTS,RMTS,RMTS,choice_match,0
SS1651661370426,CN,RMTS,RMTS,RMTS,choice_match,0
SS1651662575870,CN,RMTS,RMTS,RMTS,choice_match,1
SS1651662575870,CN,RMTS,RMTS,RMTS,choice_match,1
SS1651662575870,CN,RMTS,RMTS,RMTS,choice_match,1
SS1651662575870,CN,RMTS,RMTS,RMTS,choice_match,0
SS1651663394470,CN,RMTS,RMTS,RMTS,choice_match,1
SS1651663394470,CN,RMTS,RMTS,RMTS,choice_match,1
SS1651663394470,CN,RMTS,RMTS,RMTS,choice_match,1
SS1651663394470,CN,RMTS,RMTS,RMTS,choice_match,1
SS1651664105704,CN,RMTS,RMTS,RMTS,choice_match,1
SS1651664105704,CN,RMTS,RMTS,RMTS,choice_match,1
SS1651664105704,CN,RMTS,RMTS,RMTS,choice_match,1
SS1651664105704,CN,RMTS,RMTS,RMTS,choice_match,1
SS1651665034176,CN,RMTS,RMTS,RMTS,choice_match,0
SS1651665034176,CN,RMTS,RMTS,RMTS,choice_match,0
SS1651665034176,CN,RMTS,RMTS,RMTS,choice_match,0
SS1651665034176,CN,RMTS,RMTS,RMTS,choice_match,0
SS1651666650135,CN,RMTS,RMTS,RMTS,choice_match,0
SS1651666650135,CN,RMTS,RMTS,RMTS,choice_match,0
SS1651666650135,CN,RMTS,RMTS,RMTS,choice_match,0
SS1651666650135,CN,RMTS,RMTS,RMTS,choice_match,0
SS1651669607417,CN,RMTS,RMTS,RMTS,choice_match,1
SS1651669607417,CN,RMTS,RMTS,RMTS,choice_match,0
SS1651669607417,CN,RMTS,RMTS,RMTS,choice_match,0
SS1651669607417,CN,RMTS,RMTS,RMTS,choice_match,0
SS1651669856701,CN,RMTS,RMTS,RMTS,choice_match,1
SS1651669856701,CN,RMTS,RMTS,RMTS,choice_match,0
SS1651669856701,CN,RMTS,RMTS,RMTS,choice_match,0
SS1651669856701,CN,RMTS,RMTS,RMTS,choice_match,0
SS1651672824225,CN,RMTS,RMTS,RMTS,choice_match,0
SS1651672824225,CN,RMTS,RMTS,RMTS,choice_match,0
SS1651672824225,CN,RMTS,RMTS,RMTS,choice_match,0
SS1651672824225,CN,RMTS,RMTS,RMTS,choice_match,0
SS1651674999028,CN,RMTS,RMTS,RMTS,choice_match,0
SS1651674999028,CN,RMTS,RMTS,RMTS,choice_match,0
SS1651674999028,CN,RMTS,RMTS,RMTS,choice_match,0
SS1651674999028,CN,RMTS,RMTS,RMTS,choice_match,0
SS1651675575564,CN,RMTS,RMTS,RMTS,choice_match,1
SS1651675575564,CN,RMTS,RMTS,RMTS,choice_match,1
SS1651675575564,CN,RMTS,RMTS,RMTS,choice_match,1
SS1651675575564,CN,RMTS,RMTS,RMTS,choice_match,1
SS1651675739437,CN,RMTS,RMTS,RMTS,choice_match,1
SS1651675739437,CN,RMTS,RMTS,RMTS,choice_match,0
SS1651675739437,CN,RMTS,RMTS,RMTS,choice_match,1
SS1651675739437,CN,RMTS,RMTS,RMTS,choice_match,1
SS1651682617757,CN,RMTS,RMTS,RMTS,choice_match,0
SS1651682617757,CN,RMTS,RMTS,RMTS,choice_match,0
SS1651682617757,CN,RMTS,RMTS,RMTS,choice_match,0
SS1651682617757,CN,RMTS,RMTS,RMTS,choice_match,0
SS1651705155608,CN,RMTS,RMTS,RMTS,choice_match,0
SS1651705155608,CN,RMTS,RMTS,RMTS,choice_match,1
SS1651705155608,CN,RMTS,RMTS,RMTS,choice_match,0
SS1651705155608,CN,RMTS,RMTS,RMTS,choice_match,0
SS1651713128281,CN,RMTS,RMTS,RMTS,choice_match,0
SS1651713128281,CN,RMTS,RMTS,RMTS,choice_match,0
SS1651713128281,CN,RMTS,RMTS,RMTS,choice_match,0
SS1651713128281,CN,RMTS,RMTS,RMTS,choice_match,0
SS1651721379726,CN,RMTS,RMTS,RMTS,choice_match,1
SS1651721379726,CN,RMTS,RMTS,RMTS,choice_match,1
SS1651721379726,CN,RMTS,RMTS,RMTS,choice_match,1
SS1651721379726,CN,RMTS,RMTS,RMTS,choice_match,1
SS1651724542208,CN,RMTS,RMTS,RMTS,choice_match,1
SS1651724542208,CN,RMTS,RMTS,RMTS,choice_match,1
SS1651724542208,CN,RMTS,RMTS,RMTS,choice_match,1
SS1651724542208,CN,RMTS,RMTS,RMTS,choice_match,1
SS1651726203467,CN,RMTS,RMTS,RMTS,choice_match,1
SS1651726203467,CN,RMTS,RMTS,RMTS,choice_match,0
SS1651726203467,CN,RMTS,RMTS,RMTS,choice_match,1
SS1651726203467,CN,RMTS,RMTS,RMTS,choice_match,1
SS1651727116955,CN,RMTS,RMTS,RMTS,choice_match,0
SS1651727116955,CN,RMTS,RMTS,RMTS,choice_match,0
SS1651727116955,CN,RMTS,RMTS,RMTS,choice_match,0
SS1651727116955,CN,RMTS,RMTS,RMTS,choice_match,0
SS1651727696486,CN,RMTS,RMTS,RMTS,choice_match,0
SS1651727696486,CN,RMTS,RMTS,RMTS,choice_match,0
SS1651727696486,CN,RMTS,RMTS,RMTS,choice_match,0
SS1651727696486,CN,RMTS,RMTS,RMTS,choice_match,1
SS1651728177417,CN,RMTS,RMTS,RMTS,choice_match,1
SS1651728177417,CN,RMTS,RMTS,RMTS,choice_match,1
SS1651728177417,CN,RMTS,RMTS,RMTS,choice_match,1
SS1651728177417,CN,RMTS,RMTS,RMTS,choice_match,1
SS1651729682124,CN,RMTS,RMTS,RMTS,choice_match,1
SS1651729682124,CN,RMTS,RMTS,RMTS,choice_match,1
SS1651729682124,CN,RMTS,RMTS,RMTS,choice_match,1
SS1651729682124,CN,RMTS,RMTS,RMTS,choice_match,1
SS1651729792731,CN,RMTS,RMTS,RMTS,choice_match,0
SS1651729792731,CN,RMTS,RMTS,RMTS,choice_match,0
SS1651729792731,CN,RMTS,RMTS,RMTS,choice_match,0
SS1651729792731,CN,RMTS,RMTS,RMTS,choice_match,0
SS1651731235827,CN,RMTS,RMTS,RMTS,choice_match,0
SS1651731235827,CN,RMTS,RMTS,RMTS,choice_match,0
SS1651731235827,CN,RMTS,RMTS,RMTS,choice_match,0
SS1651731235827,CN,RMTS,RMTS,RMTS,choice_match,0
SS1651732296508,CN,RMTS,RMTS,RMTS,choice_match,1
SS1651732296508,CN,RMTS,RMTS,RMTS,choice_match,0
SS1651732296508,CN,RMTS,RMTS,RMTS,choice_match,1
SS1651732296508,CN,RMTS,RMTS,RMTS,choice_match,1
SS1651734446265,CN,RMTS,RMTS,RMTS,choice_match,1
SS1651734446265,CN,RMTS,RMTS,RMTS,choice_match,0
SS1651734446265,CN,RMTS,RMTS,RMTS,choice_match,0
SS1651734446265,CN,RMTS,RMTS,RMTS,choice_match,0
SS1651737005457,CN,RMTS,RMTS,RMTS,choice_match,0
SS1651737005457,CN,RMTS,RMTS,RMTS,choice_match,0
SS1651737005457,CN,RMTS,RMTS,RMTS,choice_match,0
SS1651737005457,CN,RMTS,RMTS,RMTS,choice_match,0
SS1651739183035,CN,RMTS,RMTS,RMTS,choice_match,0
SS1651739183035,CN,RMTS,RMTS,RMTS,choice_match,0
SS1651739183035,CN,RMTS,RMTS,RMTS,choice_match,0
SS1651739183035,CN,RMTS,RMTS,RMTS,choice_match,0
SS1651742060593,CN,RMTS,RMTS,RMTS,choice_match,1
SS1651742060593,CN,RMTS,RMTS,RMTS,choice_match,0
SS1651742060593,CN,RMTS,RMTS,RMTS,choice_match,0
SS1651742060593,CN,RMTS,RMTS,RMTS,choice_match,0
SS1651743246534,CN,RMTS,RMTS,RMTS,choice_match,1
SS1651743246534,CN,RMTS,RMTS,RMTS,choice_match,0
SS1651743246534,CN,RMTS,RMTS,RMTS,choice_match,0
SS1651743246534,CN,RMTS,RMTS,RMTS,choice_match,0
SS1651744688510,CN,RMTS,RMTS,RMTS,choice_match,1
SS1651744688510,CN,RMTS,RMTS,RMTS,choice_match,1
SS1651744688510,CN,RMTS,RMTS,RMTS,choice_match,1
SS1651744688510,CN,RMTS,RMTS,RMTS,choice_match,1
SS1651744829480,CN,RMTS,RMTS,RMTS,choice_match,0
SS1651744829480,CN,RMTS,RMTS,RMTS,choice_match,0
SS1651744829480,CN,RMTS,RMTS,RMTS,choice_match,0
SS1651744829480,CN,RMTS,RMTS,RMTS,choice_match,0
SS1651747335475,CN,RMTS,RMTS,RMTS,choice_match,1
SS1651747335475,CN,RMTS,RMTS,RMTS,choice_match,0
SS1651747335475,CN,RMTS,RMTS,RMTS,choice_match,1
SS1651747335475,CN,RMTS,RMTS,RMTS,choice_match,1
SS1651748703908,CN,RMTS,RMTS,RMTS,choice_match,1
SS1651748703908,CN,RMTS,RMTS,RMTS,choice_match,0
SS1651748703908,CN,RMTS,RMTS,RMTS,choice_match,0
SS1651748703908,CN,RMTS,RMTS,RMTS,choice_match,0
SS1651751338853,CN,RMTS,RMTS,RMTS,choice_match,0
SS1651751338853,CN,RMTS,RMTS,RMTS,choice_match,1
SS1651751338853,CN,RMTS,RMTS,RMTS,choice_match,1
SS1651751338853,CN,RMTS,RMTS,RMTS,choice_match,1
SS1651751579584,CN,RMTS,RMTS,RMTS,choice_match,1
SS1651751579584,CN,RMTS,RMTS,RMTS,choice_match,0
SS1651751579584,CN,RMTS,RMTS,RMTS,choice_match,0
SS1651751579584,CN,RMTS,RMTS,RMTS,choice_match,1
SS1651761786814,CN,RMTS,RMTS,RMTS,choice_match,0
SS1651761786814,CN,RMTS,RMTS,RMTS,choice_match,0
SS1651761786814,CN,RMTS,RMTS,RMTS,choice_match,0
SS1651761786814,CN,RMTS,RMTS,RMTS,choice_match,0
SS1651762141455,CN,RMTS,RMTS,RMTS,choice_match,0
SS1651762141455,CN,RMTS,RMTS,RMTS,choice_match,0
SS1651762141455,CN,RMTS,RMTS,RMTS,choice_match,0
SS1651762141455,CN,RMTS,RMTS,RMTS,choice_match,0
SS1651763037034,CN,RMTS,RMTS,RMTS,choice_match,0
SS1651763037034,CN,RMTS,RMTS,RMTS,choice_match,0
SS1651763037034,CN,RMTS,RMTS,RMTS,choice_match,0
SS1651763037034,CN,RMTS,RMTS,RMTS,choice_match,0
SS1651764193629,CN,RMTS,RMTS,RMTS,choice_match,0
SS1651764193629,CN,RMTS,RMTS,RMTS,choice_match,0
SS1651764193629,CN,RMTS,RMTS,RMTS,choice_match,0
SS1651764193629,CN,RMTS,RMTS,RMTS,choice_match,0
SS1651765169248,CN,RMTS,RMTS,RMTS,choice_match,0
SS1651765169248,CN,RMTS,RMTS,RMTS,choice_match,0
SS1651765169248,CN,RMTS,RMTS,RMTS,choice_match,0
SS1651765169248,CN,RMTS,RMTS,RMTS,choice_match,0
SS1651765894743,CN,RMTS,RMTS,RMTS,choice_match,0
SS1651765894743,CN,RMTS,RMTS,RMTS,choice_match,0
SS1651765894743,CN,RMTS,RMTS,RMTS,choice_match,0
SS1651765894743,CN,RMTS,RMTS,RMTS,choice_match,0
SS1651765911820,CN,RMTS,RMTS,RMTS,choice_match,0
SS1651765911820,CN,RMTS,RMTS,RMTS,choice_match,0
SS1651765911820,CN,RMTS,RMTS,RMTS,choice_match,0
SS1651765911820,CN,RMTS,RMTS,RMTS,choice_match,0
SS1651767555827,CN,RMTS,RMTS,RMTS,choice_match,1
SS1651767555827,CN,RMTS,RMTS,RMTS,choice_match,1
SS1651767555827,CN,RMTS,RMTS,RMTS,choice_match,1
SS1651767555827,CN,RMTS,RMTS,RMTS,choice_match,1
SS1651769304707,CN,RMTS,RMTS,RMTS,choice_match,0
SS1651769304707,CN,RMTS,RMTS,RMTS,choice_match,1
SS1651769304707,CN,RMTS,RMTS,RMTS,choice_match,1
SS1651769304707,CN,RMTS,RMTS,RMTS,choice_match,1
SS1651771465459,CN,RMTS,RMTS,RMTS,choice_match,0
SS1651771465459,CN,RMTS,RMTS,RMTS,choice_match,0
SS1651771465459,CN,RMTS,RMTS,RMTS,choice_match,0
SS1651771465459,CN,RMTS,RMTS,RMTS,choice_match,0
SS1651783487150,CN,RMTS,RMTS,RMTS,choice_match,0
SS1651783487150,CN,RMTS,RMTS,RMTS,choice_match,0
SS1651783487150,CN,RMTS,RMTS,RMTS,choice_match,0
SS1651783487150,CN,RMTS,RMTS,RMTS,choice_match,0
SS1651798074227,CN,RMTS,RMTS,RMTS,choice_match,0
SS1651798074227,CN,RMTS,RMTS,RMTS,choice_match,0
SS1651798074227,CN,RMTS,RMTS,RMTS,choice_match,0
SS1651798074227,CN,RMTS,RMTS,RMTS,choice_match,0
SS1651799596238,CN,RMTS,RMTS,RMTS,choice_match,1
SS1651799596238,CN,RMTS,RMTS,RMTS,choice_match,1
SS1651799596238,CN,RMTS,RMTS,RMTS,choice_match,1
SS1651799596238,CN,RMTS,RMTS,RMTS,choice_match,1
SS1651802919199,CN,RMTS,RMTS,RMTS,choice_match,0
SS1651802919199,CN,RMTS,RMTS,RMTS,choice_match,0
SS1651802919199,CN,RMTS,RMTS,RMTS,choice_match,0
SS1651802919199,CN,RMTS,RMTS,RMTS,choice_match,0
SS1651804378273,CN,RMTS,RMTS,RMTS,choice_match,1
SS1651804378273,CN,RMTS,RMTS,RMTS,choice_match,0
SS1651804378273,CN,RMTS,RMTS,RMTS,choice_match,0
SS1651804378273,CN,RMTS,RMTS,RMTS,choice_match,0
SS1651804729362,CN,RMTS,RMTS,RMTS,choice_match,1
SS1651804729362,CN,RMTS,RMTS,RMTS,choice_match,1
SS1651804729362,CN,RMTS,RMTS,RMTS,choice_match,1
SS1651804729362,CN,RMTS,RMTS,RMTS,choice_match,1
SS1651804768520,CN,RMTS,RMTS,RMTS,choice_match,1
SS1651804768520,CN,RMTS,RMTS,RMTS,choice_match,1
SS1651804768520,CN,RMTS,RMTS,RMTS,choice_match,1
SS1651804768520,CN,RMTS,RMTS,RMTS,choice_match,1
SS1651806183814,CN,RMTS,RMTS,RMTS,choice_match,0
SS1651806183814,CN,RMTS,RMTS,RMTS,choice_match,0
SS1651806183814,CN,RMTS,RMTS,RMTS,choice_match,0
SS1651806183814,CN,RMTS,RMTS,RMTS,choice_match,0
SS1651807227958,CN,RMTS,RMTS,RMTS,choice_match,0
SS1651807227958,CN,RMTS,RMTS,RMTS,choice_match,0
SS1651807227958,CN,RMTS,RMTS,RMTS,choice_match,0
SS1651807227958,CN,RMTS,RMTS,RMTS,choice_match,0
SS1651807671427,CN,RMTS,RMTS,RMTS,choice_match,1
SS1651807671427,CN,RMTS,RMTS,RMTS,choice_match,0
SS1651807671427,CN,RMTS,RMTS,RMTS,choice_match,1
SS1651807671427,CN,RMTS,RMTS,RMTS,choice_match,1
SS1651809674248,CN,RMTS,RMTS,RMTS,choice_match,1
SS1651809674248,CN,RMTS,RMTS,RMTS,choice_match,1
SS1651809674248,CN,RMTS,RMTS,RMTS,choice_match,1
SS1651809674248,CN,RMTS,RMTS,RMTS,choice_match,1
SS1651810536901,CN,RMTS,RMTS,RMTS,choice_match,1
SS1651810536901,CN,RMTS,RMTS,RMTS,choice_match,0
SS1651810536901,CN,RMTS,RMTS,RMTS,choice_match,0
SS1651810536901,CN,RMTS,RMTS,RMTS,choice_match,0
SS1651810766684,CN,RMTS,RMTS,RMTS,choice_match,1
SS1651810766684,CN,RMTS,RMTS,RMTS,choice_match,1
SS1651810766684,CN,RMTS,RMTS,RMTS,choice_match,1
SS1651810766684,CN,RMTS,RMTS,RMTS,choice_match,1
SS1651811217708,CN,RMTS,RMTS,RMTS,choice_match,1
SS1651811217708,CN,RMTS,RMTS,RMTS,choice_match,1
SS1651811217708,CN,RMTS,RMTS,RMTS,choice_match,1
SS1651811217708,CN,RMTS,RMTS,RMTS,choice_match,1
SS1651812084324,CN,RMTS,RMTS,RMTS,choice_match,1
SS1651812084324,CN,RMTS,RMTS,RMTS,choice_match,0
SS1651812084324,CN,RMTS,RMTS,RMTS,choice_match,0
SS1651812084324,CN,RMTS,RMTS,RMTS,choice_match,0
SS1651813057402,CN,RMTS,RMTS,RMTS,choice_match,1
SS1651813057402,CN,RMTS,RMTS,RMTS,choice_match,1
SS1651813057402,CN,RMTS,RMTS,RMTS,choice_match,1
SS1651813057402,CN,RMTS,RMTS,RMTS,choice_match,1
SS1651813633535,CN,RMTS,RMTS,RMTS,choice_match,1
SS1651813633535,CN,RMTS,RMTS,RMTS,choice_match,0
SS1651813633535,CN,RMTS,RMTS,RMTS,choice_match,0
SS1651813633535,CN,RMTS,RMTS,RMTS,choice_match,0
SS1651818877028,CN,RMTS,RMTS,RMTS,choice_match,1
SS1651818877028,CN,RMTS,RMTS,RMTS,choice_match,1
SS1651818877028,CN,RMTS,RMTS,RMTS,choice_match,1
SS1651818877028,CN,RMTS,RMTS,RMTS,choice_match,1
SS1651821991579,CN,RMTS,RMTS,RMTS,choice_match,0
SS1651821991579,CN,RMTS,RMTS,RMTS,choice_match,0
SS1651821991579,CN,RMTS,RMTS,RMTS,choice_match,0
SS1651821991579,CN,RMTS,RMTS,RMTS,choice_match,0
SS1651822926317,CN,RMTS,RMTS,RMTS,choice_match,1
SS1651822926317,CN,RMTS,RMTS,RMTS,choice_match,1
SS1651822926317,CN,RMTS,RMTS,RMTS,choice_match,1
SS1651822926317,CN,RMTS,RMTS,RMTS,choice_match,1
SS1651827681410,CN,RMTS,RMTS,RMTS,choice_match,1
SS1651827681410,CN,RMTS,RMTS,RMTS,choice_match,1
SS1651827681410,CN,RMTS,RMTS,RMTS,choice_match,1
SS1651827681410,CN,RMTS,RMTS,RMTS,choice_match,1
SS1651828791480,CN,RMTS,RMTS,RMTS,choice_match,0
SS1651828791480,CN,RMTS,RMTS,RMTS,choice_match,1
SS1651828791480,CN,RMTS,RMTS,RMTS,choice_match,0
SS1651828791480,CN,RMTS,RMTS,RMTS,choice_match,1
SS1651835352625,CN,RMTS,RMTS,RMTS,choice_match,0
SS1651835352625,CN,RMTS,RMTS,RMTS,choice_match,0
SS1651835352625,CN,RMTS,RMTS,RMTS,choice_match,0
SS1651835352625,CN,RMTS,RMTS,RMTS,choice_match,0
SS1651837328638,CN,RMTS,RMTS,RMTS,choice_match,1
SS1651837328638,CN,RMTS,RMTS,RMTS,choice_match,1
SS1651837328638,CN,RMTS,RMTS,RMTS,choice_match,1
SS1651837328638,CN,RMTS,RMTS,RMTS,choice_match,0
SS1651837445397,CN,RMTS,RMTS,RMTS,choice_match,0
SS1651837445397,CN,RMTS,RMTS,RMTS,choice_match,0
SS1651837445397,CN,RMTS,RMTS,RMTS,choice_match,0
SS1651837445397,CN,RMTS,RMTS,RMTS,choice_match,0
SS1651837683659,CN,RMTS,RMTS,RMTS,choice_match,0
SS1651837683659,CN,RMTS,RMTS,RMTS,choice_match,0
SS1651837683659,CN,RMTS,RMTS,RMTS,choice_match,0
SS1651837683659,CN,RMTS,RMTS,RMTS,choice_match,0
SS1651839455332,CN,RMTS,RMTS,RMTS,choice_match,0
SS1651839455332,CN,RMTS,RMTS,RMTS,choice_match,0
SS1651839455332,CN,RMTS,RMTS,RMTS,choice_match,0
SS1651839455332,CN,RMTS,RMTS,RMTS,choice_match,0
SS1651840732818,CN,RMTS,RMTS,RMTS,choice_match,0
SS1651840732818,CN,RMTS,RMTS,RMTS,choice_match,0
SS1651840732818,CN,RMTS,RMTS,RMTS,choice_match,0
SS1651840732818,CN,RMTS,RMTS,RMTS,choice_match,0
SS1651840989750,CN,RMTS,RMTS,RMTS,choice_match,0
SS1651840989750,CN,RMTS,RMTS,RMTS,choice_match,0
SS1651840989750,CN,RMTS,RMTS,RMTS,choice_match,0
SS1651840989750,CN,RMTS,RMTS,RMTS,choice_match,0
SS1651842824466,CN,RMTS,RMTS,RMTS,choice_match,0
SS1651842824466,CN,RMTS,RMTS,RMTS,choice_match,0
SS1651842824466,CN,RMTS,RMTS,RMTS,choice_match,0
SS1651842824466,CN,RMTS,RMTS,RMTS,choice_match,0
SS1651844131204,CN,RMTS,RMTS,RMTS,choice_match,0
SS1651844131204,CN,RMTS,RMTS,RMTS,choice_match,0
SS1651844131204,CN,RMTS,RMTS,RMTS,choice_match,0
SS1651844131204,CN,RMTS,RMTS,RMTS,choice_match,0
SS1651845522237,CN,RMTS,RMTS,RMTS,choice_match,1
SS1651845522237,CN,RMTS,RMTS,RMTS,choice_match,1
SS1651845522237,CN,RMTS,RMTS,RMTS,choice_match,1
SS1651845522237,CN,RMTS,RMTS,RMTS,choice_match,1
SS1651845673245,CN,RMTS,RMTS,RMTS,choice_match,1
SS1651845673245,CN,RMTS,RMTS,RMTS,choice_match,0
SS1651845673245,CN,RMTS,RMTS,RMTS,choice_match,0
SS1651845673245,CN,RMTS,RMTS,RMTS,choice_match,0
SS1651847391324,CN,RMTS,RMTS,RMTS,choice_match,1
SS1651847391324,CN,RMTS,RMTS,RMTS,choice_match,0
SS1651847391324,CN,RMTS,RMTS,RMTS,choice_match,0
SS1651847391324,CN,RMTS,RMTS,RMTS,choice_match,0
SS1651849043017,CN,RMTS,RMTS,RMTS,choice_match,1
SS1651849043017,CN,RMTS,RMTS,RMTS,choice_match,0
SS1651849043017,CN,RMTS,RMTS,RMTS,choice_match,0
SS1651849043017,CN,RMTS,RMTS,RMTS,choice_match,0
SS1651849550334,CN,RMTS,RMTS,RMTS,choice_match,1
SS1651849550334,CN,RMTS,RMTS,RMTS,choice_match,1
SS1651849550334,CN,RMTS,RMTS,RMTS,choice_match,1
SS1651849550334,CN,RMTS,RMTS,RMTS,choice_match,1
SS1651890985414,CN,RMTS,RMTS,RMTS,choice_match,1
SS1651890985414,CN,RMTS,RMTS,RMTS,choice_match,0
SS1651890985414,CN,RMTS,RMTS,RMTS,choice_match,0
SS1651890985414,CN,RMTS,RMTS,RMTS,choice_match,0
SS1651891187280,CN,RMTS,RMTS,RMTS,choice_match,1
SS1651891187280,CN,RMTS,RMTS,RMTS,choice_match,0
SS1651891187280,CN,RMTS,RMTS,RMTS,choice_match,1
SS1651891187280,CN,RMTS,RMTS,RMTS,choice_match,1
SS1651897042062,CN,RMTS,RMTS,RMTS,choice_match,1
SS1651897042062,CN,RMTS,RMTS,RMTS,choice_match,1
SS1651897042062,CN,RMTS,RMTS,RMTS,choice_match,1
SS1651897042062,CN,RMTS,RMTS,RMTS,choice_match,0
SS1651901964830,CN,RMTS,RMTS,RMTS,choice_match,0
SS1651901964830,CN,RMTS,RMTS,RMTS,choice_match,0
SS1651901964830,CN,RMTS,RMTS,RMTS,choice_match,0
SS1651901964830,CN,RMTS,RMTS,RMTS,choice_match,0
SS1651905218784,CN,RMTS,RMTS,RMTS,choice_match,1
SS1651905218784,CN,RMTS,RMTS,RMTS,choice_match,0
SS1651905218784,CN,RMTS,RMTS,RMTS,choice_match,0
SS1651905218784,CN,RMTS,RMTS,RMTS,choice_match,0
SS1651906129454,CN,RMTS,RMTS,RMTS,choice_match,0
SS1651906129454,CN,RMTS,RMTS,RMTS,choice_match,0
SS1651906129454,CN,RMTS,RMTS,RMTS,choice_match,0
SS1651906129454,CN,RMTS,RMTS,RMTS,choice_match,0
SS1651906591158,CN,RMTS,RMTS,RMTS,choice_match,0
SS1651906591158,CN,RMTS,RMTS,RMTS,choice_match,0
SS1651906591158,CN,RMTS,RMTS,RMTS,choice_match,0
SS1651906591158,CN,RMTS,RMTS,RMTS,choice_match,0
SS1651906687128,CN,RMTS,RMTS,RMTS,choice_match,1
SS1651906687128,CN,RMTS,RMTS,RMTS,choice_match,0
SS1651906687128,CN,RMTS,RMTS,RMTS,choice_match,0
SS1651906687128,CN,RMTS,RMTS,RMTS,choice_match,0
SS1651907106845,CN,RMTS,RMTS,RMTS,choice_match,1
SS1651907106845,CN,RMTS,RMTS,RMTS,choice_match,0
SS1651907106845,CN,RMTS,RMTS,RMTS,choice_match,0
SS1651907106845,CN,RMTS,RMTS,RMTS,choice_match,0
SS1651910974793,CN,RMTS,RMTS,RMTS,choice_match,0
SS1651910974793,CN,RMTS,RMTS,RMTS,choice_match,0
SS1651910974793,CN,RMTS,RMTS,RMTS,choice_match,0
SS1651910974793,CN,RMTS,RMTS,RMTS,choice_match,0
SS1651912088419,CN,RMTS,RMTS,RMTS,choice_match,1
SS1651912088419,CN,RMTS,RMTS,RMTS,choice_match,1
SS1651912088419,CN,RMTS,RMTS,RMTS,choice_match,1
SS1651912088419,CN,RMTS,RMTS,RMTS,choice_match,1
SS1651915236922,CN,RMTS,RMTS,RMTS,choice_match,0
SS1651915236922,CN,RMTS,RMTS,RMTS,choice_match,0
SS1651915236922,CN,RMTS,RMTS,RMTS,choice_match,0
SS1651915236922,CN,RMTS,RMTS,RMTS,choice_match,0
SS1651916837690,CN,RMTS,RMTS,RMTS,choice_match,1
SS1651916837690,CN,RMTS,RMTS,RMTS,choice_match,1
SS1651916837690,CN,RMTS,RMTS,RMTS,choice_match,1
SS1651916837690,CN,RMTS,RMTS,RMTS,choice_match,1
SS1651916886491,CN,RMTS,RMTS,RMTS,choice_match,1
SS1651916886491,CN,RMTS,RMTS,RMTS,choice_match,1
SS1651916886491,CN,RMTS,RMTS,RMTS,choice_match,1
SS1651916886491,CN,RMTS,RMTS,RMTS,choice_match,1
SS1651918483229,CN,RMTS,RMTS,RMTS,choice_match,0
SS1651918483229,CN,RMTS,RMTS,RMTS,choice_match,1
SS1651918483229,CN,RMTS,RMTS,RMTS,choice_match,1
SS1651918483229,CN,RMTS,RMTS,RMTS,choice_match,1
SS1651919285907,CN,RMTS,RMTS,RMTS,choice_match,1
SS1651919285907,CN,RMTS,RMTS,RMTS,choice_match,1
SS1651919285907,CN,RMTS,RMTS,RMTS,choice_match,1
SS1651919285907,CN,RMTS,RMTS,RMTS,choice_match,1
SS1651921503296,CN,RMTS,RMTS,RMTS,choice_match,1
SS1651921503296,CN,RMTS,RMTS,RMTS,choice_match,0
SS1651921503296,CN,RMTS,RMTS,RMTS,choice_match,0
SS1651921503296,CN,RMTS,RMTS,RMTS,choice_match,0
SS1651922816094,CN,RMTS,RMTS,RMTS,choice_match,1
SS1651922816094,CN,RMTS,RMTS,RMTS,choice_match,0
SS1651922816094,CN,RMTS,RMTS,RMTS,choice_match,0
SS1651922816094,CN,RMTS,RMTS,RMTS,choice_match,0
SS1651924494966,CN,RMTS,RMTS,RMTS,choice_match,1
SS1651924494966,CN,RMTS,RMTS,RMTS,choice_match,1
SS1651924494966,CN,RMTS,RMTS,RMTS,choice_match,1
SS1651924494966,CN,RMTS,RMTS,RMTS,choice_match,1
SS1651926576151,CN,RMTS,RMTS,RMTS,choice_match,0
SS1651926576151,CN,RMTS,RMTS,RMTS,choice_match,0
SS1651926576151,CN,RMTS,RMTS,RMTS,choice_match,0
SS1651926576151,CN,RMTS,RMTS,RMTS,choice_match,0
SS1651926856493,CN,RMTS,RMTS,RMTS,choice_match,0
SS1651926856493,CN,RMTS,RMTS,RMTS,choice_match,0
SS1651926856493,CN,RMTS,RMTS,RMTS,choice_match,0
SS1651926856493,CN,RMTS,RMTS,RMTS,choice_match,0
SS1651928385240,CN,RMTS,RMTS,RMTS,choice_match,1
SS1651928385240,CN,RMTS,RMTS,RMTS,choice_match,1
SS1651928385240,CN,RMTS,RMTS,RMTS,choice_match,1
SS1651928385240,CN,RMTS,RMTS,RMTS,choice_match,1
SS1651932416698,CN,RMTS,RMTS,RMTS,choice_match,0
SS1651932416698,CN,RMTS,RMTS,RMTS,choice_match,0
SS1651932416698,CN,RMTS,RMTS,RMTS,choice_match,0
SS1651932416698,CN,RMTS,RMTS,RMTS,choice_match,0
SS1651934015946,CN,RMTS,RMTS,RMTS,choice_match,1
SS1651934015946,CN,RMTS,RMTS,RMTS,choice_match,0
SS1651934015946,CN,RMTS,RMTS,RMTS,choice_match,1
SS1651934015946,CN,RMTS,RMTS,RMTS,choice_match,0
SS1651616817210,US,RV,RV,1,acc,0
SS1651616817210,US,RV,RV,2,acc,0
SS1651616817210,US,RV,RV,3,acc,1
SS1651616817210,US,RV,RV,4,acc,0
SS1651616817210,US,RV,RV,5,acc,1
SS1651616817210,US,RV,RV,6,acc,1
SS1651616817210,US,RV,RV,7,acc,1
SS1651616817210,US,RV,RV,8,acc,0
SS1651616817210,US,RV,RV,9,acc,1
SS1651616817210,US,RV,RV,10,acc,0
SS1651616817210,US,RV,RV,11,acc,0
SS1651616817210,US,RV,RV,12,acc,0
SS1651616819170,US,RV,RV,1,acc,1
SS1651616819170,US,RV,RV,2,acc,1
SS1651616819170,US,RV,RV,3,acc,1
SS1651616819170,US,RV,RV,4,acc,1
SS1651616819170,US,RV,RV,5,acc,1
SS1651616819170,US,RV,RV,6,acc,1
SS1651616819170,US,RV,RV,7,acc,1
SS1651616819170,US,RV,RV,8,acc,1
SS1651616819170,US,RV,RV,9,acc,0
SS1651616819170,US,RV,RV,10,acc,0
SS1651616819170,US,RV,RV,11,acc,0
SS1651616819170,US,RV,RV,12,acc,0
SS1651616821119,US,RV,RV,1,acc,1
SS1651616821119,US,RV,RV,2,acc,1
SS1651616821119,US,RV,RV,3,acc,1
SS1651616821119,US,RV,RV,4,acc,1
SS1651616821119,US,RV,RV,5,acc,1
SS1651616821119,US,RV,RV,6,acc,1
SS1651616821119,US,RV,RV,7,acc,0
SS1651616821119,US,RV,RV,8,acc,0
SS1651616821119,US,RV,RV,9,acc,0
SS1651616821119,US,RV,RV,10,acc,0
SS1651616821119,US,RV,RV,11,acc,0
SS1651616821119,US,RV,RV,12,acc,0
SS1651616823657,US,RV,RV,1,acc,0
SS1651616823657,US,RV,RV,2,acc,1
SS1651616823657,US,RV,RV,3,acc,0
SS1651616823657,US,RV,RV,4,acc,0
SS1651616823657,US,RV,RV,5,acc,1
SS1651616823657,US,RV,RV,6,acc,0
SS1651616823657,US,RV,RV,7,acc,0
SS1651616823657,US,RV,RV,8,acc,0
SS1651616823657,US,RV,RV,9,acc,0
SS1651616823657,US,RV,RV,10,acc,0
SS1651616823657,US,RV,RV,11,acc,0
SS1651616823657,US,RV,RV,12,acc,0
SS1651616824013,US,RV,RV,1,acc,1
SS1651616824013,US,RV,RV,2,acc,0
SS1651616824013,US,RV,RV,3,acc,1
SS1651616824013,US,RV,RV,4,acc,0
SS1651616824013,US,RV,RV,5,acc,1
SS1651616824013,US,RV,RV,6,acc,0
SS1651616824013,US,RV,RV,7,acc,1
SS1651616824013,US,RV,RV,8,acc,0
SS1651616824013,US,RV,RV,9,acc,0
SS1651616824013,US,RV,RV,10,acc,0
SS1651616824013,US,RV,RV,11,acc,0
SS1651616824013,US,RV,RV,12,acc,0
SS1651616827589,US,RV,RV,1,acc,0
SS1651616827589,US,RV,RV,2,acc,0
SS1651616827589,US,RV,RV,3,acc,0
SS1651616827589,US,RV,RV,4,acc,0
SS1651616827589,US,RV,RV,5,acc,0
SS1651616827589,US,RV,RV,6,acc,0
SS1651616827589,US,RV,RV,7,acc,0
SS1651616827589,US,RV,RV,8,acc,0
SS1651616827589,US,RV,RV,9,acc,0
SS1651616827589,US,RV,RV,10,acc,0
SS1651616827589,US,RV,RV,11,acc,0
SS1651616827589,US,RV,RV,12,acc,0
SS1651616829561,US,RV,RV,1,acc,1
SS1651616829561,US,RV,RV,2,acc,1
SS1651616829561,US,RV,RV,3,acc,0
SS1651616829561,US,RV,RV,4,acc,1
SS1651616829561,US,RV,RV,5,acc,0
SS1651616829561,US,RV,RV,6,acc,0
SS1651616829561,US,RV,RV,7,acc,0
SS1651616829561,US,RV,RV,8,acc,0
SS1651616829561,US,RV,RV,9,acc,0
SS1651616829561,US,RV,RV,10,acc,0
SS1651616829561,US,RV,RV,11,acc,0
SS1651616829561,US,RV,RV,12,acc,0
SS1651616834023,US,RV,RV,1,acc,1
SS1651616834023,US,RV,RV,2,acc,0
SS1651616834023,US,RV,RV,3,acc,1
SS1651616834023,US,RV,RV,4,acc,0
SS1651616834023,US,RV,RV,5,acc,1
SS1651616834023,US,RV,RV,6,acc,1
SS1651616834023,US,RV,RV,7,acc,1
SS1651616834023,US,RV,RV,8,acc,1
SS1651616834023,US,RV,RV,9,acc,0
SS1651616834023,US,RV,RV,10,acc,0
SS1651616834023,US,RV,RV,11,acc,0
SS1651616834023,US,RV,RV,12,acc,1
SS1651616835091,US,RV,RV,1,acc,1
SS1651616835091,US,RV,RV,2,acc,1
SS1651616835091,US,RV,RV,3,acc,1
SS1651616835091,US,RV,RV,4,acc,1
SS1651616835091,US,RV,RV,5,acc,1
SS1651616835091,US,RV,RV,6,acc,0
SS1651616835091,US,RV,RV,7,acc,1
SS1651616835091,US,RV,RV,8,acc,1
SS1651616835091,US,RV,RV,9,acc,0
SS1651616835091,US,RV,RV,10,acc,0
SS1651616835091,US,RV,RV,11,acc,0
SS1651616835091,US,RV,RV,12,acc,0
SS1651616837719,US,RV,RV,1,acc,1
SS1651616837719,US,RV,RV,2,acc,1
SS1651616837719,US,RV,RV,3,acc,1
SS1651616837719,US,RV,RV,4,acc,1
SS1651616837719,US,RV,RV,5,acc,0
SS1651616837719,US,RV,RV,6,acc,1
SS1651616837719,US,RV,RV,7,acc,1
SS1651616837719,US,RV,RV,8,acc,0
SS1651616837719,US,RV,RV,9,acc,1
SS1651616837719,US,RV,RV,10,acc,0
SS1651616837719,US,RV,RV,11,acc,0
SS1651616837719,US,RV,RV,12,acc,0
SS1651616838947,US,RV,RV,1,acc,1
SS1651616838947,US,RV,RV,2,acc,1
SS1651616838947,US,RV,RV,3,acc,1
SS1651616838947,US,RV,RV,4,acc,1
SS1651616838947,US,RV,RV,5,acc,1
SS1651616838947,US,RV,RV,6,acc,1
SS1651616838947,US,RV,RV,7,acc,0
SS1651616838947,US,RV,RV,8,acc,1
SS1651616838947,US,RV,RV,9,acc,0
SS1651616838947,US,RV,RV,10,acc,1
SS1651616838947,US,RV,RV,11,acc,0
SS1651616838947,US,RV,RV,12,acc,0
SS1651616839031,US,RV,RV,1,acc,1
SS1651616839031,US,RV,RV,2,acc,1
SS1651616839031,US,RV,RV,3,acc,1
SS1651616839031,US,RV,RV,4,acc,0
SS1651616839031,US,RV,RV,5,acc,0
SS1651616839031,US,RV,RV,6,acc,0
SS1651616839031,US,RV,RV,7,acc,0
SS1651616839031,US,RV,RV,8,acc,0
SS1651616839031,US,RV,RV,9,acc,0
SS1651616839031,US,RV,RV,10,acc,0
SS1651616839031,US,RV,RV,11,acc,0
SS1651616839031,US,RV,RV,12,acc,0
SS1651616839120,US,RV,RV,1,acc,0
SS1651616839120,US,RV,RV,2,acc,0
SS1651616839120,US,RV,RV,3,acc,1
SS1651616839120,US,RV,RV,4,acc,1
SS1651616839120,US,RV,RV,5,acc,0
SS1651616839120,US,RV,RV,6,acc,0
SS1651616839120,US,RV,RV,7,acc,0
SS1651616839120,US,RV,RV,8,acc,1
SS1651616839120,US,RV,RV,9,acc,1
SS1651616839120,US,RV,RV,10,acc,0
SS1651616839120,US,RV,RV,11,acc,1
SS1651616839120,US,RV,RV,12,acc,0
SS1651616839551,US,RV,RV,1,acc,1
SS1651616839551,US,RV,RV,2,acc,0
SS1651616839551,US,RV,RV,3,acc,0
SS1651616839551,US,RV,RV,4,acc,0
SS1651616839551,US,RV,RV,5,acc,0
SS1651616839551,US,RV,RV,6,acc,0
SS1651616839551,US,RV,RV,7,acc,0
SS1651616839551,US,RV,RV,8,acc,0
SS1651616839551,US,RV,RV,9,acc,0
SS1651616839551,US,RV,RV,10,acc,0
SS1651616839551,US,RV,RV,11,acc,0
SS1651616839551,US,RV,RV,12,acc,0
SS1651616839622,US,RV,RV,1,acc,0
SS1651616839622,US,RV,RV,2,acc,0
SS1651616839622,US,RV,RV,3,acc,1
SS1651616839622,US,RV,RV,4,acc,0
SS1651616839622,US,RV,RV,5,acc,0
SS1651616839622,US,RV,RV,6,acc,0
SS1651616839622,US,RV,RV,7,acc,0
SS1651616839622,US,RV,RV,8,acc,0
SS1651616839622,US,RV,RV,9,acc,0
SS1651616839622,US,RV,RV,10,acc,0
SS1651616839622,US,RV,RV,11,acc,0
SS1651616839622,US,RV,RV,12,acc,0
SS1651616840889,US,RV,RV,1,acc,1
SS1651616840889,US,RV,RV,2,acc,1
SS1651616840889,US,RV,RV,3,acc,1
SS1651616840889,US,RV,RV,4,acc,1
SS1651616840889,US,RV,RV,5,acc,1
SS1651616840889,US,RV,RV,6,acc,0
SS1651616840889,US,RV,RV,7,acc,1
SS1651616840889,US,RV,RV,8,acc,0
SS1651616840889,US,RV,RV,9,acc,0
SS1651616840889,US,RV,RV,10,acc,0
SS1651616840889,US,RV,RV,11,acc,0
SS1651616840889,US,RV,RV,12,acc,0
SS1651616841722,US,RV,RV,1,acc,0
SS1651616841722,US,RV,RV,2,acc,1
SS1651616841722,US,RV,RV,3,acc,1
SS1651616841722,US,RV,RV,4,acc,1
SS1651616841722,US,RV,RV,5,acc,1
SS1651616841722,US,RV,RV,6,acc,1
SS1651616841722,US,RV,RV,7,acc,0
SS1651616841722,US,RV,RV,8,acc,1
SS1651616841722,US,RV,RV,9,acc,0
SS1651616841722,US,RV,RV,10,acc,1
SS1651616841722,US,RV,RV,11,acc,0
SS1651616841722,US,RV,RV,12,acc,1
SS1651616841972,US,RV,RV,1,acc,1
SS1651616841972,US,RV,RV,2,acc,1
SS1651616841972,US,RV,RV,3,acc,1
SS1651616841972,US,RV,RV,4,acc,1
SS1651616841972,US,RV,RV,5,acc,1
SS1651616841972,US,RV,RV,6,acc,0
SS1651616841972,US,RV,RV,7,acc,0
SS1651616841972,US,RV,RV,8,acc,0
SS1651616841972,US,RV,RV,9,acc,0
SS1651616841972,US,RV,RV,10,acc,0
SS1651616841972,US,RV,RV,11,acc,0
SS1651616841972,US,RV,RV,12,acc,0
SS1651616843053,US,RV,RV,1,acc,0
SS1651616843053,US,RV,RV,2,acc,1
SS1651616843053,US,RV,RV,3,acc,1
SS1651616843053,US,RV,RV,4,acc,1
SS1651616843053,US,RV,RV,5,acc,1
SS1651616843053,US,RV,RV,6,acc,1
SS1651616843053,US,RV,RV,7,acc,1
SS1651616843053,US,RV,RV,8,acc,0
SS1651616843053,US,RV,RV,9,acc,1
SS1651616843053,US,RV,RV,10,acc,0
SS1651616843053,US,RV,RV,11,acc,0
SS1651616843053,US,RV,RV,12,acc,1
SS1651616844450,US,RV,RV,1,acc,0
SS1651616844450,US,RV,RV,2,acc,1
SS1651616844450,US,RV,RV,3,acc,1
SS1651616844450,US,RV,RV,4,acc,0
SS1651616844450,US,RV,RV,5,acc,1
SS1651616844450,US,RV,RV,6,acc,1
SS1651616844450,US,RV,RV,7,acc,1
SS1651616844450,US,RV,RV,8,acc,1
SS1651616844450,US,RV,RV,9,acc,1
SS1651616844450,US,RV,RV,10,acc,0
SS1651616844450,US,RV,RV,11,acc,0
SS1651616844450,US,RV,RV,12,acc,0
SS1651616844684,US,RV,RV,1,acc,0
SS1651616844684,US,RV,RV,2,acc,0
SS1651616844684,US,RV,RV,3,acc,1
SS1651616844684,US,RV,RV,4,acc,0
SS1651616844684,US,RV,RV,5,acc,1
SS1651616844684,US,RV,RV,6,acc,1
SS1651616844684,US,RV,RV,7,acc,0
SS1651616844684,US,RV,RV,8,acc,0
SS1651616844684,US,RV,RV,9,acc,0
SS1651616844684,US,RV,RV,10,acc,0
SS1651616844684,US,RV,RV,11,acc,0
SS1651616844684,US,RV,RV,12,acc,0
SS1651616844911,US,RV,RV,1,acc,1
SS1651616844911,US,RV,RV,2,acc,1
SS1651616844911,US,RV,RV,3,acc,1
SS1651616844911,US,RV,RV,4,acc,1
SS1651616844911,US,RV,RV,5,acc,1
SS1651616844911,US,RV,RV,6,acc,1
SS1651616844911,US,RV,RV,7,acc,0
SS1651616844911,US,RV,RV,8,acc,1
SS1651616844911,US,RV,RV,9,acc,1
SS1651616844911,US,RV,RV,10,acc,1
SS1651616844911,US,RV,RV,11,acc,0
SS1651616844911,US,RV,RV,12,acc,0
SS1651616846951,US,RV,RV,1,acc,0
SS1651616846951,US,RV,RV,2,acc,0
SS1651616846951,US,RV,RV,3,acc,1
SS1651616846951,US,RV,RV,4,acc,0
SS1651616846951,US,RV,RV,5,acc,1
SS1651616846951,US,RV,RV,6,acc,0
SS1651616846951,US,RV,RV,7,acc,0
SS1651616846951,US,RV,RV,8,acc,0
SS1651616846951,US,RV,RV,9,acc,0
SS1651616846951,US,RV,RV,10,acc,0
SS1651616846951,US,RV,RV,11,acc,0
SS1651616846951,US,RV,RV,12,acc,0
SS1651616850845,US,RV,RV,1,acc,1
SS1651616850845,US,RV,RV,2,acc,1
SS1651616850845,US,RV,RV,3,acc,0
SS1651616850845,US,RV,RV,4,acc,0
SS1651616850845,US,RV,RV,5,acc,0
SS1651616850845,US,RV,RV,6,acc,0
SS1651616850845,US,RV,RV,7,acc,0
SS1651616850845,US,RV,RV,8,acc,0
SS1651616850845,US,RV,RV,9,acc,0
SS1651616850845,US,RV,RV,10,acc,0
SS1651616850845,US,RV,RV,11,acc,0
SS1651616850845,US,RV,RV,12,acc,0
SS1651616854167,US,RV,RV,1,acc,1
SS1651616854167,US,RV,RV,2,acc,1
SS1651616854167,US,RV,RV,3,acc,0
SS1651616854167,US,RV,RV,4,acc,0
SS1651616854167,US,RV,RV,5,acc,0
SS1651616854167,US,RV,RV,6,acc,0
SS1651616854167,US,RV,RV,7,acc,0
SS1651616854167,US,RV,RV,8,acc,0
SS1651616854167,US,RV,RV,9,acc,0
SS1651616854167,US,RV,RV,10,acc,0
SS1651616854167,US,RV,RV,11,acc,0
SS1651616854167,US,RV,RV,12,acc,0
SS1651616854402,US,RV,RV,1,acc,1
SS1651616854402,US,RV,RV,2,acc,1
SS1651616854402,US,RV,RV,3,acc,1
SS1651616854402,US,RV,RV,4,acc,1
SS1651616854402,US,RV,RV,5,acc,1
SS1651616854402,US,RV,RV,6,acc,1
SS1651616854402,US,RV,RV,7,acc,1
SS1651616854402,US,RV,RV,8,acc,0
SS1651616854402,US,RV,RV,9,acc,0
SS1651616854402,US,RV,RV,10,acc,0
SS1651616854402,US,RV,RV,11,acc,0
SS1651616854402,US,RV,RV,12,acc,1
SS1651616857792,US,RV,RV,1,acc,1
SS1651616857792,US,RV,RV,2,acc,0
SS1651616857792,US,RV,RV,3,acc,1
SS1651616857792,US,RV,RV,4,acc,0
SS1651616857792,US,RV,RV,5,acc,0
SS1651616857792,US,RV,RV,6,acc,0
SS1651616857792,US,RV,RV,7,acc,0
SS1651616857792,US,RV,RV,8,acc,0
SS1651616857792,US,RV,RV,9,acc,0
SS1651616857792,US,RV,RV,10,acc,0
SS1651616857792,US,RV,RV,11,acc,1
SS1651616857792,US,RV,RV,12,acc,0
SS1651616858489,US,RV,RV,1,acc,1
SS1651616858489,US,RV,RV,2,acc,1
SS1651616858489,US,RV,RV,3,acc,1
SS1651616858489,US,RV,RV,4,acc,1
SS1651616858489,US,RV,RV,5,acc,1
SS1651616858489,US,RV,RV,6,acc,1
SS1651616858489,US,RV,RV,7,acc,1
SS1651616858489,US,RV,RV,8,acc,0
SS1651616858489,US,RV,RV,9,acc,1
SS1651616858489,US,RV,RV,10,acc,0
SS1651616858489,US,RV,RV,11,acc,1
SS1651616858489,US,RV,RV,12,acc,0
SS1651616858633,US,RV,RV,1,acc,1
SS1651616858633,US,RV,RV,2,acc,1
SS1651616858633,US,RV,RV,3,acc,1
SS1651616858633,US,RV,RV,4,acc,1
SS1651616858633,US,RV,RV,5,acc,1
SS1651616858633,US,RV,RV,6,acc,1
SS1651616858633,US,RV,RV,7,acc,1
SS1651616858633,US,RV,RV,8,acc,0
SS1651616858633,US,RV,RV,9,acc,0
SS1651616858633,US,RV,RV,10,acc,0
SS1651616858633,US,RV,RV,11,acc,0
SS1651616858633,US,RV,RV,12,acc,0
SS1651616860080,US,RV,RV,1,acc,1
SS1651616860080,US,RV,RV,2,acc,1
SS1651616860080,US,RV,RV,3,acc,1
SS1651616860080,US,RV,RV,4,acc,1
SS1651616860080,US,RV,RV,5,acc,1
SS1651616860080,US,RV,RV,6,acc,1
SS1651616860080,US,RV,RV,7,acc,1
SS1651616860080,US,RV,RV,8,acc,0
SS1651616860080,US,RV,RV,9,acc,0
SS1651616860080,US,RV,RV,10,acc,1
SS1651616860080,US,RV,RV,11,acc,0
SS1651616860080,US,RV,RV,12,acc,0
SS1651616860708,US,RV,RV,1,acc,1
SS1651616860708,US,RV,RV,2,acc,1
SS1651616860708,US,RV,RV,3,acc,1
SS1651616860708,US,RV,RV,4,acc,0
SS1651616860708,US,RV,RV,5,acc,1
SS1651616860708,US,RV,RV,6,acc,0
SS1651616860708,US,RV,RV,7,acc,0
SS1651616860708,US,RV,RV,8,acc,0
SS1651616860708,US,RV,RV,9,acc,0
SS1651616860708,US,RV,RV,10,acc,0
SS1651616860708,US,RV,RV,11,acc,0
SS1651616860708,US,RV,RV,12,acc,0
SS1651616861128,US,RV,RV,1,acc,1
SS1651616861128,US,RV,RV,2,acc,1
SS1651616861128,US,RV,RV,3,acc,1
SS1651616861128,US,RV,RV,4,acc,0
SS1651616861128,US,RV,RV,5,acc,0
SS1651616861128,US,RV,RV,6,acc,0
SS1651616861128,US,RV,RV,7,acc,0
SS1651616861128,US,RV,RV,8,acc,0
SS1651616861128,US,RV,RV,9,acc,0
SS1651616861128,US,RV,RV,10,acc,0
SS1651616861128,US,RV,RV,11,acc,0
SS1651616861128,US,RV,RV,12,acc,0
SS1651616861546,US,RV,RV,1,acc,1
SS1651616861546,US,RV,RV,2,acc,1
SS1651616861546,US,RV,RV,3,acc,0
SS1651616861546,US,RV,RV,4,acc,1
SS1651616861546,US,RV,RV,5,acc,1
SS1651616861546,US,RV,RV,6,acc,0
SS1651616861546,US,RV,RV,7,acc,1
SS1651616861546,US,RV,RV,8,acc,0
SS1651616861546,US,RV,RV,9,acc,0
SS1651616861546,US,RV,RV,10,acc,1
SS1651616861546,US,RV,RV,11,acc,0
SS1651616861546,US,RV,RV,12,acc,0
SS1651616863114,US,RV,RV,1,acc,1
SS1651616863114,US,RV,RV,2,acc,1
SS1651616863114,US,RV,RV,3,acc,1
SS1651616863114,US,RV,RV,4,acc,0
SS1651616863114,US,RV,RV,5,acc,0
SS1651616863114,US,RV,RV,6,acc,0
SS1651616863114,US,RV,RV,7,acc,0
SS1651616863114,US,RV,RV,8,acc,0
SS1651616863114,US,RV,RV,9,acc,0
SS1651616863114,US,RV,RV,10,acc,0
SS1651616863114,US,RV,RV,11,acc,0
SS1651616863114,US,RV,RV,12,acc,0
SS1651616863145,US,RV,RV,1,acc,1
SS1651616863145,US,RV,RV,2,acc,1
SS1651616863145,US,RV,RV,3,acc,1
SS1651616863145,US,RV,RV,4,acc,0
SS1651616863145,US,RV,RV,5,acc,1
SS1651616863145,US,RV,RV,6,acc,1
SS1651616863145,US,RV,RV,7,acc,0
SS1651616863145,US,RV,RV,8,acc,0
SS1651616863145,US,RV,RV,9,acc,1
SS1651616863145,US,RV,RV,10,acc,0
SS1651616863145,US,RV,RV,11,acc,0
SS1651616863145,US,RV,RV,12,acc,1
SS1651616876627,US,RV,RV,1,acc,1
SS1651616876627,US,RV,RV,2,acc,0
SS1651616876627,US,RV,RV,3,acc,0
SS1651616876627,US,RV,RV,4,acc,0
SS1651616876627,US,RV,RV,5,acc,1
SS1651616876627,US,RV,RV,6,acc,0
SS1651616876627,US,RV,RV,7,acc,1
SS1651616876627,US,RV,RV,8,acc,0
SS1651616876627,US,RV,RV,9,acc,0
SS1651616876627,US,RV,RV,10,acc,0
SS1651616876627,US,RV,RV,11,acc,0
SS1651616876627,US,RV,RV,12,acc,0
SS1651616909217,US,RV,RV,1,acc,1
SS1651616909217,US,RV,RV,2,acc,1
SS1651616909217,US,RV,RV,3,acc,0
SS1651616909217,US,RV,RV,4,acc,0
SS1651616909217,US,RV,RV,5,acc,0
SS1651616909217,US,RV,RV,6,acc,0
SS1651616909217,US,RV,RV,7,acc,0
SS1651616909217,US,RV,RV,8,acc,0
SS1651616909217,US,RV,RV,9,acc,0
SS1651616909217,US,RV,RV,10,acc,0
SS1651616909217,US,RV,RV,11,acc,0
SS1651616909217,US,RV,RV,12,acc,0
SS1651616969092,US,RV,RV,1,acc,1
SS1651616969092,US,RV,RV,2,acc,1
SS1651616969092,US,RV,RV,3,acc,1
SS1651616969092,US,RV,RV,4,acc,0
SS1651616969092,US,RV,RV,5,acc,1
SS1651616969092,US,RV,RV,6,acc,0
SS1651616969092,US,RV,RV,7,acc,0
SS1651616969092,US,RV,RV,8,acc,0
SS1651616969092,US,RV,RV,9,acc,0
SS1651616969092,US,RV,RV,10,acc,0
SS1651616969092,US,RV,RV,11,acc,0
SS1651616969092,US,RV,RV,12,acc,0
SS1651616969595,US,RV,RV,1,acc,0
SS1651616969595,US,RV,RV,2,acc,0
SS1651616969595,US,RV,RV,3,acc,1
SS1651616969595,US,RV,RV,4,acc,0
SS1651616969595,US,RV,RV,5,acc,0
SS1651616969595,US,RV,RV,6,acc,1
SS1651616969595,US,RV,RV,7,acc,0
SS1651616969595,US,RV,RV,8,acc,0
SS1651616969595,US,RV,RV,9,acc,0
SS1651616969595,US,RV,RV,10,acc,0
SS1651616969595,US,RV,RV,11,acc,0
SS1651616969595,US,RV,RV,12,acc,0
SS1651616982939,US,RV,RV,1,acc,1
SS1651616982939,US,RV,RV,2,acc,1
SS1651616982939,US,RV,RV,3,acc,1
SS1651616982939,US,RV,RV,4,acc,1
SS1651616982939,US,RV,RV,5,acc,1
SS1651616982939,US,RV,RV,6,acc,1
SS1651616982939,US,RV,RV,7,acc,0
SS1651616982939,US,RV,RV,8,acc,1
SS1651616982939,US,RV,RV,9,acc,1
SS1651616982939,US,RV,RV,10,acc,1
SS1651616982939,US,RV,RV,11,acc,1
SS1651616982939,US,RV,RV,12,acc,0
SS1651617013503,US,RV,RV,1,acc,0
SS1651617013503,US,RV,RV,2,acc,0
SS1651617013503,US,RV,RV,3,acc,0
SS1651617013503,US,RV,RV,4,acc,1
SS1651617013503,US,RV,RV,5,acc,1
SS1651617013503,US,RV,RV,6,acc,0
SS1651617013503,US,RV,RV,7,acc,0
SS1651617013503,US,RV,RV,8,acc,0
SS1651617013503,US,RV,RV,9,acc,0
SS1651617013503,US,RV,RV,10,acc,0
SS1651617013503,US,RV,RV,11,acc,0
SS1651617013503,US,RV,RV,12,acc,0
SS1651617033971,US,RV,RV,1,acc,1
SS1651617033971,US,RV,RV,2,acc,0
SS1651617033971,US,RV,RV,3,acc,1
SS1651617033971,US,RV,RV,4,acc,0
SS1651617033971,US,RV,RV,5,acc,0
SS1651617033971,US,RV,RV,6,acc,0
SS1651617033971,US,RV,RV,7,acc,0
SS1651617033971,US,RV,RV,8,acc,0
SS1651617033971,US,RV,RV,9,acc,0
SS1651617033971,US,RV,RV,10,acc,0
SS1651617033971,US,RV,RV,11,acc,0
SS1651617033971,US,RV,RV,12,acc,0
SS1651617071100,US,RV,RV,1,acc,1
SS1651617071100,US,RV,RV,2,acc,1
SS1651617071100,US,RV,RV,3,acc,1
SS1651617071100,US,RV,RV,4,acc,1
SS1651617071100,US,RV,RV,5,acc,1
SS1651617071100,US,RV,RV,6,acc,1
SS1651617071100,US,RV,RV,7,acc,1
SS1651617071100,US,RV,RV,8,acc,1
SS1651617071100,US,RV,RV,9,acc,1
SS1651617071100,US,RV,RV,10,acc,1
SS1651617071100,US,RV,RV,11,acc,1
SS1651617071100,US,RV,RV,12,acc,1
SS1651617143573,US,RV,RV,1,acc,0
SS1651617143573,US,RV,RV,2,acc,1
SS1651617143573,US,RV,RV,3,acc,1
SS1651617143573,US,RV,RV,4,acc,0
SS1651617143573,US,RV,RV,5,acc,1
SS1651617143573,US,RV,RV,6,acc,1
SS1651617143573,US,RV,RV,7,acc,0
SS1651617143573,US,RV,RV,8,acc,0
SS1651617143573,US,RV,RV,9,acc,0
SS1651617143573,US,RV,RV,10,acc,0
SS1651617143573,US,RV,RV,11,acc,0
SS1651617143573,US,RV,RV,12,acc,1
SS1651617282312,US,RV,RV,1,acc,1
SS1651617282312,US,RV,RV,2,acc,1
SS1651617282312,US,RV,RV,3,acc,1
SS1651617282312,US,RV,RV,4,acc,1
SS1651617282312,US,RV,RV,5,acc,1
SS1651617282312,US,RV,RV,6,acc,1
SS1651617282312,US,RV,RV,7,acc,0
SS1651617282312,US,RV,RV,8,acc,0
SS1651617282312,US,RV,RV,9,acc,0
SS1651617282312,US,RV,RV,10,acc,0
SS1651617282312,US,RV,RV,11,acc,0
SS1651617282312,US,RV,RV,12,acc,0
SS1651617310480,US,RV,RV,1,acc,1
SS1651617310480,US,RV,RV,2,acc,1
SS1651617310480,US,RV,RV,3,acc,1
SS1651617310480,US,RV,RV,4,acc,1
SS1651617310480,US,RV,RV,5,acc,1
SS1651617310480,US,RV,RV,6,acc,0
SS1651617310480,US,RV,RV,7,acc,1
SS1651617310480,US,RV,RV,8,acc,0
SS1651617310480,US,RV,RV,9,acc,0
SS1651617310480,US,RV,RV,10,acc,0
SS1651617310480,US,RV,RV,11,acc,0
SS1651617310480,US,RV,RV,12,acc,0
SS1651618567608,US,RV,RV,1,acc,1
SS1651618567608,US,RV,RV,2,acc,1
SS1651618567608,US,RV,RV,3,acc,1
SS1651618567608,US,RV,RV,4,acc,1
SS1651618567608,US,RV,RV,5,acc,1
SS1651618567608,US,RV,RV,6,acc,1
SS1651618567608,US,RV,RV,7,acc,1
SS1651618567608,US,RV,RV,8,acc,0
SS1651618567608,US,RV,RV,9,acc,1
SS1651618567608,US,RV,RV,10,acc,1
SS1651618567608,US,RV,RV,11,acc,1
SS1651618567608,US,RV,RV,12,acc,1
SS1651624230659,US,RV,RV,1,acc,0
SS1651624230659,US,RV,RV,2,acc,1
SS1651624230659,US,RV,RV,3,acc,1
SS1651624230659,US,RV,RV,4,acc,0
SS1651624230659,US,RV,RV,5,acc,0
SS1651624230659,US,RV,RV,6,acc,0
SS1651624230659,US,RV,RV,7,acc,0
SS1651624230659,US,RV,RV,8,acc,0
SS1651624230659,US,RV,RV,9,acc,0
SS1651624230659,US,RV,RV,10,acc,0
SS1651624230659,US,RV,RV,11,acc,0
SS1651624230659,US,RV,RV,12,acc,0
SS1651678150777,US,RV,RV,1,acc,0
SS1651678150777,US,RV,RV,2,acc,0
SS1651678150777,US,RV,RV,3,acc,0
SS1651678150777,US,RV,RV,4,acc,0
SS1651678150777,US,RV,RV,5,acc,0
SS1651678150777,US,RV,RV,6,acc,0
SS1651678150777,US,RV,RV,7,acc,0
SS1651678150777,US,RV,RV,8,acc,0
SS1651678150777,US,RV,RV,9,acc,0
SS1651678150777,US,RV,RV,10,acc,0
SS1651678150777,US,RV,RV,11,acc,0
SS1651678150777,US,RV,RV,12,acc,0
SS1651678198123,US,RV,RV,1,acc,1
SS1651678198123,US,RV,RV,2,acc,0
SS1651678198123,US,RV,RV,3,acc,0
SS1651678198123,US,RV,RV,4,acc,0
SS1651678198123,US,RV,RV,5,acc,0
SS1651678198123,US,RV,RV,6,acc,1
SS1651678198123,US,RV,RV,7,acc,1
SS1651678198123,US,RV,RV,8,acc,0
SS1651678198123,US,RV,RV,9,acc,0
SS1651678198123,US,RV,RV,10,acc,0
SS1651678198123,US,RV,RV,11,acc,0
SS1651678198123,US,RV,RV,12,acc,1
SS1651678202019,US,RV,RV,1,acc,1
SS1651678202019,US,RV,RV,2,acc,1
SS1651678202019,US,RV,RV,3,acc,1
SS1651678202019,US,RV,RV,4,acc,1
SS1651678202019,US,RV,RV,5,acc,1
SS1651678202019,US,RV,RV,6,acc,1
SS1651678202019,US,RV,RV,7,acc,1
SS1651678202019,US,RV,RV,8,acc,1
SS1651678202019,US,RV,RV,9,acc,1
SS1651678202019,US,RV,RV,10,acc,1
SS1651678202019,US,RV,RV,11,acc,1
SS1651678202019,US,RV,RV,12,acc,0
SS1651678206055,US,RV,RV,1,acc,1
SS1651678206055,US,RV,RV,2,acc,1
SS1651678206055,US,RV,RV,3,acc,1
SS1651678206055,US,RV,RV,4,acc,0
SS1651678206055,US,RV,RV,5,acc,1
SS1651678206055,US,RV,RV,6,acc,0
SS1651678206055,US,RV,RV,7,acc,1
SS1651678206055,US,RV,RV,8,acc,1
SS1651678206055,US,RV,RV,9,acc,0
SS1651678206055,US,RV,RV,10,acc,0
SS1651678206055,US,RV,RV,11,acc,1
SS1651678206055,US,RV,RV,12,acc,1
SS1651678216185,US,RV,RV,1,acc,1
SS1651678216185,US,RV,RV,2,acc,0
SS1651678216185,US,RV,RV,3,acc,0
SS1651678216185,US,RV,RV,4,acc,0
SS1651678216185,US,RV,RV,5,acc,0
SS1651678216185,US,RV,RV,6,acc,0
SS1651678216185,US,RV,RV,7,acc,0
SS1651678216185,US,RV,RV,8,acc,0
SS1651678216185,US,RV,RV,9,acc,0
SS1651678216185,US,RV,RV,10,acc,0
SS1651678216185,US,RV,RV,11,acc,0
SS1651678216185,US,RV,RV,12,acc,0
SS1651678216437,US,RV,RV,1,acc,0
SS1651678216437,US,RV,RV,2,acc,0
SS1651678216437,US,RV,RV,3,acc,0
SS1651678216437,US,RV,RV,4,acc,0
SS1651678216437,US,RV,RV,5,acc,1
SS1651678216437,US,RV,RV,6,acc,0
SS1651678216437,US,RV,RV,7,acc,1
SS1651678216437,US,RV,RV,8,acc,0
SS1651678216437,US,RV,RV,9,acc,0
SS1651678216437,US,RV,RV,10,acc,0
SS1651678216437,US,RV,RV,11,acc,0
SS1651678216437,US,RV,RV,12,acc,1
SS1651678218891,US,RV,RV,1,acc,1
SS1651678218891,US,RV,RV,2,acc,1
SS1651678218891,US,RV,RV,3,acc,1
SS1651678218891,US,RV,RV,4,acc,0
SS1651678218891,US,RV,RV,5,acc,0
SS1651678218891,US,RV,RV,6,acc,0
SS1651678218891,US,RV,RV,7,acc,1
SS1651678218891,US,RV,RV,8,acc,0
SS1651678218891,US,RV,RV,9,acc,1
SS1651678218891,US,RV,RV,10,acc,0
SS1651678218891,US,RV,RV,11,acc,0
SS1651678218891,US,RV,RV,12,acc,0
SS1651678220434,US,RV,RV,1,acc,0
SS1651678220434,US,RV,RV,2,acc,0
SS1651678220434,US,RV,RV,3,acc,0
SS1651678220434,US,RV,RV,4,acc,0
SS1651678220434,US,RV,RV,5,acc,0
SS1651678220434,US,RV,RV,6,acc,0
SS1651678220434,US,RV,RV,7,acc,0
SS1651678220434,US,RV,RV,8,acc,0
SS1651678220434,US,RV,RV,9,acc,0
SS1651678220434,US,RV,RV,10,acc,0
SS1651678220434,US,RV,RV,11,acc,0
SS1651678220434,US,RV,RV,12,acc,0
SS1651678224995,US,RV,RV,1,acc,1
SS1651678224995,US,RV,RV,2,acc,0
SS1651678224995,US,RV,RV,3,acc,0
SS1651678224995,US,RV,RV,4,acc,0
SS1651678224995,US,RV,RV,5,acc,0
SS1651678224995,US,RV,RV,6,acc,0
SS1651678224995,US,RV,RV,7,acc,0
SS1651678224995,US,RV,RV,8,acc,0
SS1651678224995,US,RV,RV,9,acc,0
SS1651678224995,US,RV,RV,10,acc,0
SS1651678224995,US,RV,RV,11,acc,0
SS1651678224995,US,RV,RV,12,acc,0
SS1651678226524,US,RV,RV,1,acc,0
SS1651678226524,US,RV,RV,2,acc,1
SS1651678226524,US,RV,RV,3,acc,1
SS1651678226524,US,RV,RV,4,acc,1
SS1651678226524,US,RV,RV,5,acc,1
SS1651678226524,US,RV,RV,6,acc,0
SS1651678226524,US,RV,RV,7,acc,1
SS1651678226524,US,RV,RV,8,acc,1
SS1651678226524,US,RV,RV,9,acc,1
SS1651678226524,US,RV,RV,10,acc,0
SS1651678226524,US,RV,RV,11,acc,0
SS1651678226524,US,RV,RV,12,acc,1
SS1651678227696,US,RV,RV,1,acc,0
SS1651678227696,US,RV,RV,2,acc,0
SS1651678227696,US,RV,RV,3,acc,1
SS1651678227696,US,RV,RV,4,acc,0
SS1651678227696,US,RV,RV,5,acc,0
SS1651678227696,US,RV,RV,6,acc,0
SS1651678227696,US,RV,RV,7,acc,0
SS1651678227696,US,RV,RV,8,acc,0
SS1651678227696,US,RV,RV,9,acc,0
SS1651678227696,US,RV,RV,10,acc,0
SS1651678227696,US,RV,RV,11,acc,0
SS1651678227696,US,RV,RV,12,acc,0
SS1651678229872,US,RV,RV,1,acc,0
SS1651678229872,US,RV,RV,2,acc,1
SS1651678229872,US,RV,RV,3,acc,0
SS1651678229872,US,RV,RV,4,acc,0
SS1651678229872,US,RV,RV,5,acc,0
SS1651678229872,US,RV,RV,6,acc,0
SS1651678229872,US,RV,RV,7,acc,0
SS1651678229872,US,RV,RV,8,acc,1
SS1651678229872,US,RV,RV,9,acc,0
SS1651678229872,US,RV,RV,10,acc,0
SS1651678229872,US,RV,RV,11,acc,0
SS1651678229872,US,RV,RV,12,acc,0
SS1651678231224,US,RV,RV,1,acc,1
SS1651678231224,US,RV,RV,2,acc,1
SS1651678231224,US,RV,RV,3,acc,1
SS1651678231224,US,RV,RV,4,acc,0
SS1651678231224,US,RV,RV,5,acc,1
SS1651678231224,US,RV,RV,6,acc,0
SS1651678231224,US,RV,RV,7,acc,0
SS1651678231224,US,RV,RV,8,acc,0
SS1651678231224,US,RV,RV,9,acc,1
SS1651678231224,US,RV,RV,10,acc,0
SS1651678231224,US,RV,RV,11,acc,0
SS1651678231224,US,RV,RV,12,acc,1
SS1651678232565,US,RV,RV,1,acc,1
SS1651678232565,US,RV,RV,2,acc,1
SS1651678232565,US,RV,RV,3,acc,1
SS1651678232565,US,RV,RV,4,acc,1
SS1651678232565,US,RV,RV,5,acc,1
SS1651678232565,US,RV,RV,6,acc,0
SS1651678232565,US,RV,RV,7,acc,1
SS1651678232565,US,RV,RV,8,acc,1
SS1651678232565,US,RV,RV,9,acc,1
SS1651678232565,US,RV,RV,10,acc,1
SS1651678232565,US,RV,RV,11,acc,0
SS1651678232565,US,RV,RV,12,acc,0
SS1651678239759,US,RV,RV,1,acc,1
SS1651678239759,US,RV,RV,2,acc,1
SS1651678239759,US,RV,RV,3,acc,1
SS1651678239759,US,RV,RV,4,acc,1
SS1651678239759,US,RV,RV,5,acc,1
SS1651678239759,US,RV,RV,6,acc,1
SS1651678239759,US,RV,RV,7,acc,1
SS1651678239759,US,RV,RV,8,acc,1
SS1651678239759,US,RV,RV,9,acc,0
SS1651678239759,US,RV,RV,10,acc,0
SS1651678239759,US,RV,RV,11,acc,0
SS1651678239759,US,RV,RV,12,acc,1
SS1651678242246,US,RV,RV,1,acc,1
SS1651678242246,US,RV,RV,2,acc,1
SS1651678242246,US,RV,RV,3,acc,1
SS1651678242246,US,RV,RV,4,acc,0
SS1651678242246,US,RV,RV,5,acc,1
SS1651678242246,US,RV,RV,6,acc,1
SS1651678242246,US,RV,RV,7,acc,1
SS1651678242246,US,RV,RV,8,acc,0
SS1651678242246,US,RV,RV,9,acc,0
SS1651678242246,US,RV,RV,10,acc,0
SS1651678242246,US,RV,RV,11,acc,0
SS1651678242246,US,RV,RV,12,acc,0
SS1651678243882,US,RV,RV,1,acc,1
SS1651678243882,US,RV,RV,2,acc,1
SS1651678243882,US,RV,RV,3,acc,1
SS1651678243882,US,RV,RV,4,acc,1
SS1651678243882,US,RV,RV,5,acc,1
SS1651678243882,US,RV,RV,6,acc,1
SS1651678243882,US,RV,RV,7,acc,1
SS1651678243882,US,RV,RV,8,acc,1
SS1651678243882,US,RV,RV,9,acc,1
SS1651678243882,US,RV,RV,10,acc,1
SS1651678243882,US,RV,RV,11,acc,1
SS1651678243882,US,RV,RV,12,acc,1
SS1651678244241,US,RV,RV,1,acc,1
SS1651678244241,US,RV,RV,2,acc,1
SS1651678244241,US,RV,RV,3,acc,1
SS1651678244241,US,RV,RV,4,acc,0
SS1651678244241,US,RV,RV,5,acc,1
SS1651678244241,US,RV,RV,6,acc,0
SS1651678244241,US,RV,RV,7,acc,0
SS1651678244241,US,RV,RV,8,acc,1
SS1651678244241,US,RV,RV,9,acc,1
SS1651678244241,US,RV,RV,10,acc,0
SS1651678244241,US,RV,RV,11,acc,0
SS1651678244241,US,RV,RV,12,acc,0
SS1651678245327,US,RV,RV,1,acc,1
SS1651678245327,US,RV,RV,2,acc,1
SS1651678245327,US,RV,RV,3,acc,1
SS1651678245327,US,RV,RV,4,acc,1
SS1651678245327,US,RV,RV,5,acc,1
SS1651678245327,US,RV,RV,6,acc,1
SS1651678245327,US,RV,RV,7,acc,0
SS1651678245327,US,RV,RV,8,acc,1
SS1651678245327,US,RV,RV,9,acc,1
SS1651678245327,US,RV,RV,10,acc,1
SS1651678245327,US,RV,RV,11,acc,0
SS1651678245327,US,RV,RV,12,acc,0
SS1651678246113,US,RV,RV,1,acc,1
SS1651678246113,US,RV,RV,2,acc,1
SS1651678246113,US,RV,RV,3,acc,1
SS1651678246113,US,RV,RV,4,acc,1
SS1651678246113,US,RV,RV,5,acc,1
SS1651678246113,US,RV,RV,6,acc,1
SS1651678246113,US,RV,RV,7,acc,1
SS1651678246113,US,RV,RV,8,acc,1
SS1651678246113,US,RV,RV,9,acc,1
SS1651678246113,US,RV,RV,10,acc,1
SS1651678246113,US,RV,RV,11,acc,0
SS1651678246113,US,RV,RV,12,acc,1
SS1651678246330,US,RV,RV,1,acc,1
SS1651678246330,US,RV,RV,2,acc,0
SS1651678246330,US,RV,RV,3,acc,1
SS1651678246330,US,RV,RV,4,acc,0
SS1651678246330,US,RV,RV,5,acc,0
SS1651678246330,US,RV,RV,6,acc,0
SS1651678246330,US,RV,RV,7,acc,1
SS1651678246330,US,RV,RV,8,acc,0
SS1651678246330,US,RV,RV,9,acc,0
SS1651678246330,US,RV,RV,10,acc,0
SS1651678246330,US,RV,RV,11,acc,0
SS1651678246330,US,RV,RV,12,acc,1
SS1651678248637,US,RV,RV,1,acc,1
SS1651678248637,US,RV,RV,2,acc,1
SS1651678248637,US,RV,RV,3,acc,1
SS1651678248637,US,RV,RV,4,acc,1
SS1651678248637,US,RV,RV,5,acc,1
SS1651678248637,US,RV,RV,6,acc,0
SS1651678248637,US,RV,RV,7,acc,1
SS1651678248637,US,RV,RV,8,acc,1
SS1651678248637,US,RV,RV,9,acc,1
SS1651678248637,US,RV,RV,10,acc,1
SS1651678248637,US,RV,RV,11,acc,1
SS1651678248637,US,RV,RV,12,acc,1
SS1651678248989,US,RV,RV,1,acc,1
SS1651678248989,US,RV,RV,2,acc,1
SS1651678248989,US,RV,RV,3,acc,1
SS1651678248989,US,RV,RV,4,acc,1
SS1651678248989,US,RV,RV,5,acc,1
SS1651678248989,US,RV,RV,6,acc,1
SS1651678248989,US,RV,RV,7,acc,1
SS1651678248989,US,RV,RV,8,acc,0
SS1651678248989,US,RV,RV,9,acc,1
SS1651678248989,US,RV,RV,10,acc,0
SS1651678248989,US,RV,RV,11,acc,0
SS1651678248989,US,RV,RV,12,acc,0
SS1651678249603,US,RV,RV,1,acc,1
SS1651678249603,US,RV,RV,2,acc,1
SS1651678249603,US,RV,RV,3,acc,0
SS1651678249603,US,RV,RV,4,acc,0
SS1651678249603,US,RV,RV,5,acc,1
SS1651678249603,US,RV,RV,6,acc,0
SS1651678249603,US,RV,RV,7,acc,0
SS1651678249603,US,RV,RV,8,acc,0
SS1651678249603,US,RV,RV,9,acc,1
SS1651678249603,US,RV,RV,10,acc,0
SS1651678249603,US,RV,RV,11,acc,0
SS1651678249603,US,RV,RV,12,acc,0
SS1651678250397,US,RV,RV,1,acc,0
SS1651678250397,US,RV,RV,2,acc,0
SS1651678250397,US,RV,RV,3,acc,0
SS1651678250397,US,RV,RV,4,acc,0
SS1651678250397,US,RV,RV,5,acc,0
SS1651678250397,US,RV,RV,6,acc,0
SS1651678250397,US,RV,RV,7,acc,0
SS1651678250397,US,RV,RV,8,acc,0
SS1651678250397,US,RV,RV,9,acc,0
SS1651678250397,US,RV,RV,10,acc,0
SS1651678250397,US,RV,RV,11,acc,0
SS1651678250397,US,RV,RV,12,acc,0
SS1651678252363,US,RV,RV,1,acc,1
SS1651678252363,US,RV,RV,2,acc,1
SS1651678252363,US,RV,RV,3,acc,0
SS1651678252363,US,RV,RV,4,acc,1
SS1651678252363,US,RV,RV,5,acc,1
SS1651678252363,US,RV,RV,6,acc,1
SS1651678252363,US,RV,RV,7,acc,1
SS1651678252363,US,RV,RV,8,acc,0
SS1651678252363,US,RV,RV,9,acc,1
SS1651678252363,US,RV,RV,10,acc,0
SS1651678252363,US,RV,RV,11,acc,0
SS1651678252363,US,RV,RV,12,acc,0
SS1651678252935,US,RV,RV,1,acc,0
SS1651678252935,US,RV,RV,2,acc,0
SS1651678252935,US,RV,RV,3,acc,0
SS1651678252935,US,RV,RV,4,acc,0
SS1651678252935,US,RV,RV,5,acc,1
SS1651678252935,US,RV,RV,6,acc,0
SS1651678252935,US,RV,RV,7,acc,0
SS1651678252935,US,RV,RV,8,acc,0
SS1651678252935,US,RV,RV,9,acc,0
SS1651678252935,US,RV,RV,10,acc,0
SS1651678252935,US,RV,RV,11,acc,0
SS1651678252935,US,RV,RV,12,acc,0
SS1651678253736,US,RV,RV,1,acc,0
SS1651678253736,US,RV,RV,2,acc,0
SS1651678253736,US,RV,RV,3,acc,0
SS1651678253736,US,RV,RV,4,acc,0
SS1651678253736,US,RV,RV,5,acc,0
SS1651678253736,US,RV,RV,6,acc,1
SS1651678253736,US,RV,RV,7,acc,0
SS1651678253736,US,RV,RV,8,acc,0
SS1651678253736,US,RV,RV,9,acc,0
SS1651678253736,US,RV,RV,10,acc,0
SS1651678253736,US,RV,RV,11,acc,0
SS1651678253736,US,RV,RV,12,acc,0
SS1651678256204,US,RV,RV,1,acc,1
SS1651678256204,US,RV,RV,2,acc,0
SS1651678256204,US,RV,RV,3,acc,1
SS1651678256204,US,RV,RV,4,acc,0
SS1651678256204,US,RV,RV,5,acc,0
SS1651678256204,US,RV,RV,6,acc,1
SS1651678256204,US,RV,RV,7,acc,1
SS1651678256204,US,RV,RV,8,acc,0
SS1651678256204,US,RV,RV,9,acc,0
SS1651678256204,US,RV,RV,10,acc,0
SS1651678256204,US,RV,RV,11,acc,0
SS1651678256204,US,RV,RV,12,acc,0
SS1651678257395,US,RV,RV,1,acc,1
SS1651678257395,US,RV,RV,2,acc,1
SS1651678257395,US,RV,RV,3,acc,1
SS1651678257395,US,RV,RV,4,acc,1
SS1651678257395,US,RV,RV,5,acc,1
SS1651678257395,US,RV,RV,6,acc,1
SS1651678257395,US,RV,RV,7,acc,1
SS1651678257395,US,RV,RV,8,acc,1
SS1651678257395,US,RV,RV,9,acc,0
SS1651678257395,US,RV,RV,10,acc,1
SS1651678257395,US,RV,RV,11,acc,0
SS1651678257395,US,RV,RV,12,acc,0
SS1651678258791,US,RV,RV,1,acc,1
SS1651678258791,US,RV,RV,2,acc,1
SS1651678258791,US,RV,RV,3,acc,0
SS1651678258791,US,RV,RV,4,acc,0
SS1651678258791,US,RV,RV,5,acc,1
SS1651678258791,US,RV,RV,6,acc,1
SS1651678258791,US,RV,RV,7,acc,1
SS1651678258791,US,RV,RV,8,acc,1
SS1651678258791,US,RV,RV,9,acc,1
SS1651678258791,US,RV,RV,10,acc,0
SS1651678258791,US,RV,RV,11,acc,0
SS1651678258791,US,RV,RV,12,acc,0
SS1651678259296,US,RV,RV,1,acc,1
SS1651678259296,US,RV,RV,2,acc,0
SS1651678259296,US,RV,RV,3,acc,1
SS1651678259296,US,RV,RV,4,acc,0
SS1651678259296,US,RV,RV,5,acc,0
SS1651678259296,US,RV,RV,6,acc,0
SS1651678259296,US,RV,RV,7,acc,0
SS1651678259296,US,RV,RV,8,acc,0
SS1651678259296,US,RV,RV,9,acc,0
SS1651678259296,US,RV,RV,10,acc,1
SS1651678259296,US,RV,RV,11,acc,0
SS1651678259296,US,RV,RV,12,acc,0
SS1651678260164,US,RV,RV,1,acc,0
SS1651678260164,US,RV,RV,2,acc,0
SS1651678260164,US,RV,RV,3,acc,0
SS1651678260164,US,RV,RV,4,acc,0
SS1651678260164,US,RV,RV,5,acc,0
SS1651678260164,US,RV,RV,6,acc,0
SS1651678260164,US,RV,RV,7,acc,1
SS1651678260164,US,RV,RV,8,acc,0
SS1651678260164,US,RV,RV,9,acc,0
SS1651678260164,US,RV,RV,10,acc,0
SS1651678260164,US,RV,RV,11,acc,0
SS1651678260164,US,RV,RV,12,acc,0
SS1651678260331,US,RV,RV,1,acc,0
SS1651678260331,US,RV,RV,2,acc,1
SS1651678260331,US,RV,RV,3,acc,1
SS1651678260331,US,RV,RV,4,acc,1
SS1651678260331,US,RV,RV,5,acc,1
SS1651678260331,US,RV,RV,6,acc,0
SS1651678260331,US,RV,RV,7,acc,1
SS1651678260331,US,RV,RV,8,acc,1
SS1651678260331,US,RV,RV,9,acc,1
SS1651678260331,US,RV,RV,10,acc,0
SS1651678260331,US,RV,RV,11,acc,0
SS1651678260331,US,RV,RV,12,acc,0
SS1651678260663,US,RV,RV,1,acc,1
SS1651678260663,US,RV,RV,2,acc,1
SS1651678260663,US,RV,RV,3,acc,1
SS1651678260663,US,RV,RV,4,acc,1
SS1651678260663,US,RV,RV,5,acc,1
SS1651678260663,US,RV,RV,6,acc,1
SS1651678260663,US,RV,RV,7,acc,1
SS1651678260663,US,RV,RV,8,acc,1
SS1651678260663,US,RV,RV,9,acc,0
SS1651678260663,US,RV,RV,10,acc,1
SS1651678260663,US,RV,RV,11,acc,0
SS1651678260663,US,RV,RV,12,acc,0
SS1651678261063,US,RV,RV,1,acc,0
SS1651678261063,US,RV,RV,2,acc,0
SS1651678261063,US,RV,RV,3,acc,1
SS1651678261063,US,RV,RV,4,acc,0
SS1651678261063,US,RV,RV,5,acc,1
SS1651678261063,US,RV,RV,6,acc,1
SS1651678261063,US,RV,RV,7,acc,0
SS1651678261063,US,RV,RV,8,acc,1
SS1651678261063,US,RV,RV,9,acc,1
SS1651678261063,US,RV,RV,10,acc,0
SS1651678261063,US,RV,RV,11,acc,0
SS1651678261063,US,RV,RV,12,acc,1
SS1651678261912,US,RV,RV,1,acc,1
SS1651678261912,US,RV,RV,2,acc,1
SS1651678261912,US,RV,RV,3,acc,0
SS1651678261912,US,RV,RV,4,acc,1
SS1651678261912,US,RV,RV,5,acc,1
SS1651678261912,US,RV,RV,6,acc,1
SS1651678261912,US,RV,RV,7,acc,0
SS1651678261912,US,RV,RV,8,acc,0
SS1651678261912,US,RV,RV,9,acc,1
SS1651678261912,US,RV,RV,10,acc,0
SS1651678261912,US,RV,RV,11,acc,0
SS1651678261912,US,RV,RV,12,acc,0
SS1651678262590,US,RV,RV,1,acc,1
SS1651678262590,US,RV,RV,2,acc,1
SS1651678262590,US,RV,RV,3,acc,1
SS1651678262590,US,RV,RV,4,acc,1
SS1651678262590,US,RV,RV,5,acc,1
SS1651678262590,US,RV,RV,6,acc,1
SS1651678262590,US,RV,RV,7,acc,1
SS1651678262590,US,RV,RV,8,acc,1
SS1651678262590,US,RV,RV,9,acc,1
SS1651678262590,US,RV,RV,10,acc,1
SS1651678262590,US,RV,RV,11,acc,0
SS1651678262590,US,RV,RV,12,acc,1
SS1651678262854,US,RV,RV,1,acc,1
SS1651678262854,US,RV,RV,2,acc,1
SS1651678262854,US,RV,RV,3,acc,1
SS1651678262854,US,RV,RV,4,acc,1
SS1651678262854,US,RV,RV,5,acc,1
SS1651678262854,US,RV,RV,6,acc,1
SS1651678262854,US,RV,RV,7,acc,1
SS1651678262854,US,RV,RV,8,acc,0
SS1651678262854,US,RV,RV,9,acc,0
SS1651678262854,US,RV,RV,10,acc,1
SS1651678262854,US,RV,RV,11,acc,0
SS1651678262854,US,RV,RV,12,acc,0
SS1651678263725,US,RV,RV,1,acc,1
SS1651678263725,US,RV,RV,2,acc,1
SS1651678263725,US,RV,RV,3,acc,1
SS1651678263725,US,RV,RV,4,acc,1
SS1651678263725,US,RV,RV,5,acc,1
SS1651678263725,US,RV,RV,6,acc,1
SS1651678263725,US,RV,RV,7,acc,1
SS1651678263725,US,RV,RV,8,acc,1
SS1651678263725,US,RV,RV,9,acc,1
SS1651678263725,US,RV,RV,10,acc,0
SS1651678263725,US,RV,RV,11,acc,0
SS1651678263725,US,RV,RV,12,acc,1
SS1651678265100,US,RV,RV,1,acc,1
SS1651678265100,US,RV,RV,2,acc,0
SS1651678265100,US,RV,RV,3,acc,0
SS1651678265100,US,RV,RV,4,acc,1
SS1651678265100,US,RV,RV,5,acc,1
SS1651678265100,US,RV,RV,6,acc,0
SS1651678265100,US,RV,RV,7,acc,1
SS1651678265100,US,RV,RV,8,acc,1
SS1651678265100,US,RV,RV,9,acc,1
SS1651678265100,US,RV,RV,10,acc,0
SS1651678265100,US,RV,RV,11,acc,1
SS1651678265100,US,RV,RV,12,acc,0
SS1651678265263,US,RV,RV,1,acc,1
SS1651678265263,US,RV,RV,2,acc,1
SS1651678265263,US,RV,RV,3,acc,1
SS1651678265263,US,RV,RV,4,acc,1
SS1651678265263,US,RV,RV,5,acc,1
SS1651678265263,US,RV,RV,6,acc,1
SS1651678265263,US,RV,RV,7,acc,1
SS1651678265263,US,RV,RV,8,acc,0
SS1651678265263,US,RV,RV,9,acc,1
SS1651678265263,US,RV,RV,10,acc,0
SS1651678265263,US,RV,RV,11,acc,0
SS1651678265263,US,RV,RV,12,acc,0
SS1651678267011,US,RV,RV,1,acc,1
SS1651678267011,US,RV,RV,2,acc,1
SS1651678267011,US,RV,RV,3,acc,1
SS1651678267011,US,RV,RV,4,acc,1
SS1651678267011,US,RV,RV,5,acc,1
SS1651678267011,US,RV,RV,6,acc,0
SS1651678267011,US,RV,RV,7,acc,1
SS1651678267011,US,RV,RV,8,acc,1
SS1651678267011,US,RV,RV,9,acc,1
SS1651678267011,US,RV,RV,10,acc,0
SS1651678267011,US,RV,RV,11,acc,0
SS1651678267011,US,RV,RV,12,acc,0
SS1651678267140,US,RV,RV,1,acc,1
SS1651678267140,US,RV,RV,2,acc,1
SS1651678267140,US,RV,RV,3,acc,0
SS1651678267140,US,RV,RV,4,acc,0
SS1651678267140,US,RV,RV,5,acc,1
SS1651678267140,US,RV,RV,6,acc,0
SS1651678267140,US,RV,RV,7,acc,1
SS1651678267140,US,RV,RV,8,acc,1
SS1651678267140,US,RV,RV,9,acc,0
SS1651678267140,US,RV,RV,10,acc,0
SS1651678267140,US,RV,RV,11,acc,0
SS1651678267140,US,RV,RV,12,acc,0
SS1651678267405,US,RV,RV,1,acc,1
SS1651678267405,US,RV,RV,2,acc,1
SS1651678267405,US,RV,RV,3,acc,1
SS1651678267405,US,RV,RV,4,acc,0
SS1651678267405,US,RV,RV,5,acc,1
SS1651678267405,US,RV,RV,6,acc,0
SS1651678267405,US,RV,RV,7,acc,1
SS1651678267405,US,RV,RV,8,acc,0
SS1651678267405,US,RV,RV,9,acc,1
SS1651678267405,US,RV,RV,10,acc,0
SS1651678267405,US,RV,RV,11,acc,0
SS1651678267405,US,RV,RV,12,acc,0
SS1651678268119,US,RV,RV,1,acc,1
SS1651678268119,US,RV,RV,2,acc,0
SS1651678268119,US,RV,RV,3,acc,0
SS1651678268119,US,RV,RV,4,acc,0
SS1651678268119,US,RV,RV,5,acc,0
SS1651678268119,US,RV,RV,6,acc,0
SS1651678268119,US,RV,RV,7,acc,0
SS1651678268119,US,RV,RV,8,acc,0
SS1651678268119,US,RV,RV,9,acc,0
SS1651678268119,US,RV,RV,10,acc,0
SS1651678268119,US,RV,RV,11,acc,1
SS1651678268119,US,RV,RV,12,acc,0
SS1651678270245,US,RV,RV,1,acc,0
SS1651678270245,US,RV,RV,2,acc,1
SS1651678270245,US,RV,RV,3,acc,1
SS1651678270245,US,RV,RV,4,acc,0
SS1651678270245,US,RV,RV,5,acc,1
SS1651678270245,US,RV,RV,6,acc,0
SS1651678270245,US,RV,RV,7,acc,0
SS1651678270245,US,RV,RV,8,acc,1
SS1651678270245,US,RV,RV,9,acc,0
SS1651678270245,US,RV,RV,10,acc,0
SS1651678270245,US,RV,RV,11,acc,1
SS1651678270245,US,RV,RV,12,acc,0
SS1651678270524,US,RV,RV,1,acc,1
SS1651678270524,US,RV,RV,2,acc,1
SS1651678270524,US,RV,RV,3,acc,1
SS1651678270524,US,RV,RV,4,acc,1
SS1651678270524,US,RV,RV,5,acc,1
SS1651678270524,US,RV,RV,6,acc,0
SS1651678270524,US,RV,RV,7,acc,0
SS1651678270524,US,RV,RV,8,acc,1
SS1651678270524,US,RV,RV,9,acc,1
SS1651678270524,US,RV,RV,10,acc,0
SS1651678270524,US,RV,RV,11,acc,0
SS1651678270524,US,RV,RV,12,acc,0
SS1651678271326,US,RV,RV,1,acc,1
SS1651678271326,US,RV,RV,2,acc,1
SS1651678271326,US,RV,RV,3,acc,1
SS1651678271326,US,RV,RV,4,acc,1
SS1651678271326,US,RV,RV,5,acc,1
SS1651678271326,US,RV,RV,6,acc,1
SS1651678271326,US,RV,RV,7,acc,0
SS1651678271326,US,RV,RV,8,acc,1
SS1651678271326,US,RV,RV,9,acc,0
SS1651678271326,US,RV,RV,10,acc,1
SS1651678271326,US,RV,RV,11,acc,1
SS1651678271326,US,RV,RV,12,acc,0
SS1651678274966,US,RV,RV,1,acc,1
SS1651678274966,US,RV,RV,2,acc,1
SS1651678274966,US,RV,RV,3,acc,1
SS1651678274966,US,RV,RV,4,acc,1
SS1651678274966,US,RV,RV,5,acc,1
SS1651678274966,US,RV,RV,6,acc,1
SS1651678274966,US,RV,RV,7,acc,1
SS1651678274966,US,RV,RV,8,acc,1
SS1651678274966,US,RV,RV,9,acc,0
SS1651678274966,US,RV,RV,10,acc,1
SS1651678274966,US,RV,RV,11,acc,0
SS1651678274966,US,RV,RV,12,acc,1
SS1651678278178,US,RV,RV,1,acc,1
SS1651678278178,US,RV,RV,2,acc,1
SS1651678278178,US,RV,RV,3,acc,1
SS1651678278178,US,RV,RV,4,acc,1
SS1651678278178,US,RV,RV,5,acc,1
SS1651678278178,US,RV,RV,6,acc,1
SS1651678278178,US,RV,RV,7,acc,1
SS1651678278178,US,RV,RV,8,acc,1
SS1651678278178,US,RV,RV,9,acc,1
SS1651678278178,US,RV,RV,10,acc,0
SS1651678278178,US,RV,RV,11,acc,0
SS1651678278178,US,RV,RV,12,acc,0
SS1651678298946,US,RV,RV,1,acc,1
SS1651678298946,US,RV,RV,2,acc,1
SS1651678298946,US,RV,RV,3,acc,1
SS1651678298946,US,RV,RV,4,acc,1
SS1651678298946,US,RV,RV,5,acc,1
SS1651678298946,US,RV,RV,6,acc,0
SS1651678298946,US,RV,RV,7,acc,0
SS1651678298946,US,RV,RV,8,acc,0
SS1651678298946,US,RV,RV,9,acc,0
SS1651678298946,US,RV,RV,10,acc,0
SS1651678298946,US,RV,RV,11,acc,0
SS1651678298946,US,RV,RV,12,acc,0
SS1651678302508,US,RV,RV,1,acc,1
SS1651678302508,US,RV,RV,2,acc,1
SS1651678302508,US,RV,RV,3,acc,1
SS1651678302508,US,RV,RV,4,acc,1
SS1651678302508,US,RV,RV,5,acc,1
SS1651678302508,US,RV,RV,6,acc,1
SS1651678302508,US,RV,RV,7,acc,1
SS1651678302508,US,RV,RV,8,acc,1
SS1651678302508,US,RV,RV,9,acc,0
SS1651678302508,US,RV,RV,10,acc,0
SS1651678302508,US,RV,RV,11,acc,0
SS1651678302508,US,RV,RV,12,acc,0
SS1651678327719,US,RV,RV,1,acc,1
SS1651678327719,US,RV,RV,2,acc,1
SS1651678327719,US,RV,RV,3,acc,1
SS1651678327719,US,RV,RV,4,acc,0
SS1651678327719,US,RV,RV,5,acc,1
SS1651678327719,US,RV,RV,6,acc,1
SS1651678327719,US,RV,RV,7,acc,1
SS1651678327719,US,RV,RV,8,acc,0
SS1651678327719,US,RV,RV,9,acc,0
SS1651678327719,US,RV,RV,10,acc,0
SS1651678327719,US,RV,RV,11,acc,1
SS1651678327719,US,RV,RV,12,acc,0
SS1651678328286,US,RV,RV,1,acc,1
SS1651678328286,US,RV,RV,2,acc,1
SS1651678328286,US,RV,RV,3,acc,1
SS1651678328286,US,RV,RV,4,acc,1
SS1651678328286,US,RV,RV,5,acc,1
SS1651678328286,US,RV,RV,6,acc,1
SS1651678328286,US,RV,RV,7,acc,1
SS1651678328286,US,RV,RV,8,acc,1
SS1651678328286,US,RV,RV,9,acc,1
SS1651678328286,US,RV,RV,10,acc,0
SS1651678328286,US,RV,RV,11,acc,1
SS1651678328286,US,RV,RV,12,acc,0
SS1651678331156,US,RV,RV,1,acc,1
SS1651678331156,US,RV,RV,2,acc,1
SS1651678331156,US,RV,RV,3,acc,1
SS1651678331156,US,RV,RV,4,acc,1
SS1651678331156,US,RV,RV,5,acc,1
SS1651678331156,US,RV,RV,6,acc,1
SS1651678331156,US,RV,RV,7,acc,0
SS1651678331156,US,RV,RV,8,acc,0
SS1651678331156,US,RV,RV,9,acc,1
SS1651678331156,US,RV,RV,10,acc,0
SS1651678331156,US,RV,RV,11,acc,0
SS1651678331156,US,RV,RV,12,acc,0
SS1651678353530,US,RV,RV,1,acc,0
SS1651678353530,US,RV,RV,2,acc,1
SS1651678353530,US,RV,RV,3,acc,1
SS1651678353530,US,RV,RV,4,acc,0
SS1651678353530,US,RV,RV,5,acc,0
SS1651678353530,US,RV,RV,6,acc,1
SS1651678353530,US,RV,RV,7,acc,0
SS1651678353530,US,RV,RV,8,acc,0
SS1651678353530,US,RV,RV,9,acc,0
SS1651678353530,US,RV,RV,10,acc,0
SS1651678353530,US,RV,RV,11,acc,0
SS1651678353530,US,RV,RV,12,acc,0
SS1651678384991,US,RV,RV,1,acc,0
SS1651678384991,US,RV,RV,2,acc,1
SS1651678384991,US,RV,RV,3,acc,1
SS1651678384991,US,RV,RV,4,acc,1
SS1651678384991,US,RV,RV,5,acc,1
SS1651678384991,US,RV,RV,6,acc,1
SS1651678384991,US,RV,RV,7,acc,1
SS1651678384991,US,RV,RV,8,acc,1
SS1651678384991,US,RV,RV,9,acc,0
SS1651678384991,US,RV,RV,10,acc,0
SS1651678384991,US,RV,RV,11,acc,1
SS1651678384991,US,RV,RV,12,acc,0
SS1651678386286,US,RV,RV,1,acc,0
SS1651678386286,US,RV,RV,2,acc,0
SS1651678386286,US,RV,RV,3,acc,0
SS1651678386286,US,RV,RV,4,acc,0
SS1651678386286,US,RV,RV,5,acc,1
SS1651678386286,US,RV,RV,6,acc,0
SS1651678386286,US,RV,RV,7,acc,1
SS1651678386286,US,RV,RV,8,acc,0
SS1651678386286,US,RV,RV,9,acc,0
SS1651678386286,US,RV,RV,10,acc,0
SS1651678386286,US,RV,RV,11,acc,0
SS1651678386286,US,RV,RV,12,acc,0
SS1651678409670,US,RV,RV,1,acc,1
SS1651678409670,US,RV,RV,2,acc,1
SS1651678409670,US,RV,RV,3,acc,1
SS1651678409670,US,RV,RV,4,acc,0
SS1651678409670,US,RV,RV,5,acc,1
SS1651678409670,US,RV,RV,6,acc,0
SS1651678409670,US,RV,RV,7,acc,0
SS1651678409670,US,RV,RV,8,acc,0
SS1651678409670,US,RV,RV,9,acc,0
SS1651678409670,US,RV,RV,10,acc,0
SS1651678409670,US,RV,RV,11,acc,0
SS1651678409670,US,RV,RV,12,acc,0
SS1651678434328,US,RV,RV,1,acc,1
SS1651678434328,US,RV,RV,2,acc,1
SS1651678434328,US,RV,RV,3,acc,1
SS1651678434328,US,RV,RV,4,acc,1
SS1651678434328,US,RV,RV,5,acc,1
SS1651678434328,US,RV,RV,6,acc,1
SS1651678434328,US,RV,RV,7,acc,1
SS1651678434328,US,RV,RV,8,acc,1
SS1651678434328,US,RV,RV,9,acc,0
SS1651678434328,US,RV,RV,10,acc,1
SS1651678434328,US,RV,RV,11,acc,1
SS1651678434328,US,RV,RV,12,acc,1
SS1651678459452,US,RV,RV,1,acc,1
SS1651678459452,US,RV,RV,2,acc,1
SS1651678459452,US,RV,RV,3,acc,1
SS1651678459452,US,RV,RV,4,acc,0
SS1651678459452,US,RV,RV,5,acc,0
SS1651678459452,US,RV,RV,6,acc,1
SS1651678459452,US,RV,RV,7,acc,0
SS1651678459452,US,RV,RV,8,acc,0
SS1651678459452,US,RV,RV,9,acc,0
SS1651678459452,US,RV,RV,10,acc,0
SS1651678459452,US,RV,RV,11,acc,0
SS1651678459452,US,RV,RV,12,acc,0
SS1651678462364,US,RV,RV,1,acc,1
SS1651678462364,US,RV,RV,2,acc,1
SS1651678462364,US,RV,RV,3,acc,1
SS1651678462364,US,RV,RV,4,acc,1
SS1651678462364,US,RV,RV,5,acc,1
SS1651678462364,US,RV,RV,6,acc,1
SS1651678462364,US,RV,RV,7,acc,1
SS1651678462364,US,RV,RV,8,acc,1
SS1651678462364,US,RV,RV,9,acc,1
SS1651678462364,US,RV,RV,10,acc,1
SS1651678462364,US,RV,RV,11,acc,0
SS1651678462364,US,RV,RV,12,acc,0
SS1651678474300,US,RV,RV,1,acc,0
SS1651678474300,US,RV,RV,2,acc,1
SS1651678474300,US,RV,RV,3,acc,0
SS1651678474300,US,RV,RV,4,acc,0
SS1651678474300,US,RV,RV,5,acc,1
SS1651678474300,US,RV,RV,6,acc,1
SS1651678474300,US,RV,RV,7,acc,0
SS1651678474300,US,RV,RV,8,acc,0
SS1651678474300,US,RV,RV,9,acc,0
SS1651678474300,US,RV,RV,10,acc,0
SS1651678474300,US,RV,RV,11,acc,0
SS1651678474300,US,RV,RV,12,acc,1
SS1651678537895,US,RV,RV,1,acc,1
SS1651678537895,US,RV,RV,2,acc,1
SS1651678537895,US,RV,RV,3,acc,1
SS1651678537895,US,RV,RV,4,acc,1
SS1651678537895,US,RV,RV,5,acc,1
SS1651678537895,US,RV,RV,6,acc,1
SS1651678537895,US,RV,RV,7,acc,0
SS1651678537895,US,RV,RV,8,acc,0
SS1651678537895,US,RV,RV,9,acc,0
SS1651678537895,US,RV,RV,10,acc,1
SS1651678537895,US,RV,RV,11,acc,0
SS1651678537895,US,RV,RV,12,acc,1
SS1651678538948,US,RV,RV,1,acc,0
SS1651678538948,US,RV,RV,2,acc,1
SS1651678538948,US,RV,RV,3,acc,1
SS1651678538948,US,RV,RV,4,acc,1
SS1651678538948,US,RV,RV,5,acc,1
SS1651678538948,US,RV,RV,6,acc,1
SS1651678538948,US,RV,RV,7,acc,1
SS1651678538948,US,RV,RV,8,acc,1
SS1651678538948,US,RV,RV,9,acc,0
SS1651678538948,US,RV,RV,10,acc,0
SS1651678538948,US,RV,RV,11,acc,0
SS1651678538948,US,RV,RV,12,acc,1
SS1651678556653,US,RV,RV,1,acc,1
SS1651678556653,US,RV,RV,2,acc,1
SS1651678556653,US,RV,RV,3,acc,1
SS1651678556653,US,RV,RV,4,acc,1
SS1651678556653,US,RV,RV,5,acc,1
SS1651678556653,US,RV,RV,6,acc,1
SS1651678556653,US,RV,RV,7,acc,1
SS1651678556653,US,RV,RV,8,acc,1
SS1651678556653,US,RV,RV,9,acc,1
SS1651678556653,US,RV,RV,10,acc,1
SS1651678556653,US,RV,RV,11,acc,0
SS1651678556653,US,RV,RV,12,acc,1
SS1651678559284,US,RV,RV,1,acc,1
SS1651678559284,US,RV,RV,2,acc,1
SS1651678559284,US,RV,RV,3,acc,1
SS1651678559284,US,RV,RV,4,acc,1
SS1651678559284,US,RV,RV,5,acc,1
SS1651678559284,US,RV,RV,6,acc,1
SS1651678559284,US,RV,RV,7,acc,1
SS1651678559284,US,RV,RV,8,acc,1
SS1651678559284,US,RV,RV,9,acc,1
SS1651678559284,US,RV,RV,10,acc,1
SS1651678559284,US,RV,RV,11,acc,1
SS1651678559284,US,RV,RV,12,acc,1
SS1651678574838,US,RV,RV,1,acc,1
SS1651678574838,US,RV,RV,2,acc,1
SS1651678574838,US,RV,RV,3,acc,1
SS1651678574838,US,RV,RV,4,acc,1
SS1651678574838,US,RV,RV,5,acc,1
SS1651678574838,US,RV,RV,6,acc,1
SS1651678574838,US,RV,RV,7,acc,1
SS1651678574838,US,RV,RV,8,acc,1
SS1651678574838,US,RV,RV,9,acc,1
SS1651678574838,US,RV,RV,10,acc,0
SS1651678574838,US,RV,RV,11,acc,0
SS1651678574838,US,RV,RV,12,acc,0
SS1651678625157,US,RV,RV,1,acc,1
SS1651678625157,US,RV,RV,2,acc,1
SS1651678625157,US,RV,RV,3,acc,1
SS1651678625157,US,RV,RV,4,acc,0
SS1651678625157,US,RV,RV,5,acc,0
SS1651678625157,US,RV,RV,6,acc,0
SS1651678625157,US,RV,RV,7,acc,0
SS1651678625157,US,RV,RV,8,acc,0
SS1651678625157,US,RV,RV,9,acc,0
SS1651678625157,US,RV,RV,10,acc,0
SS1651678625157,US,RV,RV,11,acc,0
SS1651678625157,US,RV,RV,12,acc,0
SS1651678626616,US,RV,RV,1,acc,1
SS1651678626616,US,RV,RV,2,acc,1
SS1651678626616,US,RV,RV,3,acc,1
SS1651678626616,US,RV,RV,4,acc,1
SS1651678626616,US,RV,RV,5,acc,1
SS1651678626616,US,RV,RV,6,acc,1
SS1651678626616,US,RV,RV,7,acc,1
SS1651678626616,US,RV,RV,8,acc,1
SS1651678626616,US,RV,RV,9,acc,1
SS1651678626616,US,RV,RV,10,acc,1
SS1651678626616,US,RV,RV,11,acc,1
SS1651678626616,US,RV,RV,12,acc,0
SS1651678635745,US,RV,RV,1,acc,0
SS1651678635745,US,RV,RV,2,acc,0
SS1651678635745,US,RV,RV,3,acc,0
SS1651678635745,US,RV,RV,4,acc,0
SS1651678635745,US,RV,RV,5,acc,0
SS1651678635745,US,RV,RV,6,acc,0
SS1651678635745,US,RV,RV,7,acc,0
SS1651678635745,US,RV,RV,8,acc,0
SS1651678635745,US,RV,RV,9,acc,0
SS1651678635745,US,RV,RV,10,acc,0
SS1651678635745,US,RV,RV,11,acc,0
SS1651678635745,US,RV,RV,12,acc,0
SS1651678637077,US,RV,RV,1,acc,0
SS1651678637077,US,RV,RV,2,acc,1
SS1651678637077,US,RV,RV,3,acc,1
SS1651678637077,US,RV,RV,4,acc,1
SS1651678637077,US,RV,RV,5,acc,1
SS1651678637077,US,RV,RV,6,acc,1
SS1651678637077,US,RV,RV,7,acc,1
SS1651678637077,US,RV,RV,8,acc,1
SS1651678637077,US,RV,RV,9,acc,0
SS1651678637077,US,RV,RV,10,acc,1
SS1651678637077,US,RV,RV,11,acc,0
SS1651678637077,US,RV,RV,12,acc,1
SS1651678701050,US,RV,RV,1,acc,0
SS1651678701050,US,RV,RV,2,acc,0
SS1651678701050,US,RV,RV,3,acc,0
SS1651678701050,US,RV,RV,4,acc,0
SS1651678701050,US,RV,RV,5,acc,0
SS1651678701050,US,RV,RV,6,acc,0
SS1651678701050,US,RV,RV,7,acc,0
SS1651678701050,US,RV,RV,8,acc,0
SS1651678701050,US,RV,RV,9,acc,0
SS1651678701050,US,RV,RV,10,acc,0
SS1651678701050,US,RV,RV,11,acc,0
SS1651678701050,US,RV,RV,12,acc,0
SS1651678717637,US,RV,RV,1,acc,1
SS1651678717637,US,RV,RV,2,acc,1
SS1651678717637,US,RV,RV,3,acc,1
SS1651678717637,US,RV,RV,4,acc,1
SS1651678717637,US,RV,RV,5,acc,1
SS1651678717637,US,RV,RV,6,acc,1
SS1651678717637,US,RV,RV,7,acc,0
SS1651678717637,US,RV,RV,8,acc,0
SS1651678717637,US,RV,RV,9,acc,0
SS1651678717637,US,RV,RV,10,acc,0
SS1651678717637,US,RV,RV,11,acc,0
SS1651678717637,US,RV,RV,12,acc,0
SS1651678770686,US,RV,RV,1,acc,1
SS1651678770686,US,RV,RV,2,acc,1
SS1651678770686,US,RV,RV,3,acc,1
SS1651678770686,US,RV,RV,4,acc,0
SS1651678770686,US,RV,RV,5,acc,1
SS1651678770686,US,RV,RV,6,acc,0
SS1651678770686,US,RV,RV,7,acc,1
SS1651678770686,US,RV,RV,8,acc,0
SS1651678770686,US,RV,RV,9,acc,0
SS1651678770686,US,RV,RV,10,acc,0
SS1651678770686,US,RV,RV,11,acc,0
SS1651678770686,US,RV,RV,12,acc,0
SS1651678809453,US,RV,RV,1,acc,0
SS1651678809453,US,RV,RV,2,acc,1
SS1651678809453,US,RV,RV,3,acc,1
SS1651678809453,US,RV,RV,4,acc,1
SS1651678809453,US,RV,RV,5,acc,1
SS1651678809453,US,RV,RV,6,acc,1
SS1651678809453,US,RV,RV,7,acc,1
SS1651678809453,US,RV,RV,8,acc,1
SS1651678809453,US,RV,RV,9,acc,1
SS1651678809453,US,RV,RV,10,acc,1
SS1651678809453,US,RV,RV,11,acc,0
SS1651678809453,US,RV,RV,12,acc,1
SS1651678955017,US,RV,RV,1,acc,0
SS1651678955017,US,RV,RV,2,acc,1
SS1651678955017,US,RV,RV,3,acc,1
SS1651678955017,US,RV,RV,4,acc,0
SS1651678955017,US,RV,RV,5,acc,0
SS1651678955017,US,RV,RV,6,acc,1
SS1651678955017,US,RV,RV,7,acc,0
SS1651678955017,US,RV,RV,8,acc,0
SS1651678955017,US,RV,RV,9,acc,0
SS1651678955017,US,RV,RV,10,acc,0
SS1651678955017,US,RV,RV,11,acc,0
SS1651678955017,US,RV,RV,12,acc,0
SS1651679034205,US,RV,RV,1,acc,0
SS1651679034205,US,RV,RV,2,acc,0
SS1651679034205,US,RV,RV,3,acc,1
SS1651679034205,US,RV,RV,4,acc,0
SS1651679034205,US,RV,RV,5,acc,0
SS1651679034205,US,RV,RV,6,acc,0
SS1651679034205,US,RV,RV,7,acc,0
SS1651679034205,US,RV,RV,8,acc,0
SS1651679034205,US,RV,RV,9,acc,0
SS1651679034205,US,RV,RV,10,acc,0
SS1651679034205,US,RV,RV,11,acc,0
SS1651679034205,US,RV,RV,12,acc,0
SS1651679448134,US,RV,RV,1,acc,1
SS1651679448134,US,RV,RV,2,acc,1
SS1651679448134,US,RV,RV,3,acc,1
SS1651679448134,US,RV,RV,4,acc,1
SS1651679448134,US,RV,RV,5,acc,1
SS1651679448134,US,RV,RV,6,acc,1
SS1651679448134,US,RV,RV,7,acc,1
SS1651679448134,US,RV,RV,8,acc,1
SS1651679448134,US,RV,RV,9,acc,1
SS1651679448134,US,RV,RV,10,acc,0
SS1651679448134,US,RV,RV,11,acc,0
SS1651679448134,US,RV,RV,12,acc,0
SS1651679534071,US,RV,RV,1,acc,1
SS1651679534071,US,RV,RV,2,acc,1
SS1651679534071,US,RV,RV,3,acc,1
SS1651679534071,US,RV,RV,4,acc,1
SS1651679534071,US,RV,RV,5,acc,1
SS1651679534071,US,RV,RV,6,acc,0
SS1651679534071,US,RV,RV,7,acc,0
SS1651679534071,US,RV,RV,8,acc,0
SS1651679534071,US,RV,RV,9,acc,1
SS1651679534071,US,RV,RV,10,acc,0
SS1651679534071,US,RV,RV,11,acc,0
SS1651679534071,US,RV,RV,12,acc,0
SS1651679569580,US,RV,RV,1,acc,1
SS1651679569580,US,RV,RV,2,acc,1
SS1651679569580,US,RV,RV,3,acc,1
SS1651679569580,US,RV,RV,4,acc,1
SS1651679569580,US,RV,RV,5,acc,1
SS1651679569580,US,RV,RV,6,acc,0
SS1651679569580,US,RV,RV,7,acc,0
SS1651679569580,US,RV,RV,8,acc,0
SS1651679569580,US,RV,RV,9,acc,0
SS1651679569580,US,RV,RV,10,acc,0
SS1651679569580,US,RV,RV,11,acc,0
SS1651679569580,US,RV,RV,12,acc,1
SS1651679629301,US,RV,RV,1,acc,1
SS1651679629301,US,RV,RV,2,acc,1
SS1651679629301,US,RV,RV,3,acc,1
SS1651679629301,US,RV,RV,4,acc,1
SS1651679629301,US,RV,RV,5,acc,1
SS1651679629301,US,RV,RV,6,acc,1
SS1651679629301,US,RV,RV,7,acc,1
SS1651679629301,US,RV,RV,8,acc,1
SS1651679629301,US,RV,RV,9,acc,0
SS1651679629301,US,RV,RV,10,acc,0
SS1651679629301,US,RV,RV,11,acc,0
SS1651679629301,US,RV,RV,12,acc,0
SS1651679984067,US,RV,RV,1,acc,0
SS1651679984067,US,RV,RV,2,acc,0
SS1651679984067,US,RV,RV,3,acc,1
SS1651679984067,US,RV,RV,4,acc,1
SS1651679984067,US,RV,RV,5,acc,1
SS1651679984067,US,RV,RV,6,acc,1
SS1651679984067,US,RV,RV,7,acc,0
SS1651679984067,US,RV,RV,8,acc,0
SS1651679984067,US,RV,RV,9,acc,1
SS1651679984067,US,RV,RV,10,acc,0
SS1651679984067,US,RV,RV,11,acc,0
SS1651679984067,US,RV,RV,12,acc,0
SS1651680129189,US,RV,RV,1,acc,0
SS1651680129189,US,RV,RV,2,acc,1
SS1651680129189,US,RV,RV,3,acc,0
SS1651680129189,US,RV,RV,4,acc,0
SS1651680129189,US,RV,RV,5,acc,0
SS1651680129189,US,RV,RV,6,acc,0
SS1651680129189,US,RV,RV,7,acc,0
SS1651680129189,US,RV,RV,8,acc,0
SS1651680129189,US,RV,RV,9,acc,0
SS1651680129189,US,RV,RV,10,acc,0
SS1651680129189,US,RV,RV,11,acc,0
SS1651680129189,US,RV,RV,12,acc,0
SS1651680530568,US,RV,RV,1,acc,0
SS1651680530568,US,RV,RV,2,acc,0
SS1651680530568,US,RV,RV,3,acc,1
SS1651680530568,US,RV,RV,4,acc,0
SS1651680530568,US,RV,RV,5,acc,0
SS1651680530568,US,RV,RV,6,acc,1
SS1651680530568,US,RV,RV,7,acc,0
SS1651680530568,US,RV,RV,8,acc,0
SS1651680530568,US,RV,RV,9,acc,0
SS1651680530568,US,RV,RV,10,acc,0
SS1651680530568,US,RV,RV,11,acc,0
SS1651680530568,US,RV,RV,12,acc,0
SS1651680818305,US,RV,RV,1,acc,0
SS1651680818305,US,RV,RV,2,acc,1
SS1651680818305,US,RV,RV,3,acc,1
SS1651680818305,US,RV,RV,4,acc,0
SS1651680818305,US,RV,RV,5,acc,0
SS1651680818305,US,RV,RV,6,acc,0
SS1651680818305,US,RV,RV,7,acc,0
SS1651680818305,US,RV,RV,8,acc,0
SS1651680818305,US,RV,RV,9,acc,1
SS1651680818305,US,RV,RV,10,acc,0
SS1651680818305,US,RV,RV,11,acc,0
SS1651680818305,US,RV,RV,12,acc,0
SS1651680994828,US,RV,RV,1,acc,1
SS1651680994828,US,RV,RV,2,acc,1
SS1651680994828,US,RV,RV,3,acc,0
SS1651680994828,US,RV,RV,4,acc,1
SS1651680994828,US,RV,RV,5,acc,1
SS1651680994828,US,RV,RV,6,acc,1
SS1651680994828,US,RV,RV,7,acc,0
SS1651680994828,US,RV,RV,8,acc,0
SS1651680994828,US,RV,RV,9,acc,0
SS1651680994828,US,RV,RV,10,acc,0
SS1651680994828,US,RV,RV,11,acc,0
SS1651680994828,US,RV,RV,12,acc,0
SS1651681877580,US,RV,RV,1,acc,1
SS1651681877580,US,RV,RV,2,acc,1
SS1651681877580,US,RV,RV,3,acc,1
SS1651681877580,US,RV,RV,4,acc,1
SS1651681877580,US,RV,RV,5,acc,1
SS1651681877580,US,RV,RV,6,acc,1
SS1651681877580,US,RV,RV,7,acc,1
SS1651681877580,US,RV,RV,8,acc,0
SS1651681877580,US,RV,RV,9,acc,0
SS1651681877580,US,RV,RV,10,acc,0
SS1651681877580,US,RV,RV,11,acc,0
SS1651681877580,US,RV,RV,12,acc,1
SS1651682805154,US,RV,RV,1,acc,1
SS1651682805154,US,RV,RV,2,acc,1
SS1651682805154,US,RV,RV,3,acc,1
SS1651682805154,US,RV,RV,4,acc,1
SS1651682805154,US,RV,RV,5,acc,1
SS1651682805154,US,RV,RV,6,acc,0
SS1651682805154,US,RV,RV,7,acc,1
SS1651682805154,US,RV,RV,8,acc,1
SS1651682805154,US,RV,RV,9,acc,0
SS1651682805154,US,RV,RV,10,acc,0
SS1651682805154,US,RV,RV,11,acc,0
SS1651682805154,US,RV,RV,12,acc,0
SS1651687447221,US,RV,RV,1,acc,1
SS1651687447221,US,RV,RV,2,acc,1
SS1651687447221,US,RV,RV,3,acc,1
SS1651687447221,US,RV,RV,4,acc,1
SS1651687447221,US,RV,RV,5,acc,1
SS1651687447221,US,RV,RV,6,acc,0
SS1651687447221,US,RV,RV,7,acc,0
SS1651687447221,US,RV,RV,8,acc,0
SS1651687447221,US,RV,RV,9,acc,0
SS1651687447221,US,RV,RV,10,acc,0
SS1651687447221,US,RV,RV,11,acc,0
SS1651687447221,US,RV,RV,12,acc,0
SS1651689857645,US,RV,RV,1,acc,0
SS1651689857645,US,RV,RV,2,acc,0
SS1651689857645,US,RV,RV,3,acc,0
SS1651689857645,US,RV,RV,4,acc,0
SS1651689857645,US,RV,RV,5,acc,0
SS1651689857645,US,RV,RV,6,acc,1
SS1651689857645,US,RV,RV,7,acc,0
SS1651689857645,US,RV,RV,8,acc,0
SS1651689857645,US,RV,RV,9,acc,0
SS1651689857645,US,RV,RV,10,acc,0
SS1651689857645,US,RV,RV,11,acc,0
SS1651689857645,US,RV,RV,12,acc,0
SS1651690446636,US,RV,RV,1,acc,0
SS1651690446636,US,RV,RV,2,acc,0
SS1651690446636,US,RV,RV,3,acc,1
SS1651690446636,US,RV,RV,4,acc,0
SS1651690446636,US,RV,RV,5,acc,0
SS1651690446636,US,RV,RV,6,acc,0
SS1651690446636,US,RV,RV,7,acc,0
SS1651690446636,US,RV,RV,8,acc,0
SS1651690446636,US,RV,RV,9,acc,0
SS1651690446636,US,RV,RV,10,acc,0
SS1651690446636,US,RV,RV,11,acc,0
SS1651690446636,US,RV,RV,12,acc,0
SS1651690626669,US,RV,RV,1,acc,1
SS1651690626669,US,RV,RV,2,acc,1
SS1651690626669,US,RV,RV,3,acc,1
SS1651690626669,US,RV,RV,4,acc,1
SS1651690626669,US,RV,RV,5,acc,1
SS1651690626669,US,RV,RV,6,acc,1
SS1651690626669,US,RV,RV,7,acc,0
SS1651690626669,US,RV,RV,8,acc,1
SS1651690626669,US,RV,RV,9,acc,0
SS1651690626669,US,RV,RV,10,acc,0
SS1651690626669,US,RV,RV,11,acc,0
SS1651690626669,US,RV,RV,12,acc,0
SS1651690672320,US,RV,RV,1,acc,1
SS1651690672320,US,RV,RV,2,acc,1
SS1651690672320,US,RV,RV,3,acc,1
SS1651690672320,US,RV,RV,4,acc,1
SS1651690672320,US,RV,RV,5,acc,1
SS1651690672320,US,RV,RV,6,acc,1
SS1651690672320,US,RV,RV,7,acc,1
SS1651690672320,US,RV,RV,8,acc,1
SS1651690672320,US,RV,RV,9,acc,1
SS1651690672320,US,RV,RV,10,acc,1
SS1651690672320,US,RV,RV,11,acc,1
SS1651690672320,US,RV,RV,12,acc,0
SS1651690674639,US,RV,RV,1,acc,0
SS1651690674639,US,RV,RV,2,acc,0
SS1651690674639,US,RV,RV,3,acc,0
SS1651690674639,US,RV,RV,4,acc,0
SS1651690674639,US,RV,RV,5,acc,0
SS1651690674639,US,RV,RV,6,acc,1
SS1651690674639,US,RV,RV,7,acc,0
SS1651690674639,US,RV,RV,8,acc,0
SS1651690674639,US,RV,RV,9,acc,0
SS1651690674639,US,RV,RV,10,acc,0
SS1651690674639,US,RV,RV,11,acc,0
SS1651690674639,US,RV,RV,12,acc,0
SS1651690678231,US,RV,RV,1,acc,1
SS1651690678231,US,RV,RV,2,acc,1
SS1651690678231,US,RV,RV,3,acc,1
SS1651690678231,US,RV,RV,4,acc,1
SS1651690678231,US,RV,RV,5,acc,1
SS1651690678231,US,RV,RV,6,acc,1
SS1651690678231,US,RV,RV,7,acc,1
SS1651690678231,US,RV,RV,8,acc,0
SS1651690678231,US,RV,RV,9,acc,1
SS1651690678231,US,RV,RV,10,acc,0
SS1651690678231,US,RV,RV,11,acc,0
SS1651690678231,US,RV,RV,12,acc,0
SS1651690678388,US,RV,RV,1,acc,1
SS1651690678388,US,RV,RV,2,acc,1
SS1651690678388,US,RV,RV,3,acc,1
SS1651690678388,US,RV,RV,4,acc,0
SS1651690678388,US,RV,RV,5,acc,0
SS1651690678388,US,RV,RV,6,acc,0
SS1651690678388,US,RV,RV,7,acc,0
SS1651690678388,US,RV,RV,8,acc,0
SS1651690678388,US,RV,RV,9,acc,0
SS1651690678388,US,RV,RV,10,acc,0
SS1651690678388,US,RV,RV,11,acc,0
SS1651690678388,US,RV,RV,12,acc,0
SS1651690681690,US,RV,RV,1,acc,0
SS1651690681690,US,RV,RV,2,acc,1
SS1651690681690,US,RV,RV,3,acc,1
SS1651690681690,US,RV,RV,4,acc,0
SS1651690681690,US,RV,RV,5,acc,0
SS1651690681690,US,RV,RV,6,acc,1
SS1651690681690,US,RV,RV,7,acc,1
SS1651690681690,US,RV,RV,8,acc,0
SS1651690681690,US,RV,RV,9,acc,0
SS1651690681690,US,RV,RV,10,acc,0
SS1651690681690,US,RV,RV,11,acc,0
SS1651690681690,US,RV,RV,12,acc,0
SS1651690683219,US,RV,RV,1,acc,0
SS1651690683219,US,RV,RV,2,acc,1
SS1651690683219,US,RV,RV,3,acc,1
SS1651690683219,US,RV,RV,4,acc,0
SS1651690683219,US,RV,RV,5,acc,1
SS1651690683219,US,RV,RV,6,acc,1
SS1651690683219,US,RV,RV,7,acc,0
SS1651690683219,US,RV,RV,8,acc,0
SS1651690683219,US,RV,RV,9,acc,0
SS1651690683219,US,RV,RV,10,acc,0
SS1651690683219,US,RV,RV,11,acc,0
SS1651690683219,US,RV,RV,12,acc,0
SS1651690685286,US,RV,RV,1,acc,1
SS1651690685286,US,RV,RV,2,acc,1
SS1651690685286,US,RV,RV,3,acc,0
SS1651690685286,US,RV,RV,4,acc,0
SS1651690685286,US,RV,RV,5,acc,0
SS1651690685286,US,RV,RV,6,acc,0
SS1651690685286,US,RV,RV,7,acc,0
SS1651690685286,US,RV,RV,8,acc,0
SS1651690685286,US,RV,RV,9,acc,0
SS1651690685286,US,RV,RV,10,acc,0
SS1651690685286,US,RV,RV,11,acc,0
SS1651690685286,US,RV,RV,12,acc,0
SS1651690687499,US,RV,RV,1,acc,1
SS1651690687499,US,RV,RV,2,acc,1
SS1651690687499,US,RV,RV,3,acc,1
SS1651690687499,US,RV,RV,4,acc,1
SS1651690687499,US,RV,RV,5,acc,1
SS1651690687499,US,RV,RV,6,acc,1
SS1651690687499,US,RV,RV,7,acc,1
SS1651690687499,US,RV,RV,8,acc,1
SS1651690687499,US,RV,RV,9,acc,1
SS1651690687499,US,RV,RV,10,acc,0
SS1651690687499,US,RV,RV,11,acc,0
SS1651690687499,US,RV,RV,12,acc,0
SS1651690687538,US,RV,RV,1,acc,0
SS1651690687538,US,RV,RV,2,acc,0
SS1651690687538,US,RV,RV,3,acc,0
SS1651690687538,US,RV,RV,4,acc,0
SS1651690687538,US,RV,RV,5,acc,0
SS1651690687538,US,RV,RV,6,acc,0
SS1651690687538,US,RV,RV,7,acc,0
SS1651690687538,US,RV,RV,8,acc,0
SS1651690687538,US,RV,RV,9,acc,0
SS1651690687538,US,RV,RV,10,acc,0
SS1651690687538,US,RV,RV,11,acc,0
SS1651690687538,US,RV,RV,12,acc,1
SS1651690691047,US,RV,RV,1,acc,1
SS1651690691047,US,RV,RV,2,acc,1
SS1651690691047,US,RV,RV,3,acc,0
SS1651690691047,US,RV,RV,4,acc,0
SS1651690691047,US,RV,RV,5,acc,0
SS1651690691047,US,RV,RV,6,acc,0
SS1651690691047,US,RV,RV,7,acc,0
SS1651690691047,US,RV,RV,8,acc,0
SS1651690691047,US,RV,RV,9,acc,0
SS1651690691047,US,RV,RV,10,acc,0
SS1651690691047,US,RV,RV,11,acc,0
SS1651690691047,US,RV,RV,12,acc,1
SS1651690691327,US,RV,RV,1,acc,1
SS1651690691327,US,RV,RV,2,acc,0
SS1651690691327,US,RV,RV,3,acc,1
SS1651690691327,US,RV,RV,4,acc,1
SS1651690691327,US,RV,RV,5,acc,1
SS1651690691327,US,RV,RV,6,acc,1
SS1651690691327,US,RV,RV,7,acc,1
SS1651690691327,US,RV,RV,8,acc,0
SS1651690691327,US,RV,RV,9,acc,1
SS1651690691327,US,RV,RV,10,acc,1
SS1651690691327,US,RV,RV,11,acc,0
SS1651690691327,US,RV,RV,12,acc,0
SS1651690698980,US,RV,RV,1,acc,0
SS1651690698980,US,RV,RV,2,acc,1
SS1651690698980,US,RV,RV,3,acc,1
SS1651690698980,US,RV,RV,4,acc,0
SS1651690698980,US,RV,RV,5,acc,1
SS1651690698980,US,RV,RV,6,acc,1
SS1651690698980,US,RV,RV,7,acc,0
SS1651690698980,US,RV,RV,8,acc,0
SS1651690698980,US,RV,RV,9,acc,0
SS1651690698980,US,RV,RV,10,acc,1
SS1651690698980,US,RV,RV,11,acc,0
SS1651690698980,US,RV,RV,12,acc,0
SS1651690706045,US,RV,RV,1,acc,1
SS1651690706045,US,RV,RV,2,acc,1
SS1651690706045,US,RV,RV,3,acc,0
SS1651690706045,US,RV,RV,4,acc,0
SS1651690706045,US,RV,RV,5,acc,0
SS1651690706045,US,RV,RV,6,acc,0
SS1651690706045,US,RV,RV,7,acc,1
SS1651690706045,US,RV,RV,8,acc,0
SS1651690706045,US,RV,RV,9,acc,0
SS1651690706045,US,RV,RV,10,acc,0
SS1651690706045,US,RV,RV,11,acc,0
SS1651690706045,US,RV,RV,12,acc,0
SS1651690707343,US,RV,RV,1,acc,0
SS1651690707343,US,RV,RV,2,acc,0
SS1651690707343,US,RV,RV,3,acc,0
SS1651690707343,US,RV,RV,4,acc,0
SS1651690707343,US,RV,RV,5,acc,0
SS1651690707343,US,RV,RV,6,acc,0
SS1651690707343,US,RV,RV,7,acc,1
SS1651690707343,US,RV,RV,8,acc,0
SS1651690707343,US,RV,RV,9,acc,0
SS1651690707343,US,RV,RV,10,acc,0
SS1651690707343,US,RV,RV,11,acc,0
SS1651690707343,US,RV,RV,12,acc,0
SS1651690707467,US,RV,RV,1,acc,1
SS1651690707467,US,RV,RV,2,acc,0
SS1651690707467,US,RV,RV,3,acc,0
SS1651690707467,US,RV,RV,4,acc,0
SS1651690707467,US,RV,RV,5,acc,0
SS1651690707467,US,RV,RV,6,acc,0
SS1651690707467,US,RV,RV,7,acc,0
SS1651690707467,US,RV,RV,8,acc,0
SS1651690707467,US,RV,RV,9,acc,0
SS1651690707467,US,RV,RV,10,acc,0
SS1651690707467,US,RV,RV,11,acc,0
SS1651690707467,US,RV,RV,12,acc,0
SS1651690708015,US,RV,RV,1,acc,1
SS1651690708015,US,RV,RV,2,acc,1
SS1651690708015,US,RV,RV,3,acc,1
SS1651690708015,US,RV,RV,4,acc,0
SS1651690708015,US,RV,RV,5,acc,1
SS1651690708015,US,RV,RV,6,acc,1
SS1651690708015,US,RV,RV,7,acc,1
SS1651690708015,US,RV,RV,8,acc,0
SS1651690708015,US,RV,RV,9,acc,1
SS1651690708015,US,RV,RV,10,acc,1
SS1651690708015,US,RV,RV,11,acc,0
SS1651690708015,US,RV,RV,12,acc,0
SS1651690711805,US,RV,RV,1,acc,0
SS1651690711805,US,RV,RV,2,acc,1
SS1651690711805,US,RV,RV,3,acc,1
SS1651690711805,US,RV,RV,4,acc,1
SS1651690711805,US,RV,RV,5,acc,1
SS1651690711805,US,RV,RV,6,acc,1
SS1651690711805,US,RV,RV,7,acc,0
SS1651690711805,US,RV,RV,8,acc,1
SS1651690711805,US,RV,RV,9,acc,0
SS1651690711805,US,RV,RV,10,acc,0
SS1651690711805,US,RV,RV,11,acc,0
SS1651690711805,US,RV,RV,12,acc,0
SS1651690714289,US,RV,RV,1,acc,1
SS1651690714289,US,RV,RV,2,acc,1
SS1651690714289,US,RV,RV,3,acc,0
SS1651690714289,US,RV,RV,4,acc,0
SS1651690714289,US,RV,RV,5,acc,0
SS1651690714289,US,RV,RV,6,acc,0
SS1651690714289,US,RV,RV,7,acc,1
SS1651690714289,US,RV,RV,8,acc,0
SS1651690714289,US,RV,RV,9,acc,0
SS1651690714289,US,RV,RV,10,acc,0
SS1651690714289,US,RV,RV,11,acc,0
SS1651690714289,US,RV,RV,12,acc,0
SS1651690719363,US,RV,RV,1,acc,0
SS1651690719363,US,RV,RV,2,acc,0
SS1651690719363,US,RV,RV,3,acc,1
SS1651690719363,US,RV,RV,4,acc,1
SS1651690719363,US,RV,RV,5,acc,0
SS1651690719363,US,RV,RV,6,acc,1
SS1651690719363,US,RV,RV,7,acc,1
SS1651690719363,US,RV,RV,8,acc,1
SS1651690719363,US,RV,RV,9,acc,0
SS1651690719363,US,RV,RV,10,acc,0
SS1651690719363,US,RV,RV,11,acc,0
SS1651690719363,US,RV,RV,12,acc,0
SS1651690719510,US,RV,RV,1,acc,0
SS1651690719510,US,RV,RV,2,acc,0
SS1651690719510,US,RV,RV,3,acc,1
SS1651690719510,US,RV,RV,4,acc,1
SS1651690719510,US,RV,RV,5,acc,1
SS1651690719510,US,RV,RV,6,acc,0
SS1651690719510,US,RV,RV,7,acc,0
SS1651690719510,US,RV,RV,8,acc,0
SS1651690719510,US,RV,RV,9,acc,0
SS1651690719510,US,RV,RV,10,acc,0
SS1651690719510,US,RV,RV,11,acc,0
SS1651690719510,US,RV,RV,12,acc,0
SS1651690723933,US,RV,RV,1,acc,1
SS1651690723933,US,RV,RV,2,acc,1
SS1651690723933,US,RV,RV,3,acc,1
SS1651690723933,US,RV,RV,4,acc,0
SS1651690723933,US,RV,RV,5,acc,1
SS1651690723933,US,RV,RV,6,acc,1
SS1651690723933,US,RV,RV,7,acc,1
SS1651690723933,US,RV,RV,8,acc,1
SS1651690723933,US,RV,RV,9,acc,1
SS1651690723933,US,RV,RV,10,acc,0
SS1651690723933,US,RV,RV,11,acc,0
SS1651690723933,US,RV,RV,12,acc,0
SS1651690727662,US,RV,RV,1,acc,1
SS1651690727662,US,RV,RV,2,acc,1
SS1651690727662,US,RV,RV,3,acc,1
SS1651690727662,US,RV,RV,4,acc,1
SS1651690727662,US,RV,RV,5,acc,1
SS1651690727662,US,RV,RV,6,acc,1
SS1651690727662,US,RV,RV,7,acc,1
SS1651690727662,US,RV,RV,8,acc,1
SS1651690727662,US,RV,RV,9,acc,0
SS1651690727662,US,RV,RV,10,acc,0
SS1651690727662,US,RV,RV,11,acc,0
SS1651690727662,US,RV,RV,12,acc,0
SS1651690727759,US,RV,RV,1,acc,1
SS1651690727759,US,RV,RV,2,acc,1
SS1651690727759,US,RV,RV,3,acc,0
SS1651690727759,US,RV,RV,4,acc,0
SS1651690727759,US,RV,RV,5,acc,0
SS1651690727759,US,RV,RV,6,acc,0
SS1651690727759,US,RV,RV,7,acc,1
SS1651690727759,US,RV,RV,8,acc,0
SS1651690727759,US,RV,RV,9,acc,0
SS1651690727759,US,RV,RV,10,acc,0
SS1651690727759,US,RV,RV,11,acc,0
SS1651690727759,US,RV,RV,12,acc,0
SS1651690729593,US,RV,RV,1,acc,1
SS1651690729593,US,RV,RV,2,acc,1
SS1651690729593,US,RV,RV,3,acc,1
SS1651690729593,US,RV,RV,4,acc,1
SS1651690729593,US,RV,RV,5,acc,1
SS1651690729593,US,RV,RV,6,acc,1
SS1651690729593,US,RV,RV,7,acc,0
SS1651690729593,US,RV,RV,8,acc,0
SS1651690729593,US,RV,RV,9,acc,1
SS1651690729593,US,RV,RV,10,acc,0
SS1651690729593,US,RV,RV,11,acc,0
SS1651690729593,US,RV,RV,12,acc,1
SS1651690730467,US,RV,RV,1,acc,1
SS1651690730467,US,RV,RV,2,acc,1
SS1651690730467,US,RV,RV,3,acc,0
SS1651690730467,US,RV,RV,4,acc,0
SS1651690730467,US,RV,RV,5,acc,0
SS1651690730467,US,RV,RV,6,acc,0
SS1651690730467,US,RV,RV,7,acc,1
SS1651690730467,US,RV,RV,8,acc,0
SS1651690730467,US,RV,RV,9,acc,0
SS1651690730467,US,RV,RV,10,acc,0
SS1651690730467,US,RV,RV,11,acc,0
SS1651690730467,US,RV,RV,12,acc,0
SS1651690731537,US,RV,RV,1,acc,0
SS1651690731537,US,RV,RV,2,acc,0
SS1651690731537,US,RV,RV,3,acc,1
SS1651690731537,US,RV,RV,4,acc,0
SS1651690731537,US,RV,RV,5,acc,0
SS1651690731537,US,RV,RV,6,acc,0
SS1651690731537,US,RV,RV,7,acc,0
SS1651690731537,US,RV,RV,8,acc,0
SS1651690731537,US,RV,RV,9,acc,0
SS1651690731537,US,RV,RV,10,acc,0
SS1651690731537,US,RV,RV,11,acc,0
SS1651690731537,US,RV,RV,12,acc,0
SS1651690732177,US,RV,RV,1,acc,1
SS1651690732177,US,RV,RV,2,acc,1
SS1651690732177,US,RV,RV,3,acc,0
SS1651690732177,US,RV,RV,4,acc,0
SS1651690732177,US,RV,RV,5,acc,0
SS1651690732177,US,RV,RV,6,acc,0
SS1651690732177,US,RV,RV,7,acc,0
SS1651690732177,US,RV,RV,8,acc,0
SS1651690732177,US,RV,RV,9,acc,0
SS1651690732177,US,RV,RV,10,acc,0
SS1651690732177,US,RV,RV,11,acc,0
SS1651690732177,US,RV,RV,12,acc,1
SS1651690735020,US,RV,RV,1,acc,1
SS1651690735020,US,RV,RV,2,acc,1
SS1651690735020,US,RV,RV,3,acc,1
SS1651690735020,US,RV,RV,4,acc,1
SS1651690735020,US,RV,RV,5,acc,1
SS1651690735020,US,RV,RV,6,acc,1
SS1651690735020,US,RV,RV,7,acc,1
SS1651690735020,US,RV,RV,8,acc,0
SS1651690735020,US,RV,RV,9,acc,0
SS1651690735020,US,RV,RV,10,acc,0
SS1651690735020,US,RV,RV,11,acc,0
SS1651690735020,US,RV,RV,12,acc,0
SS1651690737808,US,RV,RV,1,acc,1
SS1651690737808,US,RV,RV,2,acc,1
SS1651690737808,US,RV,RV,3,acc,0
SS1651690737808,US,RV,RV,4,acc,0
SS1651690737808,US,RV,RV,5,acc,0
SS1651690737808,US,RV,RV,6,acc,1
SS1651690737808,US,RV,RV,7,acc,1
SS1651690737808,US,RV,RV,8,acc,0
SS1651690737808,US,RV,RV,9,acc,0
SS1651690737808,US,RV,RV,10,acc,0
SS1651690737808,US,RV,RV,11,acc,0
SS1651690737808,US,RV,RV,12,acc,0
SS1651690740366,US,RV,RV,1,acc,1
SS1651690740366,US,RV,RV,2,acc,0
SS1651690740366,US,RV,RV,3,acc,1
SS1651690740366,US,RV,RV,4,acc,0
SS1651690740366,US,RV,RV,5,acc,1
SS1651690740366,US,RV,RV,6,acc,0
SS1651690740366,US,RV,RV,7,acc,0
SS1651690740366,US,RV,RV,8,acc,0
SS1651690740366,US,RV,RV,9,acc,0
SS1651690740366,US,RV,RV,10,acc,0
SS1651690740366,US,RV,RV,11,acc,0
SS1651690740366,US,RV,RV,12,acc,0
SS1651690741486,US,RV,RV,1,acc,1
SS1651690741486,US,RV,RV,2,acc,0
SS1651690741486,US,RV,RV,3,acc,1
SS1651690741486,US,RV,RV,4,acc,1
SS1651690741486,US,RV,RV,5,acc,1
SS1651690741486,US,RV,RV,6,acc,0
SS1651690741486,US,RV,RV,7,acc,1
SS1651690741486,US,RV,RV,8,acc,1
SS1651690741486,US,RV,RV,9,acc,1
SS1651690741486,US,RV,RV,10,acc,0
SS1651690741486,US,RV,RV,11,acc,0
SS1651690741486,US,RV,RV,12,acc,0
SS1651690741942,US,RV,RV,1,acc,1
SS1651690741942,US,RV,RV,2,acc,0
SS1651690741942,US,RV,RV,3,acc,0
SS1651690741942,US,RV,RV,4,acc,0
SS1651690741942,US,RV,RV,5,acc,0
SS1651690741942,US,RV,RV,6,acc,0
SS1651690741942,US,RV,RV,7,acc,0
SS1651690741942,US,RV,RV,8,acc,0
SS1651690741942,US,RV,RV,9,acc,0
SS1651690741942,US,RV,RV,10,acc,0
SS1651690741942,US,RV,RV,11,acc,0
SS1651690741942,US,RV,RV,12,acc,0
SS1651690743939,US,RV,RV,1,acc,1
SS1651690743939,US,RV,RV,2,acc,1
SS1651690743939,US,RV,RV,3,acc,1
SS1651690743939,US,RV,RV,4,acc,1
SS1651690743939,US,RV,RV,5,acc,1
SS1651690743939,US,RV,RV,6,acc,0
SS1651690743939,US,RV,RV,7,acc,1
SS1651690743939,US,RV,RV,8,acc,1
SS1651690743939,US,RV,RV,9,acc,1
SS1651690743939,US,RV,RV,10,acc,0
SS1651690743939,US,RV,RV,11,acc,1
SS1651690743939,US,RV,RV,12,acc,0
SS1651690748106,US,RV,RV,1,acc,1
SS1651690748106,US,RV,RV,2,acc,1
SS1651690748106,US,RV,RV,3,acc,1
SS1651690748106,US,RV,RV,4,acc,1
SS1651690748106,US,RV,RV,5,acc,1
SS1651690748106,US,RV,RV,6,acc,1
SS1651690748106,US,RV,RV,7,acc,1
SS1651690748106,US,RV,RV,8,acc,1
SS1651690748106,US,RV,RV,9,acc,1
SS1651690748106,US,RV,RV,10,acc,1
SS1651690748106,US,RV,RV,11,acc,1
SS1651690748106,US,RV,RV,12,acc,0
SS1651690758188,US,RV,RV,1,acc,1
SS1651690758188,US,RV,RV,2,acc,1
SS1651690758188,US,RV,RV,3,acc,1
SS1651690758188,US,RV,RV,4,acc,1
SS1651690758188,US,RV,RV,5,acc,1
SS1651690758188,US,RV,RV,6,acc,1
SS1651690758188,US,RV,RV,7,acc,1
SS1651690758188,US,RV,RV,8,acc,1
SS1651690758188,US,RV,RV,9,acc,0
SS1651690758188,US,RV,RV,10,acc,1
SS1651690758188,US,RV,RV,11,acc,0
SS1651690758188,US,RV,RV,12,acc,0
SS1651690762770,US,RV,RV,1,acc,0
SS1651690762770,US,RV,RV,2,acc,1
SS1651690762770,US,RV,RV,3,acc,1
SS1651690762770,US,RV,RV,4,acc,1
SS1651690762770,US,RV,RV,5,acc,1
SS1651690762770,US,RV,RV,6,acc,1
SS1651690762770,US,RV,RV,7,acc,0
SS1651690762770,US,RV,RV,8,acc,1
SS1651690762770,US,RV,RV,9,acc,1
SS1651690762770,US,RV,RV,10,acc,0
SS1651690762770,US,RV,RV,11,acc,1
SS1651690762770,US,RV,RV,12,acc,0
SS1651690768899,US,RV,RV,1,acc,1
SS1651690768899,US,RV,RV,2,acc,1
SS1651690768899,US,RV,RV,3,acc,1
SS1651690768899,US,RV,RV,4,acc,1
SS1651690768899,US,RV,RV,5,acc,1
SS1651690768899,US,RV,RV,6,acc,0
SS1651690768899,US,RV,RV,7,acc,1
SS1651690768899,US,RV,RV,8,acc,0
SS1651690768899,US,RV,RV,9,acc,1
SS1651690768899,US,RV,RV,10,acc,0
SS1651690768899,US,RV,RV,11,acc,0
SS1651690768899,US,RV,RV,12,acc,0
SS1651690782524,US,RV,RV,1,acc,1
SS1651690782524,US,RV,RV,2,acc,0
SS1651690782524,US,RV,RV,3,acc,1
SS1651690782524,US,RV,RV,4,acc,1
SS1651690782524,US,RV,RV,5,acc,1
SS1651690782524,US,RV,RV,6,acc,1
SS1651690782524,US,RV,RV,7,acc,0
SS1651690782524,US,RV,RV,8,acc,0
SS1651690782524,US,RV,RV,9,acc,0
SS1651690782524,US,RV,RV,10,acc,0
SS1651690782524,US,RV,RV,11,acc,0
SS1651690782524,US,RV,RV,12,acc,0
SS1651690793463,US,RV,RV,1,acc,0
SS1651690793463,US,RV,RV,2,acc,0
SS1651690793463,US,RV,RV,3,acc,0
SS1651690793463,US,RV,RV,4,acc,0
SS1651690793463,US,RV,RV,5,acc,1
SS1651690793463,US,RV,RV,6,acc,0
SS1651690793463,US,RV,RV,7,acc,1
SS1651690793463,US,RV,RV,8,acc,0
SS1651690793463,US,RV,RV,9,acc,1
SS1651690793463,US,RV,RV,10,acc,0
SS1651690793463,US,RV,RV,11,acc,0
SS1651690793463,US,RV,RV,12,acc,0
SS1651690802568,US,RV,RV,1,acc,1
SS1651690802568,US,RV,RV,2,acc,1
SS1651690802568,US,RV,RV,3,acc,1
SS1651690802568,US,RV,RV,4,acc,1
SS1651690802568,US,RV,RV,5,acc,1
SS1651690802568,US,RV,RV,6,acc,1
SS1651690802568,US,RV,RV,7,acc,1
SS1651690802568,US,RV,RV,8,acc,1
SS1651690802568,US,RV,RV,9,acc,1
SS1651690802568,US,RV,RV,10,acc,1
SS1651690802568,US,RV,RV,11,acc,0
SS1651690802568,US,RV,RV,12,acc,0
SS1651690810190,US,RV,RV,1,acc,0
SS1651690810190,US,RV,RV,2,acc,1
SS1651690810190,US,RV,RV,3,acc,1
SS1651690810190,US,RV,RV,4,acc,1
SS1651690810190,US,RV,RV,5,acc,1
SS1651690810190,US,RV,RV,6,acc,0
SS1651690810190,US,RV,RV,7,acc,0
SS1651690810190,US,RV,RV,8,acc,1
SS1651690810190,US,RV,RV,9,acc,0
SS1651690810190,US,RV,RV,10,acc,0
SS1651690810190,US,RV,RV,11,acc,0
SS1651690810190,US,RV,RV,12,acc,0
SS1651690858692,US,RV,RV,1,acc,1
SS1651690858692,US,RV,RV,2,acc,1
SS1651690858692,US,RV,RV,3,acc,1
SS1651690858692,US,RV,RV,4,acc,1
SS1651690858692,US,RV,RV,5,acc,1
SS1651690858692,US,RV,RV,6,acc,1
SS1651690858692,US,RV,RV,7,acc,1
SS1651690858692,US,RV,RV,8,acc,1
SS1651690858692,US,RV,RV,9,acc,0
SS1651690858692,US,RV,RV,10,acc,0
SS1651690858692,US,RV,RV,11,acc,0
SS1651690858692,US,RV,RV,12,acc,1
SS1651690873357,US,RV,RV,1,acc,0
SS1651690873357,US,RV,RV,2,acc,1
SS1651690873357,US,RV,RV,3,acc,0
SS1651690873357,US,RV,RV,4,acc,0
SS1651690873357,US,RV,RV,5,acc,0
SS1651690873357,US,RV,RV,6,acc,1
SS1651690873357,US,RV,RV,7,acc,0
SS1651690873357,US,RV,RV,8,acc,0
SS1651690873357,US,RV,RV,9,acc,0
SS1651690873357,US,RV,RV,10,acc,0
SS1651690873357,US,RV,RV,11,acc,0
SS1651690873357,US,RV,RV,12,acc,0
SS1651690892118,US,RV,RV,1,acc,1
SS1651690892118,US,RV,RV,2,acc,1
SS1651690892118,US,RV,RV,3,acc,1
SS1651690892118,US,RV,RV,4,acc,1
SS1651690892118,US,RV,RV,5,acc,1
SS1651690892118,US,RV,RV,6,acc,0
SS1651690892118,US,RV,RV,7,acc,0
SS1651690892118,US,RV,RV,8,acc,0
SS1651690892118,US,RV,RV,9,acc,0
SS1651690892118,US,RV,RV,10,acc,0
SS1651690892118,US,RV,RV,11,acc,0
SS1651690892118,US,RV,RV,12,acc,0
SS1651690898679,US,RV,RV,1,acc,1
SS1651690898679,US,RV,RV,2,acc,1
SS1651690898679,US,RV,RV,3,acc,1
SS1651690898679,US,RV,RV,4,acc,1
SS1651690898679,US,RV,RV,5,acc,0
SS1651690898679,US,RV,RV,6,acc,0
SS1651690898679,US,RV,RV,7,acc,0
SS1651690898679,US,RV,RV,8,acc,1
SS1651690898679,US,RV,RV,9,acc,0
SS1651690898679,US,RV,RV,10,acc,0
SS1651690898679,US,RV,RV,11,acc,0
SS1651690898679,US,RV,RV,12,acc,0
SS1651690926515,US,RV,RV,1,acc,1
SS1651690926515,US,RV,RV,2,acc,1
SS1651690926515,US,RV,RV,3,acc,1
SS1651690926515,US,RV,RV,4,acc,0
SS1651690926515,US,RV,RV,5,acc,1
SS1651690926515,US,RV,RV,6,acc,0
SS1651690926515,US,RV,RV,7,acc,1
SS1651690926515,US,RV,RV,8,acc,1
SS1651690926515,US,RV,RV,9,acc,1
SS1651690926515,US,RV,RV,10,acc,0
SS1651690926515,US,RV,RV,11,acc,0
SS1651690926515,US,RV,RV,12,acc,0
SS1651690932141,US,RV,RV,1,acc,1
SS1651690932141,US,RV,RV,2,acc,1
SS1651690932141,US,RV,RV,3,acc,1
SS1651690932141,US,RV,RV,4,acc,1
SS1651690932141,US,RV,RV,5,acc,1
SS1651690932141,US,RV,RV,6,acc,1
SS1651690932141,US,RV,RV,7,acc,1
SS1651690932141,US,RV,RV,8,acc,1
SS1651690932141,US,RV,RV,9,acc,0
SS1651690932141,US,RV,RV,10,acc,1
SS1651690932141,US,RV,RV,11,acc,1
SS1651690932141,US,RV,RV,12,acc,1
SS1651690949027,US,RV,RV,1,acc,1
SS1651690949027,US,RV,RV,2,acc,1
SS1651690949027,US,RV,RV,3,acc,1
SS1651690949027,US,RV,RV,4,acc,0
SS1651690949027,US,RV,RV,5,acc,1
SS1651690949027,US,RV,RV,6,acc,1
SS1651690949027,US,RV,RV,7,acc,1
SS1651690949027,US,RV,RV,8,acc,1
SS1651690949027,US,RV,RV,9,acc,1
SS1651690949027,US,RV,RV,10,acc,0
SS1651690949027,US,RV,RV,11,acc,0
SS1651690949027,US,RV,RV,12,acc,0
SS1651691043519,US,RV,RV,1,acc,1
SS1651691043519,US,RV,RV,2,acc,1
SS1651691043519,US,RV,RV,3,acc,0
SS1651691043519,US,RV,RV,4,acc,1
SS1651691043519,US,RV,RV,5,acc,1
SS1651691043519,US,RV,RV,6,acc,0
SS1651691043519,US,RV,RV,7,acc,1
SS1651691043519,US,RV,RV,8,acc,1
SS1651691043519,US,RV,RV,9,acc,1
SS1651691043519,US,RV,RV,10,acc,1
SS1651691043519,US,RV,RV,11,acc,1
SS1651691043519,US,RV,RV,12,acc,1
SS1651691175620,US,RV,RV,1,acc,1
SS1651691175620,US,RV,RV,2,acc,1
SS1651691175620,US,RV,RV,3,acc,1
SS1651691175620,US,RV,RV,4,acc,0
SS1651691175620,US,RV,RV,5,acc,1
SS1651691175620,US,RV,RV,6,acc,1
SS1651691175620,US,RV,RV,7,acc,1
SS1651691175620,US,RV,RV,8,acc,1
SS1651691175620,US,RV,RV,9,acc,1
SS1651691175620,US,RV,RV,10,acc,1
SS1651691175620,US,RV,RV,11,acc,0
SS1651691175620,US,RV,RV,12,acc,0
SS1651691207769,US,RV,RV,1,acc,1
SS1651691207769,US,RV,RV,2,acc,1
SS1651691207769,US,RV,RV,3,acc,1
SS1651691207769,US,RV,RV,4,acc,1
SS1651691207769,US,RV,RV,5,acc,1
SS1651691207769,US,RV,RV,6,acc,1
SS1651691207769,US,RV,RV,7,acc,1
SS1651691207769,US,RV,RV,8,acc,1
SS1651691207769,US,RV,RV,9,acc,1
SS1651691207769,US,RV,RV,10,acc,0
SS1651691207769,US,RV,RV,11,acc,0
SS1651691207769,US,RV,RV,12,acc,0
SS1651691673018,US,RV,RV,1,acc,1
SS1651691673018,US,RV,RV,2,acc,1
SS1651691673018,US,RV,RV,3,acc,1
SS1651691673018,US,RV,RV,4,acc,0
SS1651691673018,US,RV,RV,5,acc,0
SS1651691673018,US,RV,RV,6,acc,0
SS1651691673018,US,RV,RV,7,acc,0
SS1651691673018,US,RV,RV,8,acc,1
SS1651691673018,US,RV,RV,9,acc,0
SS1651691673018,US,RV,RV,10,acc,0
SS1651691673018,US,RV,RV,11,acc,1
SS1651691673018,US,RV,RV,12,acc,1
SS1651692016531,US,RV,RV,1,acc,1
SS1651692016531,US,RV,RV,2,acc,1
SS1651692016531,US,RV,RV,3,acc,1
SS1651692016531,US,RV,RV,4,acc,0
SS1651692016531,US,RV,RV,5,acc,0
SS1651692016531,US,RV,RV,6,acc,1
SS1651692016531,US,RV,RV,7,acc,0
SS1651692016531,US,RV,RV,8,acc,0
SS1651692016531,US,RV,RV,9,acc,0
SS1651692016531,US,RV,RV,10,acc,0
SS1651692016531,US,RV,RV,11,acc,0
SS1651692016531,US,RV,RV,12,acc,0
SS1651692160397,US,RV,RV,1,acc,1
SS1651692160397,US,RV,RV,2,acc,1
SS1651692160397,US,RV,RV,3,acc,1
SS1651692160397,US,RV,RV,4,acc,1
SS1651692160397,US,RV,RV,5,acc,1
SS1651692160397,US,RV,RV,6,acc,0
SS1651692160397,US,RV,RV,7,acc,1
SS1651692160397,US,RV,RV,8,acc,1
SS1651692160397,US,RV,RV,9,acc,0
SS1651692160397,US,RV,RV,10,acc,0
SS1651692160397,US,RV,RV,11,acc,0
SS1651692160397,US,RV,RV,12,acc,1
SS1651694070275,US,RV,RV,1,acc,1
SS1651694070275,US,RV,RV,2,acc,1
SS1651694070275,US,RV,RV,3,acc,1
SS1651694070275,US,RV,RV,4,acc,1
SS1651694070275,US,RV,RV,5,acc,1
SS1651694070275,US,RV,RV,6,acc,0
SS1651694070275,US,RV,RV,7,acc,0
SS1651694070275,US,RV,RV,8,acc,0
SS1651694070275,US,RV,RV,9,acc,1
SS1651694070275,US,RV,RV,10,acc,0
SS1651694070275,US,RV,RV,11,acc,0
SS1651694070275,US,RV,RV,12,acc,0
SS1651697396411,US,RV,RV,1,acc,0
SS1651697396411,US,RV,RV,2,acc,0
SS1651697396411,US,RV,RV,3,acc,0
SS1651697396411,US,RV,RV,4,acc,0
SS1651697396411,US,RV,RV,5,acc,0
SS1651697396411,US,RV,RV,6,acc,0
SS1651697396411,US,RV,RV,7,acc,0
SS1651697396411,US,RV,RV,8,acc,0
SS1651697396411,US,RV,RV,9,acc,0
SS1651697396411,US,RV,RV,10,acc,0
SS1651697396411,US,RV,RV,11,acc,0
SS1651697396411,US,RV,RV,12,acc,1
SS1651868487521,US,RV,RV,1,acc,0
SS1651868487521,US,RV,RV,2,acc,1
SS1651868487521,US,RV,RV,3,acc,0
SS1651868487521,US,RV,RV,4,acc,0
SS1651868487521,US,RV,RV,5,acc,0
SS1651868487521,US,RV,RV,6,acc,0
SS1651868487521,US,RV,RV,7,acc,0
SS1651868487521,US,RV,RV,8,acc,0
SS1651868487521,US,RV,RV,9,acc,0
SS1651868487521,US,RV,RV,10,acc,0
SS1651868487521,US,RV,RV,11,acc,0
SS1651868487521,US,RV,RV,12,acc,0
SS1651868699067,US,RV,RV,1,acc,1
SS1651868699067,US,RV,RV,2,acc,0
SS1651868699067,US,RV,RV,3,acc,0
SS1651868699067,US,RV,RV,4,acc,0
SS1651868699067,US,RV,RV,5,acc,1
SS1651868699067,US,RV,RV,6,acc,1
SS1651868699067,US,RV,RV,7,acc,0
SS1651868699067,US,RV,RV,8,acc,0
SS1651868699067,US,RV,RV,9,acc,0
SS1651868699067,US,RV,RV,10,acc,0
SS1651868699067,US,RV,RV,11,acc,0
SS1651868699067,US,RV,RV,12,acc,1
SS1651868701012,US,RV,RV,1,acc,1
SS1651868701012,US,RV,RV,2,acc,1
SS1651868701012,US,RV,RV,3,acc,1
SS1651868701012,US,RV,RV,4,acc,0
SS1651868701012,US,RV,RV,5,acc,1
SS1651868701012,US,RV,RV,6,acc,1
SS1651868701012,US,RV,RV,7,acc,1
SS1651868701012,US,RV,RV,8,acc,1
SS1651868701012,US,RV,RV,9,acc,0
SS1651868701012,US,RV,RV,10,acc,0
SS1651868701012,US,RV,RV,11,acc,0
SS1651868701012,US,RV,RV,12,acc,0
SS1651868705438,US,RV,RV,1,acc,1
SS1651868705438,US,RV,RV,2,acc,1
SS1651868705438,US,RV,RV,3,acc,1
SS1651868705438,US,RV,RV,4,acc,1
SS1651868705438,US,RV,RV,5,acc,1
SS1651868705438,US,RV,RV,6,acc,1
SS1651868705438,US,RV,RV,7,acc,1
SS1651868705438,US,RV,RV,8,acc,1
SS1651868705438,US,RV,RV,9,acc,1
SS1651868705438,US,RV,RV,10,acc,0
SS1651868705438,US,RV,RV,11,acc,0
SS1651868705438,US,RV,RV,12,acc,1
SS1651868707186,US,RV,RV,1,acc,1
SS1651868707186,US,RV,RV,2,acc,1
SS1651868707186,US,RV,RV,3,acc,1
SS1651868707186,US,RV,RV,4,acc,1
SS1651868707186,US,RV,RV,5,acc,1
SS1651868707186,US,RV,RV,6,acc,1
SS1651868707186,US,RV,RV,7,acc,1
SS1651868707186,US,RV,RV,8,acc,1
SS1651868707186,US,RV,RV,9,acc,1
SS1651868707186,US,RV,RV,10,acc,0
SS1651868707186,US,RV,RV,11,acc,1
SS1651868707186,US,RV,RV,12,acc,0
SS1651868708760,US,RV,RV,1,acc,1
SS1651868708760,US,RV,RV,2,acc,1
SS1651868708760,US,RV,RV,3,acc,1
SS1651868708760,US,RV,RV,4,acc,1
SS1651868708760,US,RV,RV,5,acc,1
SS1651868708760,US,RV,RV,6,acc,1
SS1651868708760,US,RV,RV,7,acc,0
SS1651868708760,US,RV,RV,8,acc,1
SS1651868708760,US,RV,RV,9,acc,1
SS1651868708760,US,RV,RV,10,acc,0
SS1651868708760,US,RV,RV,11,acc,0
SS1651868708760,US,RV,RV,12,acc,0
SS1651868710355,US,RV,RV,1,acc,1
SS1651868710355,US,RV,RV,2,acc,1
SS1651868710355,US,RV,RV,3,acc,1
SS1651868710355,US,RV,RV,4,acc,1
SS1651868710355,US,RV,RV,5,acc,1
SS1651868710355,US,RV,RV,6,acc,1
SS1651868710355,US,RV,RV,7,acc,1
SS1651868710355,US,RV,RV,8,acc,1
SS1651868710355,US,RV,RV,9,acc,1
SS1651868710355,US,RV,RV,10,acc,1
SS1651868710355,US,RV,RV,11,acc,0
SS1651868710355,US,RV,RV,12,acc,0
SS1651868712524,US,RV,RV,1,acc,1
SS1651868712524,US,RV,RV,2,acc,1
SS1651868712524,US,RV,RV,3,acc,0
SS1651868712524,US,RV,RV,4,acc,1
SS1651868712524,US,RV,RV,5,acc,1
SS1651868712524,US,RV,RV,6,acc,1
SS1651868712524,US,RV,RV,7,acc,0
SS1651868712524,US,RV,RV,8,acc,0
SS1651868712524,US,RV,RV,9,acc,1
SS1651868712524,US,RV,RV,10,acc,0
SS1651868712524,US,RV,RV,11,acc,0
SS1651868712524,US,RV,RV,12,acc,1
SS1651868713554,US,RV,RV,1,acc,1
SS1651868713554,US,RV,RV,2,acc,1
SS1651868713554,US,RV,RV,3,acc,1
SS1651868713554,US,RV,RV,4,acc,1
SS1651868713554,US,RV,RV,5,acc,0
SS1651868713554,US,RV,RV,6,acc,0
SS1651868713554,US,RV,RV,7,acc,1
SS1651868713554,US,RV,RV,8,acc,1
SS1651868713554,US,RV,RV,9,acc,1
SS1651868713554,US,RV,RV,10,acc,1
SS1651868713554,US,RV,RV,11,acc,0
SS1651868713554,US,RV,RV,12,acc,0
SS1651868714312,US,RV,RV,1,acc,0
SS1651868714312,US,RV,RV,2,acc,1
SS1651868714312,US,RV,RV,3,acc,1
SS1651868714312,US,RV,RV,4,acc,1
SS1651868714312,US,RV,RV,5,acc,1
SS1651868714312,US,RV,RV,6,acc,1
SS1651868714312,US,RV,RV,7,acc,1
SS1651868714312,US,RV,RV,8,acc,1
SS1651868714312,US,RV,RV,9,acc,0
SS1651868714312,US,RV,RV,10,acc,0
SS1651868714312,US,RV,RV,11,acc,0
SS1651868714312,US,RV,RV,12,acc,0
SS1651868714404,US,RV,RV,1,acc,1
SS1651868714404,US,RV,RV,2,acc,1
SS1651868714404,US,RV,RV,3,acc,1
SS1651868714404,US,RV,RV,4,acc,1
SS1651868714404,US,RV,RV,5,acc,1
SS1651868714404,US,RV,RV,6,acc,0
SS1651868714404,US,RV,RV,7,acc,1
SS1651868714404,US,RV,RV,8,acc,1
SS1651868714404,US,RV,RV,9,acc,1
SS1651868714404,US,RV,RV,10,acc,1
SS1651868714404,US,RV,RV,11,acc,0
SS1651868714404,US,RV,RV,12,acc,0
SS1651868716048,US,RV,RV,1,acc,1
SS1651868716048,US,RV,RV,2,acc,1
SS1651868716048,US,RV,RV,3,acc,1
SS1651868716048,US,RV,RV,4,acc,1
SS1651868716048,US,RV,RV,5,acc,1
SS1651868716048,US,RV,RV,6,acc,1
SS1651868716048,US,RV,RV,7,acc,1
SS1651868716048,US,RV,RV,8,acc,1
SS1651868716048,US,RV,RV,9,acc,0
SS1651868716048,US,RV,RV,10,acc,1
SS1651868716048,US,RV,RV,11,acc,0
SS1651868716048,US,RV,RV,12,acc,1
SS1651868717843,US,RV,RV,1,acc,1
SS1651868717843,US,RV,RV,2,acc,0
SS1651868717843,US,RV,RV,3,acc,0
SS1651868717843,US,RV,RV,4,acc,0
SS1651868717843,US,RV,RV,5,acc,0
SS1651868717843,US,RV,RV,6,acc,0
SS1651868717843,US,RV,RV,7,acc,0
SS1651868717843,US,RV,RV,8,acc,0
SS1651868717843,US,RV,RV,9,acc,0
SS1651868717843,US,RV,RV,10,acc,0
SS1651868717843,US,RV,RV,11,acc,0
SS1651868717843,US,RV,RV,12,acc,1
SS1651868718682,US,RV,RV,1,acc,1
SS1651868718682,US,RV,RV,2,acc,1
SS1651868718682,US,RV,RV,3,acc,1
SS1651868718682,US,RV,RV,4,acc,1
SS1651868718682,US,RV,RV,5,acc,1
SS1651868718682,US,RV,RV,6,acc,0
SS1651868718682,US,RV,RV,7,acc,1
SS1651868718682,US,RV,RV,8,acc,1
SS1651868718682,US,RV,RV,9,acc,0
SS1651868718682,US,RV,RV,10,acc,0
SS1651868718682,US,RV,RV,11,acc,0
SS1651868718682,US,RV,RV,12,acc,0
SS1651868720723,US,RV,RV,1,acc,1
SS1651868720723,US,RV,RV,2,acc,1
SS1651868720723,US,RV,RV,3,acc,1
SS1651868720723,US,RV,RV,4,acc,1
SS1651868720723,US,RV,RV,5,acc,1
SS1651868720723,US,RV,RV,6,acc,1
SS1651868720723,US,RV,RV,7,acc,1
SS1651868720723,US,RV,RV,8,acc,1
SS1651868720723,US,RV,RV,9,acc,1
SS1651868720723,US,RV,RV,10,acc,0
SS1651868720723,US,RV,RV,11,acc,0
SS1651868720723,US,RV,RV,12,acc,1
SS1651868725160,US,RV,RV,1,acc,1
SS1651868725160,US,RV,RV,2,acc,0
SS1651868725160,US,RV,RV,3,acc,1
SS1651868725160,US,RV,RV,4,acc,1
SS1651868725160,US,RV,RV,5,acc,0
SS1651868725160,US,RV,RV,6,acc,0
SS1651868725160,US,RV,RV,7,acc,0
SS1651868725160,US,RV,RV,8,acc,0
SS1651868725160,US,RV,RV,9,acc,0
SS1651868725160,US,RV,RV,10,acc,0
SS1651868725160,US,RV,RV,11,acc,0
SS1651868725160,US,RV,RV,12,acc,0
SS1651868731784,US,RV,RV,1,acc,0
SS1651868731784,US,RV,RV,2,acc,0
SS1651868731784,US,RV,RV,3,acc,0
SS1651868731784,US,RV,RV,4,acc,0
SS1651868731784,US,RV,RV,5,acc,0
SS1651868731784,US,RV,RV,6,acc,0
SS1651868731784,US,RV,RV,7,acc,0
SS1651868731784,US,RV,RV,8,acc,0
SS1651868731784,US,RV,RV,9,acc,1
SS1651868731784,US,RV,RV,10,acc,0
SS1651868731784,US,RV,RV,11,acc,0
SS1651868731784,US,RV,RV,12,acc,0
SS1651868736601,US,RV,RV,1,acc,1
SS1651868736601,US,RV,RV,2,acc,1
SS1651868736601,US,RV,RV,3,acc,1
SS1651868736601,US,RV,RV,4,acc,1
SS1651868736601,US,RV,RV,5,acc,1
SS1651868736601,US,RV,RV,6,acc,1
SS1651868736601,US,RV,RV,7,acc,1
SS1651868736601,US,RV,RV,8,acc,0
SS1651868736601,US,RV,RV,9,acc,0
SS1651868736601,US,RV,RV,10,acc,0
SS1651868736601,US,RV,RV,11,acc,0
SS1651868736601,US,RV,RV,12,acc,0
SS1651868738305,US,RV,RV,1,acc,0
SS1651868738305,US,RV,RV,2,acc,1
SS1651868738305,US,RV,RV,3,acc,1
SS1651868738305,US,RV,RV,4,acc,1
SS1651868738305,US,RV,RV,5,acc,1
SS1651868738305,US,RV,RV,6,acc,1
SS1651868738305,US,RV,RV,7,acc,1
SS1651868738305,US,RV,RV,8,acc,1
SS1651868738305,US,RV,RV,9,acc,0
SS1651868738305,US,RV,RV,10,acc,0
SS1651868738305,US,RV,RV,11,acc,0
SS1651868738305,US,RV,RV,12,acc,1
SS1651868744832,US,RV,RV,1,acc,1
SS1651868744832,US,RV,RV,2,acc,1
SS1651868744832,US,RV,RV,3,acc,0
SS1651868744832,US,RV,RV,4,acc,0
SS1651868744832,US,RV,RV,5,acc,0
SS1651868744832,US,RV,RV,6,acc,0
SS1651868744832,US,RV,RV,7,acc,0
SS1651868744832,US,RV,RV,8,acc,1
SS1651868744832,US,RV,RV,9,acc,0
SS1651868744832,US,RV,RV,10,acc,0
SS1651868744832,US,RV,RV,11,acc,0
SS1651868744832,US,RV,RV,12,acc,0
SS1651868744957,US,RV,RV,1,acc,1
SS1651868744957,US,RV,RV,2,acc,0
SS1651868744957,US,RV,RV,3,acc,0
SS1651868744957,US,RV,RV,4,acc,0
SS1651868744957,US,RV,RV,5,acc,1
SS1651868744957,US,RV,RV,6,acc,0
SS1651868744957,US,RV,RV,7,acc,0
SS1651868744957,US,RV,RV,8,acc,0
SS1651868744957,US,RV,RV,9,acc,0
SS1651868744957,US,RV,RV,10,acc,0
SS1651868744957,US,RV,RV,11,acc,0
SS1651868744957,US,RV,RV,12,acc,0
SS1651868745180,US,RV,RV,1,acc,1
SS1651868745180,US,RV,RV,2,acc,0
SS1651868745180,US,RV,RV,3,acc,1
SS1651868745180,US,RV,RV,4,acc,0
SS1651868745180,US,RV,RV,5,acc,0
SS1651868745180,US,RV,RV,6,acc,0
SS1651868745180,US,RV,RV,7,acc,0
SS1651868745180,US,RV,RV,8,acc,0
SS1651868745180,US,RV,RV,9,acc,1
SS1651868745180,US,RV,RV,10,acc,0
SS1651868745180,US,RV,RV,11,acc,0
SS1651868745180,US,RV,RV,12,acc,1
SS1651868745703,US,RV,RV,1,acc,1
SS1651868745703,US,RV,RV,2,acc,1
SS1651868745703,US,RV,RV,3,acc,1
SS1651868745703,US,RV,RV,4,acc,1
SS1651868745703,US,RV,RV,5,acc,1
SS1651868745703,US,RV,RV,6,acc,1
SS1651868745703,US,RV,RV,7,acc,1
SS1651868745703,US,RV,RV,8,acc,1
SS1651868745703,US,RV,RV,9,acc,1
SS1651868745703,US,RV,RV,10,acc,1
SS1651868745703,US,RV,RV,11,acc,0
SS1651868745703,US,RV,RV,12,acc,1
SS1651868751261,US,RV,RV,1,acc,1
SS1651868751261,US,RV,RV,2,acc,1
SS1651868751261,US,RV,RV,3,acc,1
SS1651868751261,US,RV,RV,4,acc,0
SS1651868751261,US,RV,RV,5,acc,0
SS1651868751261,US,RV,RV,6,acc,1
SS1651868751261,US,RV,RV,7,acc,0
SS1651868751261,US,RV,RV,8,acc,1
SS1651868751261,US,RV,RV,9,acc,0
SS1651868751261,US,RV,RV,10,acc,0
SS1651868751261,US,RV,RV,11,acc,0
SS1651868751261,US,RV,RV,12,acc,1
SS1651868754302,US,RV,RV,1,acc,1
SS1651868754302,US,RV,RV,2,acc,1
SS1651868754302,US,RV,RV,3,acc,1
SS1651868754302,US,RV,RV,4,acc,1
SS1651868754302,US,RV,RV,5,acc,1
SS1651868754302,US,RV,RV,6,acc,1
SS1651868754302,US,RV,RV,7,acc,1
SS1651868754302,US,RV,RV,8,acc,1
SS1651868754302,US,RV,RV,9,acc,1
SS1651868754302,US,RV,RV,10,acc,1
SS1651868754302,US,RV,RV,11,acc,1
SS1651868754302,US,RV,RV,12,acc,1
SS1651868756130,US,RV,RV,1,acc,1
SS1651868756130,US,RV,RV,2,acc,1
SS1651868756130,US,RV,RV,3,acc,1
SS1651868756130,US,RV,RV,4,acc,0
SS1651868756130,US,RV,RV,5,acc,0
SS1651868756130,US,RV,RV,6,acc,1
SS1651868756130,US,RV,RV,7,acc,0
SS1651868756130,US,RV,RV,8,acc,1
SS1651868756130,US,RV,RV,9,acc,0
SS1651868756130,US,RV,RV,10,acc,0
SS1651868756130,US,RV,RV,11,acc,0
SS1651868756130,US,RV,RV,12,acc,0
SS1651868757005,US,RV,RV,1,acc,1
SS1651868757005,US,RV,RV,2,acc,1
SS1651868757005,US,RV,RV,3,acc,1
SS1651868757005,US,RV,RV,4,acc,0
SS1651868757005,US,RV,RV,5,acc,1
SS1651868757005,US,RV,RV,6,acc,1
SS1651868757005,US,RV,RV,7,acc,0
SS1651868757005,US,RV,RV,8,acc,1
SS1651868757005,US,RV,RV,9,acc,1
SS1651868757005,US,RV,RV,10,acc,0
SS1651868757005,US,RV,RV,11,acc,1
SS1651868757005,US,RV,RV,12,acc,1
SS1651868767690,US,RV,RV,1,acc,1
SS1651868767690,US,RV,RV,2,acc,1
SS1651868767690,US,RV,RV,3,acc,1
SS1651868767690,US,RV,RV,4,acc,1
SS1651868767690,US,RV,RV,5,acc,1
SS1651868767690,US,RV,RV,6,acc,1
SS1651868767690,US,RV,RV,7,acc,0
SS1651868767690,US,RV,RV,8,acc,0
SS1651868767690,US,RV,RV,9,acc,1
SS1651868767690,US,RV,RV,10,acc,0
SS1651868767690,US,RV,RV,11,acc,0
SS1651868767690,US,RV,RV,12,acc,1
SS1651868773205,US,RV,RV,1,acc,1
SS1651868773205,US,RV,RV,2,acc,0
SS1651868773205,US,RV,RV,3,acc,1
SS1651868773205,US,RV,RV,4,acc,0
SS1651868773205,US,RV,RV,5,acc,0
SS1651868773205,US,RV,RV,6,acc,0
SS1651868773205,US,RV,RV,7,acc,1
SS1651868773205,US,RV,RV,8,acc,0
SS1651868773205,US,RV,RV,9,acc,0
SS1651868773205,US,RV,RV,10,acc,0
SS1651868773205,US,RV,RV,11,acc,0
SS1651868773205,US,RV,RV,12,acc,0
SS1651868778604,US,RV,RV,1,acc,1
SS1651868778604,US,RV,RV,2,acc,1
SS1651868778604,US,RV,RV,3,acc,0
SS1651868778604,US,RV,RV,4,acc,0
SS1651868778604,US,RV,RV,5,acc,1
SS1651868778604,US,RV,RV,6,acc,0
SS1651868778604,US,RV,RV,7,acc,1
SS1651868778604,US,RV,RV,8,acc,1
SS1651868778604,US,RV,RV,9,acc,1
SS1651868778604,US,RV,RV,10,acc,0
SS1651868778604,US,RV,RV,11,acc,0
SS1651868778604,US,RV,RV,12,acc,0
SS1651868779378,US,RV,RV,1,acc,1
SS1651868779378,US,RV,RV,2,acc,1
SS1651868779378,US,RV,RV,3,acc,1
SS1651868779378,US,RV,RV,4,acc,1
SS1651868779378,US,RV,RV,5,acc,1
SS1651868779378,US,RV,RV,6,acc,1
SS1651868779378,US,RV,RV,7,acc,1
SS1651868779378,US,RV,RV,8,acc,0
SS1651868779378,US,RV,RV,9,acc,1
SS1651868779378,US,RV,RV,10,acc,0
SS1651868779378,US,RV,RV,11,acc,0
SS1651868779378,US,RV,RV,12,acc,0
SS1651868780067,US,RV,RV,1,acc,0
SS1651868780067,US,RV,RV,2,acc,0
SS1651868780067,US,RV,RV,3,acc,0
SS1651868780067,US,RV,RV,4,acc,0
SS1651868780067,US,RV,RV,5,acc,0
SS1651868780067,US,RV,RV,6,acc,0
SS1651868780067,US,RV,RV,7,acc,0
SS1651868780067,US,RV,RV,8,acc,0
SS1651868780067,US,RV,RV,9,acc,0
SS1651868780067,US,RV,RV,10,acc,0
SS1651868780067,US,RV,RV,11,acc,0
SS1651868780067,US,RV,RV,12,acc,0
SS1651868782330,US,RV,RV,1,acc,0
SS1651868782330,US,RV,RV,2,acc,1
SS1651868782330,US,RV,RV,3,acc,0
SS1651868782330,US,RV,RV,4,acc,0
SS1651868782330,US,RV,RV,5,acc,0
SS1651868782330,US,RV,RV,6,acc,0
SS1651868782330,US,RV,RV,7,acc,1
SS1651868782330,US,RV,RV,8,acc,0
SS1651868782330,US,RV,RV,9,acc,0
SS1651868782330,US,RV,RV,10,acc,0
SS1651868782330,US,RV,RV,11,acc,0
SS1651868782330,US,RV,RV,12,acc,0
SS1651868783532,US,RV,RV,1,acc,0
SS1651868783532,US,RV,RV,2,acc,0
SS1651868783532,US,RV,RV,3,acc,1
SS1651868783532,US,RV,RV,4,acc,1
SS1651868783532,US,RV,RV,5,acc,0
SS1651868783532,US,RV,RV,6,acc,0
SS1651868783532,US,RV,RV,7,acc,1
SS1651868783532,US,RV,RV,8,acc,0
SS1651868783532,US,RV,RV,9,acc,0
SS1651868783532,US,RV,RV,10,acc,0
SS1651868783532,US,RV,RV,11,acc,0
SS1651868783532,US,RV,RV,12,acc,1
SS1651868784777,US,RV,RV,1,acc,1
SS1651868784777,US,RV,RV,2,acc,1
SS1651868784777,US,RV,RV,3,acc,1
SS1651868784777,US,RV,RV,4,acc,1
SS1651868784777,US,RV,RV,5,acc,1
SS1651868784777,US,RV,RV,6,acc,1
SS1651868784777,US,RV,RV,7,acc,1
SS1651868784777,US,RV,RV,8,acc,1
SS1651868784777,US,RV,RV,9,acc,1
SS1651868784777,US,RV,RV,10,acc,1
SS1651868784777,US,RV,RV,11,acc,0
SS1651868784777,US,RV,RV,12,acc,1
SS1651868788340,US,RV,RV,1,acc,0
SS1651868788340,US,RV,RV,2,acc,0
SS1651868788340,US,RV,RV,3,acc,0
SS1651868788340,US,RV,RV,4,acc,0
SS1651868788340,US,RV,RV,5,acc,0
SS1651868788340,US,RV,RV,6,acc,0
SS1651868788340,US,RV,RV,7,acc,0
SS1651868788340,US,RV,RV,8,acc,0
SS1651868788340,US,RV,RV,9,acc,0
SS1651868788340,US,RV,RV,10,acc,0
SS1651868788340,US,RV,RV,11,acc,1
SS1651868788340,US,RV,RV,12,acc,0
SS1651868788402,US,RV,RV,1,acc,1
SS1651868788402,US,RV,RV,2,acc,0
SS1651868788402,US,RV,RV,3,acc,0
SS1651868788402,US,RV,RV,4,acc,0
SS1651868788402,US,RV,RV,5,acc,0
SS1651868788402,US,RV,RV,6,acc,0
SS1651868788402,US,RV,RV,7,acc,1
SS1651868788402,US,RV,RV,8,acc,0
SS1651868788402,US,RV,RV,9,acc,0
SS1651868788402,US,RV,RV,10,acc,0
SS1651868788402,US,RV,RV,11,acc,0
SS1651868788402,US,RV,RV,12,acc,0
SS1651868793732,US,RV,RV,1,acc,0
SS1651868793732,US,RV,RV,2,acc,0
SS1651868793732,US,RV,RV,3,acc,0
SS1651868793732,US,RV,RV,4,acc,0
SS1651868793732,US,RV,RV,5,acc,0
SS1651868793732,US,RV,RV,6,acc,1
SS1651868793732,US,RV,RV,7,acc,0
SS1651868793732,US,RV,RV,8,acc,0
SS1651868793732,US,RV,RV,9,acc,0
SS1651868793732,US,RV,RV,10,acc,0
SS1651868793732,US,RV,RV,11,acc,0
SS1651868793732,US,RV,RV,12,acc,0
SS1651868795565,US,RV,RV,1,acc,0
SS1651868795565,US,RV,RV,2,acc,0
SS1651868795565,US,RV,RV,3,acc,0
SS1651868795565,US,RV,RV,4,acc,0
SS1651868795565,US,RV,RV,5,acc,0
SS1651868795565,US,RV,RV,6,acc,0
SS1651868795565,US,RV,RV,7,acc,0
SS1651868795565,US,RV,RV,8,acc,0
SS1651868795565,US,RV,RV,9,acc,0
SS1651868795565,US,RV,RV,10,acc,0
SS1651868795565,US,RV,RV,11,acc,0
SS1651868795565,US,RV,RV,12,acc,0
SS1651868796147,US,RV,RV,1,acc,1
SS1651868796147,US,RV,RV,2,acc,1
SS1651868796147,US,RV,RV,3,acc,1
SS1651868796147,US,RV,RV,4,acc,1
SS1651868796147,US,RV,RV,5,acc,1
SS1651868796147,US,RV,RV,6,acc,1
SS1651868796147,US,RV,RV,7,acc,0
SS1651868796147,US,RV,RV,8,acc,1
SS1651868796147,US,RV,RV,9,acc,0
SS1651868796147,US,RV,RV,10,acc,0
SS1651868796147,US,RV,RV,11,acc,0
SS1651868796147,US,RV,RV,12,acc,0
SS1651868796810,US,RV,RV,1,acc,0
SS1651868796810,US,RV,RV,2,acc,1
SS1651868796810,US,RV,RV,3,acc,1
SS1651868796810,US,RV,RV,4,acc,0
SS1651868796810,US,RV,RV,5,acc,1
SS1651868796810,US,RV,RV,6,acc,1
SS1651868796810,US,RV,RV,7,acc,0
SS1651868796810,US,RV,RV,8,acc,0
SS1651868796810,US,RV,RV,9,acc,0
SS1651868796810,US,RV,RV,10,acc,0
SS1651868796810,US,RV,RV,11,acc,0
SS1651868796810,US,RV,RV,12,acc,1
SS1651868799606,US,RV,RV,1,acc,0
SS1651868799606,US,RV,RV,2,acc,1
SS1651868799606,US,RV,RV,3,acc,1
SS1651868799606,US,RV,RV,4,acc,1
SS1651868799606,US,RV,RV,5,acc,1
SS1651868799606,US,RV,RV,6,acc,1
SS1651868799606,US,RV,RV,7,acc,0
SS1651868799606,US,RV,RV,8,acc,0
SS1651868799606,US,RV,RV,9,acc,0
SS1651868799606,US,RV,RV,10,acc,0
SS1651868799606,US,RV,RV,11,acc,0
SS1651868799606,US,RV,RV,12,acc,0
SS1651868800189,US,RV,RV,1,acc,1
SS1651868800189,US,RV,RV,2,acc,1
SS1651868800189,US,RV,RV,3,acc,1
SS1651868800189,US,RV,RV,4,acc,1
SS1651868800189,US,RV,RV,5,acc,1
SS1651868800189,US,RV,RV,6,acc,1
SS1651868800189,US,RV,RV,7,acc,1
SS1651868800189,US,RV,RV,8,acc,1
SS1651868800189,US,RV,RV,9,acc,1
SS1651868800189,US,RV,RV,10,acc,1
SS1651868800189,US,RV,RV,11,acc,0
SS1651868800189,US,RV,RV,12,acc,1
SS1651868802451,US,RV,RV,1,acc,1
SS1651868802451,US,RV,RV,2,acc,0
SS1651868802451,US,RV,RV,3,acc,0
SS1651868802451,US,RV,RV,4,acc,0
SS1651868802451,US,RV,RV,5,acc,0
SS1651868802451,US,RV,RV,6,acc,0
SS1651868802451,US,RV,RV,7,acc,0
SS1651868802451,US,RV,RV,8,acc,1
SS1651868802451,US,RV,RV,9,acc,1
SS1651868802451,US,RV,RV,10,acc,0
SS1651868802451,US,RV,RV,11,acc,0
SS1651868802451,US,RV,RV,12,acc,0
SS1651868810933,US,RV,RV,1,acc,0
SS1651868810933,US,RV,RV,2,acc,0
SS1651868810933,US,RV,RV,3,acc,1
SS1651868810933,US,RV,RV,4,acc,0
SS1651868810933,US,RV,RV,5,acc,0
SS1651868810933,US,RV,RV,6,acc,0
SS1651868810933,US,RV,RV,7,acc,0
SS1651868810933,US,RV,RV,8,acc,0
SS1651868810933,US,RV,RV,9,acc,0
SS1651868810933,US,RV,RV,10,acc,0
SS1651868810933,US,RV,RV,11,acc,0
SS1651868810933,US,RV,RV,12,acc,0
SS1651868811761,US,RV,RV,1,acc,1
SS1651868811761,US,RV,RV,2,acc,1
SS1651868811761,US,RV,RV,3,acc,1
SS1651868811761,US,RV,RV,4,acc,1
SS1651868811761,US,RV,RV,5,acc,1
SS1651868811761,US,RV,RV,6,acc,1
SS1651868811761,US,RV,RV,7,acc,1
SS1651868811761,US,RV,RV,8,acc,1
SS1651868811761,US,RV,RV,9,acc,0
SS1651868811761,US,RV,RV,10,acc,1
SS1651868811761,US,RV,RV,11,acc,1
SS1651868811761,US,RV,RV,12,acc,1
SS1651868811860,US,RV,RV,1,acc,1
SS1651868811860,US,RV,RV,2,acc,1
SS1651868811860,US,RV,RV,3,acc,1
SS1651868811860,US,RV,RV,4,acc,1
SS1651868811860,US,RV,RV,5,acc,1
SS1651868811860,US,RV,RV,6,acc,1
SS1651868811860,US,RV,RV,7,acc,0
SS1651868811860,US,RV,RV,8,acc,0
SS1651868811860,US,RV,RV,9,acc,0
SS1651868811860,US,RV,RV,10,acc,0
SS1651868811860,US,RV,RV,11,acc,0
SS1651868811860,US,RV,RV,12,acc,0
SS1651868812123,US,RV,RV,1,acc,1
SS1651868812123,US,RV,RV,2,acc,1
SS1651868812123,US,RV,RV,3,acc,0
SS1651868812123,US,RV,RV,4,acc,0
SS1651868812123,US,RV,RV,5,acc,0
SS1651868812123,US,RV,RV,6,acc,0
SS1651868812123,US,RV,RV,7,acc,1
SS1651868812123,US,RV,RV,8,acc,0
SS1651868812123,US,RV,RV,9,acc,0
SS1651868812123,US,RV,RV,10,acc,0
SS1651868812123,US,RV,RV,11,acc,0
SS1651868812123,US,RV,RV,12,acc,0
SS1651868816028,US,RV,RV,1,acc,1
SS1651868816028,US,RV,RV,2,acc,1
SS1651868816028,US,RV,RV,3,acc,1
SS1651868816028,US,RV,RV,4,acc,1
SS1651868816028,US,RV,RV,5,acc,1
SS1651868816028,US,RV,RV,6,acc,1
SS1651868816028,US,RV,RV,7,acc,1
SS1651868816028,US,RV,RV,8,acc,1
SS1651868816028,US,RV,RV,9,acc,1
SS1651868816028,US,RV,RV,10,acc,1
SS1651868816028,US,RV,RV,11,acc,0
SS1651868816028,US,RV,RV,12,acc,0
SS1651868817160,US,RV,RV,1,acc,0
SS1651868817160,US,RV,RV,2,acc,1
SS1651868817160,US,RV,RV,3,acc,1
SS1651868817160,US,RV,RV,4,acc,1
SS1651868817160,US,RV,RV,5,acc,1
SS1651868817160,US,RV,RV,6,acc,1
SS1651868817160,US,RV,RV,7,acc,0
SS1651868817160,US,RV,RV,8,acc,0
SS1651868817160,US,RV,RV,9,acc,0
SS1651868817160,US,RV,RV,10,acc,1
SS1651868817160,US,RV,RV,11,acc,0
SS1651868817160,US,RV,RV,12,acc,1
SS1651868817171,US,RV,RV,1,acc,1
SS1651868817171,US,RV,RV,2,acc,1
SS1651868817171,US,RV,RV,3,acc,1
SS1651868817171,US,RV,RV,4,acc,1
SS1651868817171,US,RV,RV,5,acc,1
SS1651868817171,US,RV,RV,6,acc,1
SS1651868817171,US,RV,RV,7,acc,0
SS1651868817171,US,RV,RV,8,acc,1
SS1651868817171,US,RV,RV,9,acc,0
SS1651868817171,US,RV,RV,10,acc,0
SS1651868817171,US,RV,RV,11,acc,0
SS1651868817171,US,RV,RV,12,acc,0
SS1651868820237,US,RV,RV,1,acc,0
SS1651868820237,US,RV,RV,2,acc,0
SS1651868820237,US,RV,RV,3,acc,0
SS1651868820237,US,RV,RV,4,acc,1
SS1651868820237,US,RV,RV,5,acc,1
SS1651868820237,US,RV,RV,6,acc,1
SS1651868820237,US,RV,RV,7,acc,0
SS1651868820237,US,RV,RV,8,acc,0
SS1651868820237,US,RV,RV,9,acc,0
SS1651868820237,US,RV,RV,10,acc,0
SS1651868820237,US,RV,RV,11,acc,0
SS1651868820237,US,RV,RV,12,acc,0
SS1651868826063,US,RV,RV,1,acc,0
SS1651868826063,US,RV,RV,2,acc,0
SS1651868826063,US,RV,RV,3,acc,0
SS1651868826063,US,RV,RV,4,acc,0
SS1651868826063,US,RV,RV,5,acc,0
SS1651868826063,US,RV,RV,6,acc,0
SS1651868826063,US,RV,RV,7,acc,0
SS1651868826063,US,RV,RV,8,acc,0
SS1651868826063,US,RV,RV,9,acc,0
SS1651868826063,US,RV,RV,10,acc,0
SS1651868826063,US,RV,RV,11,acc,0
SS1651868826063,US,RV,RV,12,acc,1
SS1651868827795,US,RV,RV,1,acc,1
SS1651868827795,US,RV,RV,2,acc,1
SS1651868827795,US,RV,RV,3,acc,1
SS1651868827795,US,RV,RV,4,acc,1
SS1651868827795,US,RV,RV,5,acc,1
SS1651868827795,US,RV,RV,6,acc,1
SS1651868827795,US,RV,RV,7,acc,0
SS1651868827795,US,RV,RV,8,acc,1
SS1651868827795,US,RV,RV,9,acc,1
SS1651868827795,US,RV,RV,10,acc,0
SS1651868827795,US,RV,RV,11,acc,0
SS1651868827795,US,RV,RV,12,acc,0
SS1651868828049,US,RV,RV,1,acc,1
SS1651868828049,US,RV,RV,2,acc,1
SS1651868828049,US,RV,RV,3,acc,1
SS1651868828049,US,RV,RV,4,acc,1
SS1651868828049,US,RV,RV,5,acc,1
SS1651868828049,US,RV,RV,6,acc,1
SS1651868828049,US,RV,RV,7,acc,1
SS1651868828049,US,RV,RV,8,acc,0
SS1651868828049,US,RV,RV,9,acc,0
SS1651868828049,US,RV,RV,10,acc,0
SS1651868828049,US,RV,RV,11,acc,0
SS1651868828049,US,RV,RV,12,acc,0
SS1651868830966,US,RV,RV,1,acc,1
SS1651868830966,US,RV,RV,2,acc,1
SS1651868830966,US,RV,RV,3,acc,1
SS1651868830966,US,RV,RV,4,acc,1
SS1651868830966,US,RV,RV,5,acc,1
SS1651868830966,US,RV,RV,6,acc,0
SS1651868830966,US,RV,RV,7,acc,0
SS1651868830966,US,RV,RV,8,acc,0
SS1651868830966,US,RV,RV,9,acc,0
SS1651868830966,US,RV,RV,10,acc,0
SS1651868830966,US,RV,RV,11,acc,0
SS1651868830966,US,RV,RV,12,acc,0
SS1651868834466,US,RV,RV,1,acc,0
SS1651868834466,US,RV,RV,2,acc,0
SS1651868834466,US,RV,RV,3,acc,1
SS1651868834466,US,RV,RV,4,acc,0
SS1651868834466,US,RV,RV,5,acc,1
SS1651868834466,US,RV,RV,6,acc,1
SS1651868834466,US,RV,RV,7,acc,1
SS1651868834466,US,RV,RV,8,acc,0
SS1651868834466,US,RV,RV,9,acc,0
SS1651868834466,US,RV,RV,10,acc,0
SS1651868834466,US,RV,RV,11,acc,0
SS1651868834466,US,RV,RV,12,acc,0
SS1651868837282,US,RV,RV,1,acc,1
SS1651868837282,US,RV,RV,2,acc,1
SS1651868837282,US,RV,RV,3,acc,1
SS1651868837282,US,RV,RV,4,acc,1
SS1651868837282,US,RV,RV,5,acc,1
SS1651868837282,US,RV,RV,6,acc,1
SS1651868837282,US,RV,RV,7,acc,1
SS1651868837282,US,RV,RV,8,acc,1
SS1651868837282,US,RV,RV,9,acc,1
SS1651868837282,US,RV,RV,10,acc,0
SS1651868837282,US,RV,RV,11,acc,0
SS1651868837282,US,RV,RV,12,acc,0
SS1651868839147,US,RV,RV,1,acc,0
SS1651868839147,US,RV,RV,2,acc,0
SS1651868839147,US,RV,RV,3,acc,1
SS1651868839147,US,RV,RV,4,acc,0
SS1651868839147,US,RV,RV,5,acc,0
SS1651868839147,US,RV,RV,6,acc,0
SS1651868839147,US,RV,RV,7,acc,0
SS1651868839147,US,RV,RV,8,acc,0
SS1651868839147,US,RV,RV,9,acc,0
SS1651868839147,US,RV,RV,10,acc,0
SS1651868839147,US,RV,RV,11,acc,0
SS1651868839147,US,RV,RV,12,acc,0
SS1651868839906,US,RV,RV,1,acc,1
SS1651868839906,US,RV,RV,2,acc,1
SS1651868839906,US,RV,RV,3,acc,1
SS1651868839906,US,RV,RV,4,acc,1
SS1651868839906,US,RV,RV,5,acc,1
SS1651868839906,US,RV,RV,6,acc,1
SS1651868839906,US,RV,RV,7,acc,1
SS1651868839906,US,RV,RV,8,acc,1
SS1651868839906,US,RV,RV,9,acc,1
SS1651868839906,US,RV,RV,10,acc,1
SS1651868839906,US,RV,RV,11,acc,1
SS1651868839906,US,RV,RV,12,acc,0
SS1651868840289,US,RV,RV,1,acc,1
SS1651868840289,US,RV,RV,2,acc,1
SS1651868840289,US,RV,RV,3,acc,1
SS1651868840289,US,RV,RV,4,acc,1
SS1651868840289,US,RV,RV,5,acc,0
SS1651868840289,US,RV,RV,6,acc,1
SS1651868840289,US,RV,RV,7,acc,1
SS1651868840289,US,RV,RV,8,acc,1
SS1651868840289,US,RV,RV,9,acc,1
SS1651868840289,US,RV,RV,10,acc,0
SS1651868840289,US,RV,RV,11,acc,0
SS1651868840289,US,RV,RV,12,acc,1
SS1651868840790,US,RV,RV,1,acc,1
SS1651868840790,US,RV,RV,2,acc,1
SS1651868840790,US,RV,RV,3,acc,1
SS1651868840790,US,RV,RV,4,acc,0
SS1651868840790,US,RV,RV,5,acc,1
SS1651868840790,US,RV,RV,6,acc,1
SS1651868840790,US,RV,RV,7,acc,1
SS1651868840790,US,RV,RV,8,acc,1
SS1651868840790,US,RV,RV,9,acc,0
SS1651868840790,US,RV,RV,10,acc,0
SS1651868840790,US,RV,RV,11,acc,0
SS1651868840790,US,RV,RV,12,acc,1
SS1651868850581,US,RV,RV,1,acc,1
SS1651868850581,US,RV,RV,2,acc,1
SS1651868850581,US,RV,RV,3,acc,1
SS1651868850581,US,RV,RV,4,acc,1
SS1651868850581,US,RV,RV,5,acc,1
SS1651868850581,US,RV,RV,6,acc,1
SS1651868850581,US,RV,RV,7,acc,1
SS1651868850581,US,RV,RV,8,acc,1
SS1651868850581,US,RV,RV,9,acc,1
SS1651868850581,US,RV,RV,10,acc,0
SS1651868850581,US,RV,RV,11,acc,0
SS1651868850581,US,RV,RV,12,acc,1
SS1651868852345,US,RV,RV,1,acc,0
SS1651868852345,US,RV,RV,2,acc,1
SS1651868852345,US,RV,RV,3,acc,1
SS1651868852345,US,RV,RV,4,acc,1
SS1651868852345,US,RV,RV,5,acc,1
SS1651868852345,US,RV,RV,6,acc,1
SS1651868852345,US,RV,RV,7,acc,1
SS1651868852345,US,RV,RV,8,acc,1
SS1651868852345,US,RV,RV,9,acc,1
SS1651868852345,US,RV,RV,10,acc,0
SS1651868852345,US,RV,RV,11,acc,0
SS1651868852345,US,RV,RV,12,acc,1
SS1651868868975,US,RV,RV,1,acc,0
SS1651868868975,US,RV,RV,2,acc,0
SS1651868868975,US,RV,RV,3,acc,1
SS1651868868975,US,RV,RV,4,acc,0
SS1651868868975,US,RV,RV,5,acc,0
SS1651868868975,US,RV,RV,6,acc,0
SS1651868868975,US,RV,RV,7,acc,0
SS1651868868975,US,RV,RV,8,acc,0
SS1651868868975,US,RV,RV,9,acc,0
SS1651868868975,US,RV,RV,10,acc,0
SS1651868868975,US,RV,RV,11,acc,0
SS1651868868975,US,RV,RV,12,acc,0
SS1651868873914,US,RV,RV,1,acc,1
SS1651868873914,US,RV,RV,2,acc,1
SS1651868873914,US,RV,RV,3,acc,1
SS1651868873914,US,RV,RV,4,acc,1
SS1651868873914,US,RV,RV,5,acc,1
SS1651868873914,US,RV,RV,6,acc,1
SS1651868873914,US,RV,RV,7,acc,1
SS1651868873914,US,RV,RV,8,acc,1
SS1651868873914,US,RV,RV,9,acc,0
SS1651868873914,US,RV,RV,10,acc,0
SS1651868873914,US,RV,RV,11,acc,0
SS1651868873914,US,RV,RV,12,acc,0
SS1651868876318,US,RV,RV,1,acc,0
SS1651868876318,US,RV,RV,2,acc,1
SS1651868876318,US,RV,RV,3,acc,1
SS1651868876318,US,RV,RV,4,acc,0
SS1651868876318,US,RV,RV,5,acc,0
SS1651868876318,US,RV,RV,6,acc,1
SS1651868876318,US,RV,RV,7,acc,1
SS1651868876318,US,RV,RV,8,acc,0
SS1651868876318,US,RV,RV,9,acc,0
SS1651868876318,US,RV,RV,10,acc,0
SS1651868876318,US,RV,RV,11,acc,0
SS1651868876318,US,RV,RV,12,acc,0
SS1651868901145,US,RV,RV,1,acc,1
SS1651868901145,US,RV,RV,2,acc,1
SS1651868901145,US,RV,RV,3,acc,1
SS1651868901145,US,RV,RV,4,acc,1
SS1651868901145,US,RV,RV,5,acc,1
SS1651868901145,US,RV,RV,6,acc,0
SS1651868901145,US,RV,RV,7,acc,0
SS1651868901145,US,RV,RV,8,acc,1
SS1651868901145,US,RV,RV,9,acc,1
SS1651868901145,US,RV,RV,10,acc,0
SS1651868901145,US,RV,RV,11,acc,0
SS1651868901145,US,RV,RV,12,acc,0
SS1651868924360,US,RV,RV,1,acc,1
SS1651868924360,US,RV,RV,2,acc,1
SS1651868924360,US,RV,RV,3,acc,1
SS1651868924360,US,RV,RV,4,acc,0
SS1651868924360,US,RV,RV,5,acc,0
SS1651868924360,US,RV,RV,6,acc,0
SS1651868924360,US,RV,RV,7,acc,0
SS1651868924360,US,RV,RV,8,acc,1
SS1651868924360,US,RV,RV,9,acc,1
SS1651868924360,US,RV,RV,10,acc,0
SS1651868924360,US,RV,RV,11,acc,0
SS1651868924360,US,RV,RV,12,acc,0
SS1651868966456,US,RV,RV,1,acc,0
SS1651868966456,US,RV,RV,2,acc,1
SS1651868966456,US,RV,RV,3,acc,0
SS1651868966456,US,RV,RV,4,acc,0
SS1651868966456,US,RV,RV,5,acc,0
SS1651868966456,US,RV,RV,6,acc,0
SS1651868966456,US,RV,RV,7,acc,0
SS1651868966456,US,RV,RV,8,acc,0
SS1651868966456,US,RV,RV,9,acc,1
SS1651868966456,US,RV,RV,10,acc,0
SS1651868966456,US,RV,RV,11,acc,0
SS1651868966456,US,RV,RV,12,acc,0
SS1651869014963,US,RV,RV,1,acc,0
SS1651869014963,US,RV,RV,2,acc,1
SS1651869014963,US,RV,RV,3,acc,1
SS1651869014963,US,RV,RV,4,acc,1
SS1651869014963,US,RV,RV,5,acc,1
SS1651869014963,US,RV,RV,6,acc,1
SS1651869014963,US,RV,RV,7,acc,1
SS1651869014963,US,RV,RV,8,acc,1
SS1651869014963,US,RV,RV,9,acc,1
SS1651869014963,US,RV,RV,10,acc,1
SS1651869014963,US,RV,RV,11,acc,1
SS1651869014963,US,RV,RV,12,acc,0
SS1651869017878,US,RV,RV,1,acc,1
SS1651869017878,US,RV,RV,2,acc,1
SS1651869017878,US,RV,RV,3,acc,1
SS1651869017878,US,RV,RV,4,acc,1
SS1651869017878,US,RV,RV,5,acc,1
SS1651869017878,US,RV,RV,6,acc,1
SS1651869017878,US,RV,RV,7,acc,1
SS1651869017878,US,RV,RV,8,acc,1
SS1651869017878,US,RV,RV,9,acc,1
SS1651869017878,US,RV,RV,10,acc,0
SS1651869017878,US,RV,RV,11,acc,0
SS1651869017878,US,RV,RV,12,acc,1
SS1651869021473,US,RV,RV,1,acc,1
SS1651869021473,US,RV,RV,2,acc,1
SS1651869021473,US,RV,RV,3,acc,1
SS1651869021473,US,RV,RV,4,acc,1
SS1651869021473,US,RV,RV,5,acc,1
SS1651869021473,US,RV,RV,6,acc,1
SS1651869021473,US,RV,RV,7,acc,1
SS1651869021473,US,RV,RV,8,acc,1
SS1651869021473,US,RV,RV,9,acc,0
SS1651869021473,US,RV,RV,10,acc,0
SS1651869021473,US,RV,RV,11,acc,0
SS1651869021473,US,RV,RV,12,acc,0
SS1651869024622,US,RV,RV,1,acc,0
SS1651869024622,US,RV,RV,2,acc,1
SS1651869024622,US,RV,RV,3,acc,1
SS1651869024622,US,RV,RV,4,acc,1
SS1651869024622,US,RV,RV,5,acc,1
SS1651869024622,US,RV,RV,6,acc,1
SS1651869024622,US,RV,RV,7,acc,1
SS1651869024622,US,RV,RV,8,acc,1
SS1651869024622,US,RV,RV,9,acc,0
SS1651869024622,US,RV,RV,10,acc,1
SS1651869024622,US,RV,RV,11,acc,0
SS1651869024622,US,RV,RV,12,acc,0
SS1651869038791,US,RV,RV,1,acc,1
SS1651869038791,US,RV,RV,2,acc,1
SS1651869038791,US,RV,RV,3,acc,1
SS1651869038791,US,RV,RV,4,acc,1
SS1651869038791,US,RV,RV,5,acc,1
SS1651869038791,US,RV,RV,6,acc,1
SS1651869038791,US,RV,RV,7,acc,1
SS1651869038791,US,RV,RV,8,acc,0
SS1651869038791,US,RV,RV,9,acc,1
SS1651869038791,US,RV,RV,10,acc,1
SS1651869038791,US,RV,RV,11,acc,1
SS1651869038791,US,RV,RV,12,acc,0
SS1651869076619,US,RV,RV,1,acc,1
SS1651869076619,US,RV,RV,2,acc,1
SS1651869076619,US,RV,RV,3,acc,1
SS1651869076619,US,RV,RV,4,acc,1
SS1651869076619,US,RV,RV,5,acc,1
SS1651869076619,US,RV,RV,6,acc,1
SS1651869076619,US,RV,RV,7,acc,1
SS1651869076619,US,RV,RV,8,acc,1
SS1651869076619,US,RV,RV,9,acc,0
SS1651869076619,US,RV,RV,10,acc,1
SS1651869076619,US,RV,RV,11,acc,0
SS1651869076619,US,RV,RV,12,acc,1
SS1651869096666,US,RV,RV,1,acc,1
SS1651869096666,US,RV,RV,2,acc,1
SS1651869096666,US,RV,RV,3,acc,1
SS1651869096666,US,RV,RV,4,acc,1
SS1651869096666,US,RV,RV,5,acc,1
SS1651869096666,US,RV,RV,6,acc,1
SS1651869096666,US,RV,RV,7,acc,1
SS1651869096666,US,RV,RV,8,acc,1
SS1651869096666,US,RV,RV,9,acc,1
SS1651869096666,US,RV,RV,10,acc,0
SS1651869096666,US,RV,RV,11,acc,0
SS1651869096666,US,RV,RV,12,acc,1
SS1651869107778,US,RV,RV,1,acc,1
SS1651869107778,US,RV,RV,2,acc,1
SS1651869107778,US,RV,RV,3,acc,1
SS1651869107778,US,RV,RV,4,acc,1
SS1651869107778,US,RV,RV,5,acc,1
SS1651869107778,US,RV,RV,6,acc,1
SS1651869107778,US,RV,RV,7,acc,0
SS1651869107778,US,RV,RV,8,acc,0
SS1651869107778,US,RV,RV,9,acc,0
SS1651869107778,US,RV,RV,10,acc,0
SS1651869107778,US,RV,RV,11,acc,0
SS1651869107778,US,RV,RV,12,acc,0
SS1651869115143,US,RV,RV,1,acc,1
SS1651869115143,US,RV,RV,2,acc,1
SS1651869115143,US,RV,RV,3,acc,0
SS1651869115143,US,RV,RV,4,acc,1
SS1651869115143,US,RV,RV,5,acc,1
SS1651869115143,US,RV,RV,6,acc,0
SS1651869115143,US,RV,RV,7,acc,0
SS1651869115143,US,RV,RV,8,acc,0
SS1651869115143,US,RV,RV,9,acc,0
SS1651869115143,US,RV,RV,10,acc,0
SS1651869115143,US,RV,RV,11,acc,0
SS1651869115143,US,RV,RV,12,acc,0
SS1651869117517,US,RV,RV,1,acc,1
SS1651869117517,US,RV,RV,2,acc,1
SS1651869117517,US,RV,RV,3,acc,1
SS1651869117517,US,RV,RV,4,acc,1
SS1651869117517,US,RV,RV,5,acc,1
SS1651869117517,US,RV,RV,6,acc,0
SS1651869117517,US,RV,RV,7,acc,1
SS1651869117517,US,RV,RV,8,acc,1
SS1651869117517,US,RV,RV,9,acc,1
SS1651869117517,US,RV,RV,10,acc,0
SS1651869117517,US,RV,RV,11,acc,0
SS1651869117517,US,RV,RV,12,acc,0
SS1651869119140,US,RV,RV,1,acc,1
SS1651869119140,US,RV,RV,2,acc,1
SS1651869119140,US,RV,RV,3,acc,1
SS1651869119140,US,RV,RV,4,acc,0
SS1651869119140,US,RV,RV,5,acc,0
SS1651869119140,US,RV,RV,6,acc,0
SS1651869119140,US,RV,RV,7,acc,1
SS1651869119140,US,RV,RV,8,acc,1
SS1651869119140,US,RV,RV,9,acc,1
SS1651869119140,US,RV,RV,10,acc,1
SS1651869119140,US,RV,RV,11,acc,0
SS1651869119140,US,RV,RV,12,acc,0
SS1651869128913,US,RV,RV,1,acc,1
SS1651869128913,US,RV,RV,2,acc,1
SS1651869128913,US,RV,RV,3,acc,1
SS1651869128913,US,RV,RV,4,acc,1
SS1651869128913,US,RV,RV,5,acc,1
SS1651869128913,US,RV,RV,6,acc,1
SS1651869128913,US,RV,RV,7,acc,1
SS1651869128913,US,RV,RV,8,acc,1
SS1651869128913,US,RV,RV,9,acc,1
SS1651869128913,US,RV,RV,10,acc,1
SS1651869128913,US,RV,RV,11,acc,0
SS1651869128913,US,RV,RV,12,acc,1
SS1651869192697,US,RV,RV,1,acc,1
SS1651869192697,US,RV,RV,2,acc,1
SS1651869192697,US,RV,RV,3,acc,1
SS1651869192697,US,RV,RV,4,acc,1
SS1651869192697,US,RV,RV,5,acc,1
SS1651869192697,US,RV,RV,6,acc,0
SS1651869192697,US,RV,RV,7,acc,1
SS1651869192697,US,RV,RV,8,acc,1
SS1651869192697,US,RV,RV,9,acc,1
SS1651869192697,US,RV,RV,10,acc,0
SS1651869192697,US,RV,RV,11,acc,0
SS1651869192697,US,RV,RV,12,acc,0
SS1651869198002,US,RV,RV,1,acc,0
SS1651869198002,US,RV,RV,2,acc,0
SS1651869198002,US,RV,RV,3,acc,1
SS1651869198002,US,RV,RV,4,acc,0
SS1651869198002,US,RV,RV,5,acc,1
SS1651869198002,US,RV,RV,6,acc,1
SS1651869198002,US,RV,RV,7,acc,1
SS1651869198002,US,RV,RV,8,acc,0
SS1651869198002,US,RV,RV,9,acc,0
SS1651869198002,US,RV,RV,10,acc,0
SS1651869198002,US,RV,RV,11,acc,0
SS1651869198002,US,RV,RV,12,acc,0
SS1651869512955,US,RV,RV,1,acc,1
SS1651869512955,US,RV,RV,2,acc,1
SS1651869512955,US,RV,RV,3,acc,1
SS1651869512955,US,RV,RV,4,acc,1
SS1651869512955,US,RV,RV,5,acc,1
SS1651869512955,US,RV,RV,6,acc,1
SS1651869512955,US,RV,RV,7,acc,1
SS1651869512955,US,RV,RV,8,acc,1
SS1651869512955,US,RV,RV,9,acc,0
SS1651869512955,US,RV,RV,10,acc,1
SS1651869512955,US,RV,RV,11,acc,0
SS1651869512955,US,RV,RV,12,acc,1
SS1651869609511,US,RV,RV,1,acc,1
SS1651869609511,US,RV,RV,2,acc,1
SS1651869609511,US,RV,RV,3,acc,1
SS1651869609511,US,RV,RV,4,acc,0
SS1651869609511,US,RV,RV,5,acc,0
SS1651869609511,US,RV,RV,6,acc,0
SS1651869609511,US,RV,RV,7,acc,1
SS1651869609511,US,RV,RV,8,acc,0
SS1651869609511,US,RV,RV,9,acc,0
SS1651869609511,US,RV,RV,10,acc,0
SS1651869609511,US,RV,RV,11,acc,0
SS1651869609511,US,RV,RV,12,acc,0
SS1651869808693,US,RV,RV,1,acc,1
SS1651869808693,US,RV,RV,2,acc,1
SS1651869808693,US,RV,RV,3,acc,1
SS1651869808693,US,RV,RV,4,acc,1
SS1651869808693,US,RV,RV,5,acc,1
SS1651869808693,US,RV,RV,6,acc,1
SS1651869808693,US,RV,RV,7,acc,1
SS1651869808693,US,RV,RV,8,acc,1
SS1651869808693,US,RV,RV,9,acc,1
SS1651869808693,US,RV,RV,10,acc,0
SS1651869808693,US,RV,RV,11,acc,0
SS1651869808693,US,RV,RV,12,acc,0
SS1651869849200,US,RV,RV,1,acc,1
SS1651869849200,US,RV,RV,2,acc,1
SS1651869849200,US,RV,RV,3,acc,1
SS1651869849200,US,RV,RV,4,acc,1
SS1651869849200,US,RV,RV,5,acc,1
SS1651869849200,US,RV,RV,6,acc,1
SS1651869849200,US,RV,RV,7,acc,1
SS1651869849200,US,RV,RV,8,acc,0
SS1651869849200,US,RV,RV,9,acc,0
SS1651869849200,US,RV,RV,10,acc,0
SS1651869849200,US,RV,RV,11,acc,0
SS1651869849200,US,RV,RV,12,acc,0
SS1651870014949,US,RV,RV,1,acc,1
SS1651870014949,US,RV,RV,2,acc,1
SS1651870014949,US,RV,RV,3,acc,1
SS1651870014949,US,RV,RV,4,acc,1
SS1651870014949,US,RV,RV,5,acc,1
SS1651870014949,US,RV,RV,6,acc,0
SS1651870014949,US,RV,RV,7,acc,1
SS1651870014949,US,RV,RV,8,acc,1
SS1651870014949,US,RV,RV,9,acc,1
SS1651870014949,US,RV,RV,10,acc,1
SS1651870014949,US,RV,RV,11,acc,1
SS1651870014949,US,RV,RV,12,acc,1
SS1651870238624,US,RV,RV,1,acc,0
SS1651870238624,US,RV,RV,2,acc,0
SS1651870238624,US,RV,RV,3,acc,0
SS1651870238624,US,RV,RV,4,acc,0
SS1651870238624,US,RV,RV,5,acc,0
SS1651870238624,US,RV,RV,6,acc,1
SS1651870238624,US,RV,RV,7,acc,0
SS1651870238624,US,RV,RV,8,acc,0
SS1651870238624,US,RV,RV,9,acc,0
SS1651870238624,US,RV,RV,10,acc,0
SS1651870238624,US,RV,RV,11,acc,0
SS1651870238624,US,RV,RV,12,acc,0
SS1651870376242,US,RV,RV,1,acc,1
SS1651870376242,US,RV,RV,2,acc,1
SS1651870376242,US,RV,RV,3,acc,1
SS1651870376242,US,RV,RV,4,acc,1
SS1651870376242,US,RV,RV,5,acc,1
SS1651870376242,US,RV,RV,6,acc,1
SS1651870376242,US,RV,RV,7,acc,1
SS1651870376242,US,RV,RV,8,acc,1
SS1651870376242,US,RV,RV,9,acc,1
SS1651870376242,US,RV,RV,10,acc,1
SS1651870376242,US,RV,RV,11,acc,1
SS1651870376242,US,RV,RV,12,acc,1
SS1651870443746,US,RV,RV,1,acc,1
SS1651870443746,US,RV,RV,2,acc,1
SS1651870443746,US,RV,RV,3,acc,1
SS1651870443746,US,RV,RV,4,acc,1
SS1651870443746,US,RV,RV,5,acc,1
SS1651870443746,US,RV,RV,6,acc,1
SS1651870443746,US,RV,RV,7,acc,0
SS1651870443746,US,RV,RV,8,acc,1
SS1651870443746,US,RV,RV,9,acc,1
SS1651870443746,US,RV,RV,10,acc,0
SS1651870443746,US,RV,RV,11,acc,0
SS1651870443746,US,RV,RV,12,acc,1
SS1651871550730,US,RV,RV,1,acc,1
SS1651871550730,US,RV,RV,2,acc,1
SS1651871550730,US,RV,RV,3,acc,1
SS1651871550730,US,RV,RV,4,acc,1
SS1651871550730,US,RV,RV,5,acc,1
SS1651871550730,US,RV,RV,6,acc,1
SS1651871550730,US,RV,RV,7,acc,0
SS1651871550730,US,RV,RV,8,acc,1
SS1651871550730,US,RV,RV,9,acc,1
SS1651871550730,US,RV,RV,10,acc,0
SS1651871550730,US,RV,RV,11,acc,0
SS1651871550730,US,RV,RV,12,acc,0
SS1651871841115,US,RV,RV,1,acc,1
SS1651871841115,US,RV,RV,2,acc,1
SS1651871841115,US,RV,RV,3,acc,0
SS1651871841115,US,RV,RV,4,acc,0
SS1651871841115,US,RV,RV,5,acc,0
SS1651871841115,US,RV,RV,6,acc,0
SS1651871841115,US,RV,RV,7,acc,0
SS1651871841115,US,RV,RV,8,acc,0
SS1651871841115,US,RV,RV,9,acc,0
SS1651871841115,US,RV,RV,10,acc,0
SS1651871841115,US,RV,RV,11,acc,0
SS1651871841115,US,RV,RV,12,acc,0
SS1651871889261,US,RV,RV,1,acc,0
SS1651871889261,US,RV,RV,2,acc,0
SS1651871889261,US,RV,RV,3,acc,0
SS1651871889261,US,RV,RV,4,acc,0
SS1651871889261,US,RV,RV,5,acc,0
SS1651871889261,US,RV,RV,6,acc,0
SS1651871889261,US,RV,RV,7,acc,0
SS1651871889261,US,RV,RV,8,acc,0
SS1651871889261,US,RV,RV,9,acc,0
SS1651871889261,US,RV,RV,10,acc,0
SS1651871889261,US,RV,RV,11,acc,0
SS1651871889261,US,RV,RV,12,acc,0
SS1651872480719,US,RV,RV,1,acc,1
SS1651872480719,US,RV,RV,2,acc,1
SS1651872480719,US,RV,RV,3,acc,1
SS1651872480719,US,RV,RV,4,acc,1
SS1651872480719,US,RV,RV,5,acc,1
SS1651872480719,US,RV,RV,6,acc,1
SS1651872480719,US,RV,RV,7,acc,1
SS1651872480719,US,RV,RV,8,acc,1
SS1651872480719,US,RV,RV,9,acc,1
SS1651872480719,US,RV,RV,10,acc,1
SS1651872480719,US,RV,RV,11,acc,0
SS1651872480719,US,RV,RV,12,acc,1
SS1651873332890,US,RV,RV,1,acc,0
SS1651873332890,US,RV,RV,2,acc,0
SS1651873332890,US,RV,RV,3,acc,0
SS1651873332890,US,RV,RV,4,acc,0
SS1651873332890,US,RV,RV,5,acc,0
SS1651873332890,US,RV,RV,6,acc,0
SS1651873332890,US,RV,RV,7,acc,0
SS1651873332890,US,RV,RV,8,acc,0
SS1651873332890,US,RV,RV,9,acc,1
SS1651873332890,US,RV,RV,10,acc,1
SS1651873332890,US,RV,RV,11,acc,0
SS1651873332890,US,RV,RV,12,acc,0
SS1651873359386,US,RV,RV,1,acc,0
SS1651873359386,US,RV,RV,2,acc,1
SS1651873359386,US,RV,RV,3,acc,1
SS1651873359386,US,RV,RV,4,acc,1
SS1651873359386,US,RV,RV,5,acc,1
SS1651873359386,US,RV,RV,6,acc,1
SS1651873359386,US,RV,RV,7,acc,0
SS1651873359386,US,RV,RV,8,acc,1
SS1651873359386,US,RV,RV,9,acc,1
SS1651873359386,US,RV,RV,10,acc,0
SS1651873359386,US,RV,RV,11,acc,0
SS1651873359386,US,RV,RV,12,acc,0
SS1651878926426,US,RV,RV,1,acc,1
SS1651878926426,US,RV,RV,2,acc,1
SS1651878926426,US,RV,RV,3,acc,1
SS1651878926426,US,RV,RV,4,acc,1
SS1651878926426,US,RV,RV,5,acc,1
SS1651878926426,US,RV,RV,6,acc,1
SS1651878926426,US,RV,RV,7,acc,1
SS1651878926426,US,RV,RV,8,acc,1
SS1651878926426,US,RV,RV,9,acc,1
SS1651878926426,US,RV,RV,10,acc,1
SS1651878926426,US,RV,RV,11,acc,1
SS1651878926426,US,RV,RV,12,acc,0
SS1651878928252,US,RV,RV,1,acc,1
SS1651878928252,US,RV,RV,2,acc,1
SS1651878928252,US,RV,RV,3,acc,1
SS1651878928252,US,RV,RV,4,acc,1
SS1651878928252,US,RV,RV,5,acc,1
SS1651878928252,US,RV,RV,6,acc,1
SS1651878928252,US,RV,RV,7,acc,1
SS1651878928252,US,RV,RV,8,acc,1
SS1651878928252,US,RV,RV,9,acc,1
SS1651878928252,US,RV,RV,10,acc,0
SS1651878928252,US,RV,RV,11,acc,0
SS1651878928252,US,RV,RV,12,acc,1
SS1651544690789,CN,RV,RV,1,acc,0
SS1651544690789,CN,RV,RV,2,acc,0
SS1651544690789,CN,RV,RV,3,acc,0
SS1651544690789,CN,RV,RV,4,acc,0
SS1651544690789,CN,RV,RV,5,acc,0
SS1651544690789,CN,RV,RV,6,acc,0
SS1651544690789,CN,RV,RV,7,acc,0
SS1651544690789,CN,RV,RV,8,acc,0
SS1651544690789,CN,RV,RV,9,acc,0
SS1651544690789,CN,RV,RV,10,acc,0
SS1651544690789,CN,RV,RV,11,acc,0
SS1651544690789,CN,RV,RV,12,acc,0
SS1651544913549,CN,RV,RV,1,acc,1
SS1651544913549,CN,RV,RV,2,acc,1
SS1651544913549,CN,RV,RV,3,acc,1
SS1651544913549,CN,RV,RV,4,acc,1
SS1651544913549,CN,RV,RV,5,acc,1
SS1651544913549,CN,RV,RV,6,acc,1
SS1651544913549,CN,RV,RV,7,acc,0
SS1651544913549,CN,RV,RV,8,acc,0
SS1651544913549,CN,RV,RV,9,acc,0
SS1651544913549,CN,RV,RV,10,acc,0
SS1651544913549,CN,RV,RV,11,acc,0
SS1651544913549,CN,RV,RV,12,acc,0
SS1651544929438,CN,RV,RV,1,acc,0
SS1651544929438,CN,RV,RV,2,acc,0
SS1651544929438,CN,RV,RV,3,acc,1
SS1651544929438,CN,RV,RV,4,acc,1
SS1651544929438,CN,RV,RV,5,acc,1
SS1651544929438,CN,RV,RV,6,acc,0
SS1651544929438,CN,RV,RV,7,acc,0
SS1651544929438,CN,RV,RV,8,acc,0
SS1651544929438,CN,RV,RV,9,acc,0
SS1651544929438,CN,RV,RV,10,acc,0
SS1651544929438,CN,RV,RV,11,acc,0
SS1651544929438,CN,RV,RV,12,acc,0
SS1651545081461,CN,RV,RV,1,acc,1
SS1651545081461,CN,RV,RV,2,acc,1
SS1651545081461,CN,RV,RV,3,acc,1
SS1651545081461,CN,RV,RV,4,acc,1
SS1651545081461,CN,RV,RV,5,acc,1
SS1651545081461,CN,RV,RV,6,acc,1
SS1651545081461,CN,RV,RV,7,acc,1
SS1651545081461,CN,RV,RV,8,acc,1
SS1651545081461,CN,RV,RV,9,acc,1
SS1651545081461,CN,RV,RV,10,acc,1
SS1651545081461,CN,RV,RV,11,acc,1
SS1651545081461,CN,RV,RV,12,acc,1
SS1651545105150,CN,RV,RV,1,acc,1
SS1651545105150,CN,RV,RV,2,acc,1
SS1651545105150,CN,RV,RV,3,acc,1
SS1651545105150,CN,RV,RV,4,acc,0
SS1651545105150,CN,RV,RV,5,acc,1
SS1651545105150,CN,RV,RV,6,acc,1
SS1651545105150,CN,RV,RV,7,acc,0
SS1651545105150,CN,RV,RV,8,acc,1
SS1651545105150,CN,RV,RV,9,acc,0
SS1651545105150,CN,RV,RV,10,acc,1
SS1651545105150,CN,RV,RV,11,acc,1
SS1651545105150,CN,RV,RV,12,acc,0
SS1651545107281,CN,RV,RV,1,acc,0
SS1651545107281,CN,RV,RV,2,acc,0
SS1651545107281,CN,RV,RV,3,acc,0
SS1651545107281,CN,RV,RV,4,acc,0
SS1651545107281,CN,RV,RV,5,acc,0
SS1651545107281,CN,RV,RV,6,acc,0
SS1651545107281,CN,RV,RV,7,acc,0
SS1651545107281,CN,RV,RV,8,acc,0
SS1651545107281,CN,RV,RV,9,acc,0
SS1651545107281,CN,RV,RV,10,acc,0
SS1651545107281,CN,RV,RV,11,acc,0
SS1651545107281,CN,RV,RV,12,acc,0
SS1651545123067,CN,RV,RV,1,acc,1
SS1651545123067,CN,RV,RV,2,acc,1
SS1651545123067,CN,RV,RV,3,acc,1
SS1651545123067,CN,RV,RV,4,acc,1
SS1651545123067,CN,RV,RV,5,acc,1
SS1651545123067,CN,RV,RV,6,acc,1
SS1651545123067,CN,RV,RV,7,acc,1
SS1651545123067,CN,RV,RV,8,acc,1
SS1651545123067,CN,RV,RV,9,acc,1
SS1651545123067,CN,RV,RV,10,acc,0
SS1651545123067,CN,RV,RV,11,acc,0
SS1651545123067,CN,RV,RV,12,acc,1
SS1651545188145,CN,RV,RV,1,acc,1
SS1651545188145,CN,RV,RV,2,acc,1
SS1651545188145,CN,RV,RV,3,acc,1
SS1651545188145,CN,RV,RV,4,acc,1
SS1651545188145,CN,RV,RV,5,acc,1
SS1651545188145,CN,RV,RV,6,acc,1
SS1651545188145,CN,RV,RV,7,acc,1
SS1651545188145,CN,RV,RV,8,acc,1
SS1651545188145,CN,RV,RV,9,acc,1
SS1651545188145,CN,RV,RV,10,acc,1
SS1651545188145,CN,RV,RV,11,acc,0
SS1651545188145,CN,RV,RV,12,acc,1
SS1651545279588,CN,RV,RV,1,acc,1
SS1651545279588,CN,RV,RV,2,acc,1
SS1651545279588,CN,RV,RV,3,acc,1
SS1651545279588,CN,RV,RV,4,acc,1
SS1651545279588,CN,RV,RV,5,acc,1
SS1651545279588,CN,RV,RV,6,acc,1
SS1651545279588,CN,RV,RV,7,acc,1
SS1651545279588,CN,RV,RV,8,acc,1
SS1651545279588,CN,RV,RV,9,acc,1
SS1651545279588,CN,RV,RV,10,acc,1
SS1651545279588,CN,RV,RV,11,acc,0
SS1651545279588,CN,RV,RV,12,acc,0
SS1651545285513,CN,RV,RV,1,acc,1
SS1651545285513,CN,RV,RV,2,acc,1
SS1651545285513,CN,RV,RV,3,acc,1
SS1651545285513,CN,RV,RV,4,acc,1
SS1651545285513,CN,RV,RV,5,acc,1
SS1651545285513,CN,RV,RV,6,acc,1
SS1651545285513,CN,RV,RV,7,acc,1
SS1651545285513,CN,RV,RV,8,acc,1
SS1651545285513,CN,RV,RV,9,acc,0
SS1651545285513,CN,RV,RV,10,acc,1
SS1651545285513,CN,RV,RV,11,acc,1
SS1651545285513,CN,RV,RV,12,acc,1
SS1651545357097,CN,RV,RV,1,acc,1
SS1651545357097,CN,RV,RV,2,acc,1
SS1651545357097,CN,RV,RV,3,acc,0
SS1651545357097,CN,RV,RV,4,acc,1
SS1651545357097,CN,RV,RV,5,acc,1
SS1651545357097,CN,RV,RV,6,acc,1
SS1651545357097,CN,RV,RV,7,acc,1
SS1651545357097,CN,RV,RV,8,acc,1
SS1651545357097,CN,RV,RV,9,acc,1
SS1651545357097,CN,RV,RV,10,acc,0
SS1651545357097,CN,RV,RV,11,acc,0
SS1651545357097,CN,RV,RV,12,acc,0
SS1651545751233,CN,RV,RV,1,acc,0
SS1651545751233,CN,RV,RV,2,acc,1
SS1651545751233,CN,RV,RV,3,acc,1
SS1651545751233,CN,RV,RV,4,acc,1
SS1651545751233,CN,RV,RV,5,acc,1
SS1651545751233,CN,RV,RV,6,acc,1
SS1651545751233,CN,RV,RV,7,acc,1
SS1651545751233,CN,RV,RV,8,acc,1
SS1651545751233,CN,RV,RV,9,acc,0
SS1651545751233,CN,RV,RV,10,acc,0
SS1651545751233,CN,RV,RV,11,acc,0
SS1651545751233,CN,RV,RV,12,acc,0
SS1651546122639,CN,RV,RV,1,acc,1
SS1651546122639,CN,RV,RV,2,acc,1
SS1651546122639,CN,RV,RV,3,acc,1
SS1651546122639,CN,RV,RV,4,acc,1
SS1651546122639,CN,RV,RV,5,acc,1
SS1651546122639,CN,RV,RV,6,acc,1
SS1651546122639,CN,RV,RV,7,acc,1
SS1651546122639,CN,RV,RV,8,acc,1
SS1651546122639,CN,RV,RV,9,acc,1
SS1651546122639,CN,RV,RV,10,acc,1
SS1651546122639,CN,RV,RV,11,acc,1
SS1651546122639,CN,RV,RV,12,acc,1
SS1651546827542,CN,RV,RV,1,acc,1
SS1651546827542,CN,RV,RV,2,acc,1
SS1651546827542,CN,RV,RV,3,acc,1
SS1651546827542,CN,RV,RV,4,acc,1
SS1651546827542,CN,RV,RV,5,acc,1
SS1651546827542,CN,RV,RV,6,acc,1
SS1651546827542,CN,RV,RV,7,acc,1
SS1651546827542,CN,RV,RV,8,acc,1
SS1651546827542,CN,RV,RV,9,acc,1
SS1651546827542,CN,RV,RV,10,acc,0
SS1651546827542,CN,RV,RV,11,acc,1
SS1651546827542,CN,RV,RV,12,acc,1
SS1651546915326,CN,RV,RV,1,acc,1
SS1651546915326,CN,RV,RV,2,acc,1
SS1651546915326,CN,RV,RV,3,acc,1
SS1651546915326,CN,RV,RV,4,acc,1
SS1651546915326,CN,RV,RV,5,acc,1
SS1651546915326,CN,RV,RV,6,acc,1
SS1651546915326,CN,RV,RV,7,acc,1
SS1651546915326,CN,RV,RV,8,acc,1
SS1651546915326,CN,RV,RV,9,acc,1
SS1651546915326,CN,RV,RV,10,acc,1
SS1651546915326,CN,RV,RV,11,acc,1
SS1651546915326,CN,RV,RV,12,acc,1
SS1651547162777,CN,RV,RV,1,acc,1
SS1651547162777,CN,RV,RV,2,acc,1
SS1651547162777,CN,RV,RV,3,acc,1
SS1651547162777,CN,RV,RV,4,acc,0
SS1651547162777,CN,RV,RV,5,acc,1
SS1651547162777,CN,RV,RV,6,acc,0
SS1651547162777,CN,RV,RV,7,acc,1
SS1651547162777,CN,RV,RV,8,acc,0
SS1651547162777,CN,RV,RV,9,acc,0
SS1651547162777,CN,RV,RV,10,acc,0
SS1651547162777,CN,RV,RV,11,acc,0
SS1651547162777,CN,RV,RV,12,acc,0
SS1651548143005,CN,RV,RV,1,acc,1
SS1651548143005,CN,RV,RV,2,acc,0
SS1651548143005,CN,RV,RV,3,acc,1
SS1651548143005,CN,RV,RV,4,acc,1
SS1651548143005,CN,RV,RV,5,acc,1
SS1651548143005,CN,RV,RV,6,acc,1
SS1651548143005,CN,RV,RV,7,acc,0
SS1651548143005,CN,RV,RV,8,acc,1
SS1651548143005,CN,RV,RV,9,acc,0
SS1651548143005,CN,RV,RV,10,acc,0
SS1651548143005,CN,RV,RV,11,acc,0
SS1651548143005,CN,RV,RV,12,acc,0
SS1651552135862,CN,RV,RV,1,acc,1
SS1651552135862,CN,RV,RV,2,acc,1
SS1651552135862,CN,RV,RV,3,acc,1
SS1651552135862,CN,RV,RV,4,acc,1
SS1651552135862,CN,RV,RV,5,acc,1
SS1651552135862,CN,RV,RV,6,acc,1
SS1651552135862,CN,RV,RV,7,acc,0
SS1651552135862,CN,RV,RV,8,acc,1
SS1651552135862,CN,RV,RV,9,acc,1
SS1651552135862,CN,RV,RV,10,acc,0
SS1651552135862,CN,RV,RV,11,acc,1
SS1651552135862,CN,RV,RV,12,acc,0
SS1651552362039,CN,RV,RV,1,acc,1
SS1651552362039,CN,RV,RV,2,acc,1
SS1651552362039,CN,RV,RV,3,acc,1
SS1651552362039,CN,RV,RV,4,acc,1
SS1651552362039,CN,RV,RV,5,acc,1
SS1651552362039,CN,RV,RV,6,acc,1
SS1651552362039,CN,RV,RV,7,acc,1
SS1651552362039,CN,RV,RV,8,acc,1
SS1651552362039,CN,RV,RV,9,acc,1
SS1651552362039,CN,RV,RV,10,acc,1
SS1651552362039,CN,RV,RV,11,acc,1
SS1651552362039,CN,RV,RV,12,acc,0
SS1651552837542,CN,RV,RV,1,acc,1
SS1651552837542,CN,RV,RV,2,acc,1
SS1651552837542,CN,RV,RV,3,acc,1
SS1651552837542,CN,RV,RV,4,acc,1
SS1651552837542,CN,RV,RV,5,acc,1
SS1651552837542,CN,RV,RV,6,acc,1
SS1651552837542,CN,RV,RV,7,acc,1
SS1651552837542,CN,RV,RV,8,acc,1
SS1651552837542,CN,RV,RV,9,acc,1
SS1651552837542,CN,RV,RV,10,acc,1
SS1651552837542,CN,RV,RV,11,acc,0
SS1651552837542,CN,RV,RV,12,acc,1
SS1651553474432,CN,RV,RV,1,acc,1
SS1651553474432,CN,RV,RV,2,acc,1
SS1651553474432,CN,RV,RV,3,acc,1
SS1651553474432,CN,RV,RV,4,acc,1
SS1651553474432,CN,RV,RV,5,acc,1
SS1651553474432,CN,RV,RV,6,acc,1
SS1651553474432,CN,RV,RV,7,acc,1
SS1651553474432,CN,RV,RV,8,acc,0
SS1651553474432,CN,RV,RV,9,acc,0
SS1651553474432,CN,RV,RV,10,acc,0
SS1651553474432,CN,RV,RV,11,acc,0
SS1651553474432,CN,RV,RV,12,acc,1
SS1651553913160,CN,RV,RV,1,acc,1
SS1651553913160,CN,RV,RV,2,acc,1
SS1651553913160,CN,RV,RV,3,acc,1
SS1651553913160,CN,RV,RV,4,acc,1
SS1651553913160,CN,RV,RV,5,acc,1
SS1651553913160,CN,RV,RV,6,acc,1
SS1651553913160,CN,RV,RV,7,acc,1
SS1651553913160,CN,RV,RV,8,acc,1
SS1651553913160,CN,RV,RV,9,acc,0
SS1651553913160,CN,RV,RV,10,acc,0
SS1651553913160,CN,RV,RV,11,acc,0
SS1651553913160,CN,RV,RV,12,acc,1
SS1651553969715,CN,RV,RV,1,acc,1
SS1651553969715,CN,RV,RV,2,acc,1
SS1651553969715,CN,RV,RV,3,acc,1
SS1651553969715,CN,RV,RV,4,acc,1
SS1651553969715,CN,RV,RV,5,acc,1
SS1651553969715,CN,RV,RV,6,acc,1
SS1651553969715,CN,RV,RV,7,acc,1
SS1651553969715,CN,RV,RV,8,acc,1
SS1651553969715,CN,RV,RV,9,acc,1
SS1651553969715,CN,RV,RV,10,acc,1
SS1651553969715,CN,RV,RV,11,acc,0
SS1651553969715,CN,RV,RV,12,acc,0
SS1651554145523,CN,RV,RV,1,acc,0
SS1651554145523,CN,RV,RV,2,acc,1
SS1651554145523,CN,RV,RV,3,acc,1
SS1651554145523,CN,RV,RV,4,acc,1
SS1651554145523,CN,RV,RV,5,acc,1
SS1651554145523,CN,RV,RV,6,acc,1
SS1651554145523,CN,RV,RV,7,acc,1
SS1651554145523,CN,RV,RV,8,acc,1
SS1651554145523,CN,RV,RV,9,acc,1
SS1651554145523,CN,RV,RV,10,acc,0
SS1651554145523,CN,RV,RV,11,acc,0
SS1651554145523,CN,RV,RV,12,acc,1
SS1651554184228,CN,RV,RV,1,acc,1
SS1651554184228,CN,RV,RV,2,acc,1
SS1651554184228,CN,RV,RV,3,acc,1
SS1651554184228,CN,RV,RV,4,acc,1
SS1651554184228,CN,RV,RV,5,acc,1
SS1651554184228,CN,RV,RV,6,acc,1
SS1651554184228,CN,RV,RV,7,acc,1
SS1651554184228,CN,RV,RV,8,acc,1
SS1651554184228,CN,RV,RV,9,acc,1
SS1651554184228,CN,RV,RV,10,acc,1
SS1651554184228,CN,RV,RV,11,acc,0
SS1651554184228,CN,RV,RV,12,acc,0
SS1651554284065,CN,RV,RV,1,acc,0
SS1651554284065,CN,RV,RV,2,acc,1
SS1651554284065,CN,RV,RV,3,acc,1
SS1651554284065,CN,RV,RV,4,acc,1
SS1651554284065,CN,RV,RV,5,acc,1
SS1651554284065,CN,RV,RV,6,acc,1
SS1651554284065,CN,RV,RV,7,acc,1
SS1651554284065,CN,RV,RV,8,acc,1
SS1651554284065,CN,RV,RV,9,acc,0
SS1651554284065,CN,RV,RV,10,acc,1
SS1651554284065,CN,RV,RV,11,acc,0
SS1651554284065,CN,RV,RV,12,acc,0
SS1651554809980,CN,RV,RV,1,acc,1
SS1651554809980,CN,RV,RV,2,acc,1
SS1651554809980,CN,RV,RV,3,acc,0
SS1651554809980,CN,RV,RV,4,acc,1
SS1651554809980,CN,RV,RV,5,acc,1
SS1651554809980,CN,RV,RV,6,acc,1
SS1651554809980,CN,RV,RV,7,acc,1
SS1651554809980,CN,RV,RV,8,acc,0
SS1651554809980,CN,RV,RV,9,acc,1
SS1651554809980,CN,RV,RV,10,acc,1
SS1651554809980,CN,RV,RV,11,acc,1
SS1651554809980,CN,RV,RV,12,acc,0
SS1651555233128,CN,RV,RV,1,acc,1
SS1651555233128,CN,RV,RV,2,acc,0
SS1651555233128,CN,RV,RV,3,acc,1
SS1651555233128,CN,RV,RV,4,acc,1
SS1651555233128,CN,RV,RV,5,acc,1
SS1651555233128,CN,RV,RV,6,acc,1
SS1651555233128,CN,RV,RV,7,acc,0
SS1651555233128,CN,RV,RV,8,acc,1
SS1651555233128,CN,RV,RV,9,acc,0
SS1651555233128,CN,RV,RV,10,acc,0
SS1651555233128,CN,RV,RV,11,acc,0
SS1651555233128,CN,RV,RV,12,acc,0
SS1651559729763,CN,RV,RV,1,acc,1
SS1651559729763,CN,RV,RV,2,acc,0
SS1651559729763,CN,RV,RV,3,acc,1
SS1651559729763,CN,RV,RV,4,acc,1
SS1651559729763,CN,RV,RV,5,acc,1
SS1651559729763,CN,RV,RV,6,acc,1
SS1651559729763,CN,RV,RV,7,acc,0
SS1651559729763,CN,RV,RV,8,acc,1
SS1651559729763,CN,RV,RV,9,acc,0
SS1651559729763,CN,RV,RV,10,acc,0
SS1651559729763,CN,RV,RV,11,acc,0
SS1651559729763,CN,RV,RV,12,acc,0
SS1651560025455,CN,RV,RV,1,acc,1
SS1651560025455,CN,RV,RV,2,acc,1
SS1651560025455,CN,RV,RV,3,acc,1
SS1651560025455,CN,RV,RV,4,acc,1
SS1651560025455,CN,RV,RV,5,acc,1
SS1651560025455,CN,RV,RV,6,acc,1
SS1651560025455,CN,RV,RV,7,acc,1
SS1651560025455,CN,RV,RV,8,acc,1
SS1651560025455,CN,RV,RV,9,acc,1
SS1651560025455,CN,RV,RV,10,acc,1
SS1651560025455,CN,RV,RV,11,acc,1
SS1651560025455,CN,RV,RV,12,acc,1
SS1651561685665,CN,RV,RV,1,acc,1
SS1651561685665,CN,RV,RV,2,acc,1
SS1651561685665,CN,RV,RV,3,acc,1
SS1651561685665,CN,RV,RV,4,acc,1
SS1651561685665,CN,RV,RV,5,acc,1
SS1651561685665,CN,RV,RV,6,acc,1
SS1651561685665,CN,RV,RV,7,acc,1
SS1651561685665,CN,RV,RV,8,acc,0
SS1651561685665,CN,RV,RV,9,acc,1
SS1651561685665,CN,RV,RV,10,acc,1
SS1651561685665,CN,RV,RV,11,acc,1
SS1651561685665,CN,RV,RV,12,acc,1
SS1651562034956,CN,RV,RV,1,acc,1
SS1651562034956,CN,RV,RV,2,acc,1
SS1651562034956,CN,RV,RV,3,acc,1
SS1651562034956,CN,RV,RV,4,acc,1
SS1651562034956,CN,RV,RV,5,acc,1
SS1651562034956,CN,RV,RV,6,acc,1
SS1651562034956,CN,RV,RV,7,acc,1
SS1651562034956,CN,RV,RV,8,acc,1
SS1651562034956,CN,RV,RV,9,acc,1
SS1651562034956,CN,RV,RV,10,acc,1
SS1651562034956,CN,RV,RV,11,acc,0
SS1651562034956,CN,RV,RV,12,acc,1
SS1651562868228,CN,RV,RV,1,acc,1
SS1651562868228,CN,RV,RV,2,acc,1
SS1651562868228,CN,RV,RV,3,acc,1
SS1651562868228,CN,RV,RV,4,acc,1
SS1651562868228,CN,RV,RV,5,acc,1
SS1651562868228,CN,RV,RV,6,acc,1
SS1651562868228,CN,RV,RV,7,acc,1
SS1651562868228,CN,RV,RV,8,acc,1
SS1651562868228,CN,RV,RV,9,acc,0
SS1651562868228,CN,RV,RV,10,acc,1
SS1651562868228,CN,RV,RV,11,acc,1
SS1651562868228,CN,RV,RV,12,acc,0
SS1651564260438,CN,RV,RV,1,acc,1
SS1651564260438,CN,RV,RV,2,acc,1
SS1651564260438,CN,RV,RV,3,acc,1
SS1651564260438,CN,RV,RV,4,acc,1
SS1651564260438,CN,RV,RV,5,acc,1
SS1651564260438,CN,RV,RV,6,acc,1
SS1651564260438,CN,RV,RV,7,acc,1
SS1651564260438,CN,RV,RV,8,acc,1
SS1651564260438,CN,RV,RV,9,acc,1
SS1651564260438,CN,RV,RV,10,acc,0
SS1651564260438,CN,RV,RV,11,acc,0
SS1651564260438,CN,RV,RV,12,acc,1
SS1651564308340,CN,RV,RV,1,acc,1
SS1651564308340,CN,RV,RV,2,acc,0
SS1651564308340,CN,RV,RV,3,acc,1
SS1651564308340,CN,RV,RV,4,acc,1
SS1651564308340,CN,RV,RV,5,acc,1
SS1651564308340,CN,RV,RV,6,acc,1
SS1651564308340,CN,RV,RV,7,acc,0
SS1651564308340,CN,RV,RV,8,acc,1
SS1651564308340,CN,RV,RV,9,acc,0
SS1651564308340,CN,RV,RV,10,acc,0
SS1651564308340,CN,RV,RV,11,acc,0
SS1651564308340,CN,RV,RV,12,acc,0
SS1651565828518,CN,RV,RV,1,acc,1
SS1651565828518,CN,RV,RV,2,acc,1
SS1651565828518,CN,RV,RV,3,acc,1
SS1651565828518,CN,RV,RV,4,acc,1
SS1651565828518,CN,RV,RV,5,acc,1
SS1651565828518,CN,RV,RV,6,acc,1
SS1651565828518,CN,RV,RV,7,acc,1
SS1651565828518,CN,RV,RV,8,acc,1
SS1651565828518,CN,RV,RV,9,acc,1
SS1651565828518,CN,RV,RV,10,acc,1
SS1651565828518,CN,RV,RV,11,acc,0
SS1651565828518,CN,RV,RV,12,acc,1
SS1651568252846,CN,RV,RV,1,acc,1
SS1651568252846,CN,RV,RV,2,acc,1
SS1651568252846,CN,RV,RV,3,acc,1
SS1651568252846,CN,RV,RV,4,acc,1
SS1651568252846,CN,RV,RV,5,acc,1
SS1651568252846,CN,RV,RV,6,acc,1
SS1651568252846,CN,RV,RV,7,acc,1
SS1651568252846,CN,RV,RV,8,acc,1
SS1651568252846,CN,RV,RV,9,acc,1
SS1651568252846,CN,RV,RV,10,acc,1
SS1651568252846,CN,RV,RV,11,acc,1
SS1651568252846,CN,RV,RV,12,acc,1
SS1651568382617,CN,RV,RV,1,acc,1
SS1651568382617,CN,RV,RV,2,acc,1
SS1651568382617,CN,RV,RV,3,acc,1
SS1651568382617,CN,RV,RV,4,acc,1
SS1651568382617,CN,RV,RV,5,acc,1
SS1651568382617,CN,RV,RV,6,acc,1
SS1651568382617,CN,RV,RV,7,acc,1
SS1651568382617,CN,RV,RV,8,acc,1
SS1651568382617,CN,RV,RV,9,acc,1
SS1651568382617,CN,RV,RV,10,acc,1
SS1651568382617,CN,RV,RV,11,acc,1
SS1651568382617,CN,RV,RV,12,acc,1
SS1651568918829,CN,RV,RV,1,acc,1
SS1651568918829,CN,RV,RV,2,acc,1
SS1651568918829,CN,RV,RV,3,acc,1
SS1651568918829,CN,RV,RV,4,acc,1
SS1651568918829,CN,RV,RV,5,acc,1
SS1651568918829,CN,RV,RV,6,acc,1
SS1651568918829,CN,RV,RV,7,acc,1
SS1651568918829,CN,RV,RV,8,acc,1
SS1651568918829,CN,RV,RV,9,acc,1
SS1651568918829,CN,RV,RV,10,acc,1
SS1651568918829,CN,RV,RV,11,acc,1
SS1651568918829,CN,RV,RV,12,acc,1
SS1651570752111,CN,RV,RV,1,acc,1
SS1651570752111,CN,RV,RV,2,acc,1
SS1651570752111,CN,RV,RV,3,acc,1
SS1651570752111,CN,RV,RV,4,acc,1
SS1651570752111,CN,RV,RV,5,acc,1
SS1651570752111,CN,RV,RV,6,acc,1
SS1651570752111,CN,RV,RV,7,acc,0
SS1651570752111,CN,RV,RV,8,acc,1
SS1651570752111,CN,RV,RV,9,acc,1
SS1651570752111,CN,RV,RV,10,acc,0
SS1651570752111,CN,RV,RV,11,acc,0
SS1651570752111,CN,RV,RV,12,acc,0
SS1651571509239,CN,RV,RV,1,acc,1
SS1651571509239,CN,RV,RV,2,acc,1
SS1651571509239,CN,RV,RV,3,acc,0
SS1651571509239,CN,RV,RV,4,acc,1
SS1651571509239,CN,RV,RV,5,acc,1
SS1651571509239,CN,RV,RV,6,acc,1
SS1651571509239,CN,RV,RV,7,acc,1
SS1651571509239,CN,RV,RV,8,acc,1
SS1651571509239,CN,RV,RV,9,acc,0
SS1651571509239,CN,RV,RV,10,acc,1
SS1651571509239,CN,RV,RV,11,acc,0
SS1651571509239,CN,RV,RV,12,acc,0
SS1651572914976,CN,RV,RV,1,acc,1
SS1651572914976,CN,RV,RV,2,acc,1
SS1651572914976,CN,RV,RV,3,acc,1
SS1651572914976,CN,RV,RV,4,acc,1
SS1651572914976,CN,RV,RV,5,acc,1
SS1651572914976,CN,RV,RV,6,acc,1
SS1651572914976,CN,RV,RV,7,acc,1
SS1651572914976,CN,RV,RV,8,acc,0
SS1651572914976,CN,RV,RV,9,acc,1
SS1651572914976,CN,RV,RV,10,acc,1
SS1651572914976,CN,RV,RV,11,acc,0
SS1651572914976,CN,RV,RV,12,acc,0
SS1651576408487,CN,RV,RV,1,acc,1
SS1651576408487,CN,RV,RV,2,acc,1
SS1651576408487,CN,RV,RV,3,acc,1
SS1651576408487,CN,RV,RV,4,acc,1
SS1651576408487,CN,RV,RV,5,acc,1
SS1651576408487,CN,RV,RV,6,acc,0
SS1651576408487,CN,RV,RV,7,acc,1
SS1651576408487,CN,RV,RV,8,acc,1
SS1651576408487,CN,RV,RV,9,acc,1
SS1651576408487,CN,RV,RV,10,acc,1
SS1651576408487,CN,RV,RV,11,acc,1
SS1651576408487,CN,RV,RV,12,acc,0
SS1651578940027,CN,RV,RV,1,acc,1
SS1651578940027,CN,RV,RV,2,acc,1
SS1651578940027,CN,RV,RV,3,acc,1
SS1651578940027,CN,RV,RV,4,acc,1
SS1651578940027,CN,RV,RV,5,acc,1
SS1651578940027,CN,RV,RV,6,acc,1
SS1651578940027,CN,RV,RV,7,acc,1
SS1651578940027,CN,RV,RV,8,acc,1
SS1651578940027,CN,RV,RV,9,acc,1
SS1651578940027,CN,RV,RV,10,acc,1
SS1651578940027,CN,RV,RV,11,acc,1
SS1651578940027,CN,RV,RV,12,acc,1
SS1651579399729,CN,RV,RV,1,acc,0
SS1651579399729,CN,RV,RV,2,acc,1
SS1651579399729,CN,RV,RV,3,acc,1
SS1651579399729,CN,RV,RV,4,acc,1
SS1651579399729,CN,RV,RV,5,acc,0
SS1651579399729,CN,RV,RV,6,acc,0
SS1651579399729,CN,RV,RV,7,acc,1
SS1651579399729,CN,RV,RV,8,acc,0
SS1651579399729,CN,RV,RV,9,acc,0
SS1651579399729,CN,RV,RV,10,acc,0
SS1651579399729,CN,RV,RV,11,acc,0
SS1651579399729,CN,RV,RV,12,acc,0
SS1651582669897,CN,RV,RV,1,acc,1
SS1651582669897,CN,RV,RV,2,acc,1
SS1651582669897,CN,RV,RV,3,acc,1
SS1651582669897,CN,RV,RV,4,acc,1
SS1651582669897,CN,RV,RV,5,acc,1
SS1651582669897,CN,RV,RV,6,acc,1
SS1651582669897,CN,RV,RV,7,acc,1
SS1651582669897,CN,RV,RV,8,acc,1
SS1651582669897,CN,RV,RV,9,acc,1
SS1651582669897,CN,RV,RV,10,acc,1
SS1651582669897,CN,RV,RV,11,acc,0
SS1651582669897,CN,RV,RV,12,acc,0
SS1651620046254,CN,RV,RV,1,acc,1
SS1651620046254,CN,RV,RV,2,acc,0
SS1651620046254,CN,RV,RV,3,acc,0
SS1651620046254,CN,RV,RV,4,acc,0
SS1651620046254,CN,RV,RV,5,acc,0
SS1651620046254,CN,RV,RV,6,acc,1
SS1651620046254,CN,RV,RV,7,acc,0
SS1651620046254,CN,RV,RV,8,acc,1
SS1651620046254,CN,RV,RV,9,acc,0
SS1651620046254,CN,RV,RV,10,acc,0
SS1651620046254,CN,RV,RV,11,acc,0
SS1651620046254,CN,RV,RV,12,acc,0
SS1651623308643,CN,RV,RV,1,acc,1
SS1651623308643,CN,RV,RV,2,acc,1
SS1651623308643,CN,RV,RV,3,acc,1
SS1651623308643,CN,RV,RV,4,acc,1
SS1651623308643,CN,RV,RV,5,acc,1
SS1651623308643,CN,RV,RV,6,acc,1
SS1651623308643,CN,RV,RV,7,acc,1
SS1651623308643,CN,RV,RV,8,acc,1
SS1651623308643,CN,RV,RV,9,acc,1
SS1651623308643,CN,RV,RV,10,acc,1
SS1651623308643,CN,RV,RV,11,acc,0
SS1651623308643,CN,RV,RV,12,acc,0
SS1651625504097,CN,RV,RV,1,acc,1
SS1651625504097,CN,RV,RV,2,acc,1
SS1651625504097,CN,RV,RV,3,acc,1
SS1651625504097,CN,RV,RV,4,acc,1
SS1651625504097,CN,RV,RV,5,acc,1
SS1651625504097,CN,RV,RV,6,acc,1
SS1651625504097,CN,RV,RV,7,acc,1
SS1651625504097,CN,RV,RV,8,acc,0
SS1651625504097,CN,RV,RV,9,acc,1
SS1651625504097,CN,RV,RV,10,acc,1
SS1651625504097,CN,RV,RV,11,acc,1
SS1651625504097,CN,RV,RV,12,acc,0
SS1651629675682,CN,RV,RV,1,acc,1
SS1651629675682,CN,RV,RV,2,acc,1
SS1651629675682,CN,RV,RV,3,acc,0
SS1651629675682,CN,RV,RV,4,acc,1
SS1651629675682,CN,RV,RV,5,acc,1
SS1651629675682,CN,RV,RV,6,acc,1
SS1651629675682,CN,RV,RV,7,acc,1
SS1651629675682,CN,RV,RV,8,acc,1
SS1651629675682,CN,RV,RV,9,acc,1
SS1651629675682,CN,RV,RV,10,acc,1
SS1651629675682,CN,RV,RV,11,acc,1
SS1651629675682,CN,RV,RV,12,acc,1
SS1651631038398,CN,RV,RV,1,acc,0
SS1651631038398,CN,RV,RV,2,acc,1
SS1651631038398,CN,RV,RV,3,acc,1
SS1651631038398,CN,RV,RV,4,acc,1
SS1651631038398,CN,RV,RV,5,acc,1
SS1651631038398,CN,RV,RV,6,acc,1
SS1651631038398,CN,RV,RV,7,acc,1
SS1651631038398,CN,RV,RV,8,acc,1
SS1651631038398,CN,RV,RV,9,acc,1
SS1651631038398,CN,RV,RV,10,acc,0
SS1651631038398,CN,RV,RV,11,acc,0
SS1651631038398,CN,RV,RV,12,acc,0
SS1651631374290,CN,RV,RV,1,acc,0
SS1651631374290,CN,RV,RV,2,acc,0
SS1651631374290,CN,RV,RV,3,acc,0
SS1651631374290,CN,RV,RV,4,acc,1
SS1651631374290,CN,RV,RV,5,acc,0
SS1651631374290,CN,RV,RV,6,acc,0
SS1651631374290,CN,RV,RV,7,acc,1
SS1651631374290,CN,RV,RV,8,acc,0
SS1651631374290,CN,RV,RV,9,acc,0
SS1651631374290,CN,RV,RV,10,acc,0
SS1651631374290,CN,RV,RV,11,acc,0
SS1651631374290,CN,RV,RV,12,acc,0
SS1651632269384,CN,RV,RV,1,acc,1
SS1651632269384,CN,RV,RV,2,acc,0
SS1651632269384,CN,RV,RV,3,acc,1
SS1651632269384,CN,RV,RV,4,acc,1
SS1651632269384,CN,RV,RV,5,acc,1
SS1651632269384,CN,RV,RV,6,acc,1
SS1651632269384,CN,RV,RV,7,acc,0
SS1651632269384,CN,RV,RV,8,acc,1
SS1651632269384,CN,RV,RV,9,acc,0
SS1651632269384,CN,RV,RV,10,acc,1
SS1651632269384,CN,RV,RV,11,acc,0
SS1651632269384,CN,RV,RV,12,acc,0
SS1651633449820,CN,RV,RV,1,acc,0
SS1651633449820,CN,RV,RV,2,acc,1
SS1651633449820,CN,RV,RV,3,acc,1
SS1651633449820,CN,RV,RV,4,acc,1
SS1651633449820,CN,RV,RV,5,acc,1
SS1651633449820,CN,RV,RV,6,acc,1
SS1651633449820,CN,RV,RV,7,acc,1
SS1651633449820,CN,RV,RV,8,acc,1
SS1651633449820,CN,RV,RV,9,acc,0
SS1651633449820,CN,RV,RV,10,acc,0
SS1651633449820,CN,RV,RV,11,acc,0
SS1651633449820,CN,RV,RV,12,acc,0
SS1651634088254,CN,RV,RV,1,acc,1
SS1651634088254,CN,RV,RV,2,acc,1
SS1651634088254,CN,RV,RV,3,acc,1
SS1651634088254,CN,RV,RV,4,acc,1
SS1651634088254,CN,RV,RV,5,acc,1
SS1651634088254,CN,RV,RV,6,acc,1
SS1651634088254,CN,RV,RV,7,acc,1
SS1651634088254,CN,RV,RV,8,acc,1
SS1651634088254,CN,RV,RV,9,acc,0
SS1651634088254,CN,RV,RV,10,acc,1
SS1651634088254,CN,RV,RV,11,acc,1
SS1651634088254,CN,RV,RV,12,acc,1
SS1651634616537,CN,RV,RV,1,acc,1
SS1651634616537,CN,RV,RV,2,acc,1
SS1651634616537,CN,RV,RV,3,acc,1
SS1651634616537,CN,RV,RV,4,acc,1
SS1651634616537,CN,RV,RV,5,acc,1
SS1651634616537,CN,RV,RV,6,acc,1
SS1651634616537,CN,RV,RV,7,acc,1
SS1651634616537,CN,RV,RV,8,acc,1
SS1651634616537,CN,RV,RV,9,acc,1
SS1651634616537,CN,RV,RV,10,acc,1
SS1651634616537,CN,RV,RV,11,acc,1
SS1651634616537,CN,RV,RV,12,acc,1
SS1651634772197,CN,RV,RV,1,acc,1
SS1651634772197,CN,RV,RV,2,acc,0
SS1651634772197,CN,RV,RV,3,acc,1
SS1651634772197,CN,RV,RV,4,acc,1
SS1651634772197,CN,RV,RV,5,acc,1
SS1651634772197,CN,RV,RV,6,acc,1
SS1651634772197,CN,RV,RV,7,acc,0
SS1651634772197,CN,RV,RV,8,acc,1
SS1651634772197,CN,RV,RV,9,acc,0
SS1651634772197,CN,RV,RV,10,acc,1
SS1651634772197,CN,RV,RV,11,acc,0
SS1651634772197,CN,RV,RV,12,acc,0
SS1651636059839,CN,RV,RV,1,acc,1
SS1651636059839,CN,RV,RV,2,acc,0
SS1651636059839,CN,RV,RV,3,acc,1
SS1651636059839,CN,RV,RV,4,acc,1
SS1651636059839,CN,RV,RV,5,acc,1
SS1651636059839,CN,RV,RV,6,acc,1
SS1651636059839,CN,RV,RV,7,acc,0
SS1651636059839,CN,RV,RV,8,acc,1
SS1651636059839,CN,RV,RV,9,acc,0
SS1651636059839,CN,RV,RV,10,acc,1
SS1651636059839,CN,RV,RV,11,acc,0
SS1651636059839,CN,RV,RV,12,acc,0
SS1651637972613,CN,RV,RV,1,acc,1
SS1651637972613,CN,RV,RV,2,acc,1
SS1651637972613,CN,RV,RV,3,acc,1
SS1651637972613,CN,RV,RV,4,acc,0
SS1651637972613,CN,RV,RV,5,acc,1
SS1651637972613,CN,RV,RV,6,acc,1
SS1651637972613,CN,RV,RV,7,acc,1
SS1651637972613,CN,RV,RV,8,acc,1
SS1651637972613,CN,RV,RV,9,acc,0
SS1651637972613,CN,RV,RV,10,acc,0
SS1651637972613,CN,RV,RV,11,acc,0
SS1651637972613,CN,RV,RV,12,acc,0
SS1651642739005,CN,RV,RV,1,acc,1
SS1651642739005,CN,RV,RV,2,acc,1
SS1651642739005,CN,RV,RV,3,acc,1
SS1651642739005,CN,RV,RV,4,acc,1
SS1651642739005,CN,RV,RV,5,acc,1
SS1651642739005,CN,RV,RV,6,acc,1
SS1651642739005,CN,RV,RV,7,acc,0
SS1651642739005,CN,RV,RV,8,acc,0
SS1651642739005,CN,RV,RV,9,acc,0
SS1651642739005,CN,RV,RV,10,acc,0
SS1651642739005,CN,RV,RV,11,acc,0
SS1651642739005,CN,RV,RV,12,acc,1
SS1651644576691,CN,RV,RV,1,acc,1
SS1651644576691,CN,RV,RV,2,acc,1
SS1651644576691,CN,RV,RV,3,acc,1
SS1651644576691,CN,RV,RV,4,acc,1
SS1651644576691,CN,RV,RV,5,acc,1
SS1651644576691,CN,RV,RV,6,acc,1
SS1651644576691,CN,RV,RV,7,acc,1
SS1651644576691,CN,RV,RV,8,acc,0
SS1651644576691,CN,RV,RV,9,acc,0
SS1651644576691,CN,RV,RV,10,acc,0
SS1651644576691,CN,RV,RV,11,acc,0
SS1651644576691,CN,RV,RV,12,acc,0
SS1651645903803,CN,RV,RV,1,acc,1
SS1651645903803,CN,RV,RV,2,acc,1
SS1651645903803,CN,RV,RV,3,acc,1
SS1651645903803,CN,RV,RV,4,acc,1
SS1651645903803,CN,RV,RV,5,acc,1
SS1651645903803,CN,RV,RV,6,acc,1
SS1651645903803,CN,RV,RV,7,acc,1
SS1651645903803,CN,RV,RV,8,acc,0
SS1651645903803,CN,RV,RV,9,acc,1
SS1651645903803,CN,RV,RV,10,acc,0
SS1651645903803,CN,RV,RV,11,acc,0
SS1651645903803,CN,RV,RV,12,acc,0
SS1651648364635,CN,RV,RV,1,acc,0
SS1651648364635,CN,RV,RV,2,acc,0
SS1651648364635,CN,RV,RV,3,acc,1
SS1651648364635,CN,RV,RV,4,acc,0
SS1651648364635,CN,RV,RV,5,acc,1
SS1651648364635,CN,RV,RV,6,acc,1
SS1651648364635,CN,RV,RV,7,acc,1
SS1651648364635,CN,RV,RV,8,acc,1
SS1651648364635,CN,RV,RV,9,acc,1
SS1651648364635,CN,RV,RV,10,acc,1
SS1651648364635,CN,RV,RV,11,acc,0
SS1651648364635,CN,RV,RV,12,acc,1
SS1651649525276,CN,RV,RV,1,acc,1
SS1651649525276,CN,RV,RV,2,acc,1
SS1651649525276,CN,RV,RV,3,acc,1
SS1651649525276,CN,RV,RV,4,acc,1
SS1651649525276,CN,RV,RV,5,acc,1
SS1651649525276,CN,RV,RV,6,acc,1
SS1651649525276,CN,RV,RV,7,acc,1
SS1651649525276,CN,RV,RV,8,acc,1
SS1651649525276,CN,RV,RV,9,acc,1
SS1651649525276,CN,RV,RV,10,acc,1
SS1651649525276,CN,RV,RV,11,acc,1
SS1651649525276,CN,RV,RV,12,acc,1
SS1651652206023,CN,RV,RV,1,acc,1
SS1651652206023,CN,RV,RV,2,acc,1
SS1651652206023,CN,RV,RV,3,acc,1
SS1651652206023,CN,RV,RV,4,acc,1
SS1651652206023,CN,RV,RV,5,acc,1
SS1651652206023,CN,RV,RV,6,acc,1
SS1651652206023,CN,RV,RV,7,acc,1
SS1651652206023,CN,RV,RV,8,acc,1
SS1651652206023,CN,RV,RV,9,acc,1
SS1651652206023,CN,RV,RV,10,acc,1
SS1651652206023,CN,RV,RV,11,acc,0
SS1651652206023,CN,RV,RV,12,acc,0
SS1651652979760,CN,RV,RV,1,acc,0
SS1651652979760,CN,RV,RV,2,acc,1
SS1651652979760,CN,RV,RV,3,acc,1
SS1651652979760,CN,RV,RV,4,acc,1
SS1651652979760,CN,RV,RV,5,acc,1
SS1651652979760,CN,RV,RV,6,acc,1
SS1651652979760,CN,RV,RV,7,acc,1
SS1651652979760,CN,RV,RV,8,acc,1
SS1651652979760,CN,RV,RV,9,acc,0
SS1651652979760,CN,RV,RV,10,acc,0
SS1651652979760,CN,RV,RV,11,acc,0
SS1651652979760,CN,RV,RV,12,acc,1
SS1651654468673,CN,RV,RV,1,acc,1
SS1651654468673,CN,RV,RV,2,acc,1
SS1651654468673,CN,RV,RV,3,acc,1
SS1651654468673,CN,RV,RV,4,acc,1
SS1651654468673,CN,RV,RV,5,acc,1
SS1651654468673,CN,RV,RV,6,acc,1
SS1651654468673,CN,RV,RV,7,acc,1
SS1651654468673,CN,RV,RV,8,acc,1
SS1651654468673,CN,RV,RV,9,acc,1
SS1651654468673,CN,RV,RV,10,acc,1
SS1651654468673,CN,RV,RV,11,acc,0
SS1651654468673,CN,RV,RV,12,acc,1
SS1651654992618,CN,RV,RV,1,acc,1
SS1651654992618,CN,RV,RV,2,acc,1
SS1651654992618,CN,RV,RV,3,acc,1
SS1651654992618,CN,RV,RV,4,acc,1
SS1651654992618,CN,RV,RV,5,acc,1
SS1651654992618,CN,RV,RV,6,acc,1
SS1651654992618,CN,RV,RV,7,acc,1
SS1651654992618,CN,RV,RV,8,acc,1
SS1651654992618,CN,RV,RV,9,acc,0
SS1651654992618,CN,RV,RV,10,acc,1
SS1651654992618,CN,RV,RV,11,acc,0
SS1651654992618,CN,RV,RV,12,acc,0
SS1651655612985,CN,RV,RV,1,acc,1
SS1651655612985,CN,RV,RV,2,acc,1
SS1651655612985,CN,RV,RV,3,acc,1
SS1651655612985,CN,RV,RV,4,acc,0
SS1651655612985,CN,RV,RV,5,acc,1
SS1651655612985,CN,RV,RV,6,acc,1
SS1651655612985,CN,RV,RV,7,acc,1
SS1651655612985,CN,RV,RV,8,acc,1
SS1651655612985,CN,RV,RV,9,acc,0
SS1651655612985,CN,RV,RV,10,acc,0
SS1651655612985,CN,RV,RV,11,acc,0
SS1651655612985,CN,RV,RV,12,acc,0
SS1651660777144,CN,RV,RV,1,acc,1
SS1651660777144,CN,RV,RV,2,acc,1
SS1651660777144,CN,RV,RV,3,acc,1
SS1651660777144,CN,RV,RV,4,acc,1
SS1651660777144,CN,RV,RV,5,acc,1
SS1651660777144,CN,RV,RV,6,acc,1
SS1651660777144,CN,RV,RV,7,acc,1
SS1651660777144,CN,RV,RV,8,acc,1
SS1651660777144,CN,RV,RV,9,acc,0
SS1651660777144,CN,RV,RV,10,acc,0
SS1651660777144,CN,RV,RV,11,acc,0
SS1651660777144,CN,RV,RV,12,acc,1
SS1651661370426,CN,RV,RV,1,acc,1
SS1651661370426,CN,RV,RV,2,acc,1
SS1651661370426,CN,RV,RV,3,acc,1
SS1651661370426,CN,RV,RV,4,acc,1
SS1651661370426,CN,RV,RV,5,acc,1
SS1651661370426,CN,RV,RV,6,acc,1
SS1651661370426,CN,RV,RV,7,acc,1
SS1651661370426,CN,RV,RV,8,acc,1
SS1651661370426,CN,RV,RV,9,acc,1
SS1651661370426,CN,RV,RV,10,acc,1
SS1651661370426,CN,RV,RV,11,acc,1
SS1651661370426,CN,RV,RV,12,acc,1
SS1651662575870,CN,RV,RV,1,acc,0
SS1651662575870,CN,RV,RV,2,acc,1
SS1651662575870,CN,RV,RV,3,acc,1
SS1651662575870,CN,RV,RV,4,acc,1
SS1651662575870,CN,RV,RV,5,acc,1
SS1651662575870,CN,RV,RV,6,acc,1
SS1651662575870,CN,RV,RV,7,acc,1
SS1651662575870,CN,RV,RV,8,acc,1
SS1651662575870,CN,RV,RV,9,acc,1
SS1651662575870,CN,RV,RV,10,acc,1
SS1651662575870,CN,RV,RV,11,acc,1
SS1651662575870,CN,RV,RV,12,acc,0
SS1651663394470,CN,RV,RV,1,acc,1
SS1651663394470,CN,RV,RV,2,acc,1
SS1651663394470,CN,RV,RV,3,acc,1
SS1651663394470,CN,RV,RV,4,acc,1
SS1651663394470,CN,RV,RV,5,acc,1
SS1651663394470,CN,RV,RV,6,acc,1
SS1651663394470,CN,RV,RV,7,acc,0
SS1651663394470,CN,RV,RV,8,acc,1
SS1651663394470,CN,RV,RV,9,acc,1
SS1651663394470,CN,RV,RV,10,acc,1
SS1651663394470,CN,RV,RV,11,acc,0
SS1651663394470,CN,RV,RV,12,acc,1
SS1651664105704,CN,RV,RV,1,acc,1
SS1651664105704,CN,RV,RV,2,acc,1
SS1651664105704,CN,RV,RV,3,acc,1
SS1651664105704,CN,RV,RV,4,acc,1
SS1651664105704,CN,RV,RV,5,acc,1
SS1651664105704,CN,RV,RV,6,acc,1
SS1651664105704,CN,RV,RV,7,acc,1
SS1651664105704,CN,RV,RV,8,acc,1
SS1651664105704,CN,RV,RV,9,acc,1
SS1651664105704,CN,RV,RV,10,acc,1
SS1651664105704,CN,RV,RV,11,acc,1
SS1651664105704,CN,RV,RV,12,acc,1
SS1651665034176,CN,RV,RV,1,acc,1
SS1651665034176,CN,RV,RV,2,acc,1
SS1651665034176,CN,RV,RV,3,acc,0
SS1651665034176,CN,RV,RV,4,acc,0
SS1651665034176,CN,RV,RV,5,acc,1
SS1651665034176,CN,RV,RV,6,acc,0
SS1651665034176,CN,RV,RV,7,acc,1
SS1651665034176,CN,RV,RV,8,acc,0
SS1651665034176,CN,RV,RV,9,acc,0
SS1651665034176,CN,RV,RV,10,acc,0
SS1651665034176,CN,RV,RV,11,acc,0
SS1651665034176,CN,RV,RV,12,acc,0
SS1651666650135,CN,RV,RV,1,acc,1
SS1651666650135,CN,RV,RV,2,acc,1
SS1651666650135,CN,RV,RV,3,acc,1
SS1651666650135,CN,RV,RV,4,acc,1
SS1651666650135,CN,RV,RV,5,acc,1
SS1651666650135,CN,RV,RV,6,acc,1
SS1651666650135,CN,RV,RV,7,acc,1
SS1651666650135,CN,RV,RV,8,acc,1
SS1651666650135,CN,RV,RV,9,acc,0
SS1651666650135,CN,RV,RV,10,acc,0
SS1651666650135,CN,RV,RV,11,acc,0
SS1651666650135,CN,RV,RV,12,acc,1
SS1651669607417,CN,RV,RV,1,acc,1
SS1651669607417,CN,RV,RV,2,acc,1
SS1651669607417,CN,RV,RV,3,acc,1
SS1651669607417,CN,RV,RV,4,acc,0
SS1651669607417,CN,RV,RV,5,acc,0
SS1651669607417,CN,RV,RV,6,acc,1
SS1651669607417,CN,RV,RV,7,acc,0
SS1651669607417,CN,RV,RV,8,acc,1
SS1651669607417,CN,RV,RV,9,acc,1
SS1651669607417,CN,RV,RV,10,acc,0
SS1651669607417,CN,RV,RV,11,acc,0
SS1651669607417,CN,RV,RV,12,acc,0
SS1651669856701,CN,RV,RV,1,acc,1
SS1651669856701,CN,RV,RV,2,acc,1
SS1651669856701,CN,RV,RV,3,acc,1
SS1651669856701,CN,RV,RV,4,acc,1
SS1651669856701,CN,RV,RV,5,acc,1
SS1651669856701,CN,RV,RV,6,acc,1
SS1651669856701,CN,RV,RV,7,acc,1
SS1651669856701,CN,RV,RV,8,acc,1
SS1651669856701,CN,RV,RV,9,acc,1
SS1651669856701,CN,RV,RV,10,acc,0
SS1651669856701,CN,RV,RV,11,acc,0
SS1651669856701,CN,RV,RV,12,acc,0
SS1651672824225,CN,RV,RV,1,acc,0
SS1651672824225,CN,RV,RV,2,acc,1
SS1651672824225,CN,RV,RV,3,acc,1
SS1651672824225,CN,RV,RV,4,acc,1
SS1651672824225,CN,RV,RV,5,acc,1
SS1651672824225,CN,RV,RV,6,acc,1
SS1651672824225,CN,RV,RV,7,acc,1
SS1651672824225,CN,RV,RV,8,acc,1
SS1651672824225,CN,RV,RV,9,acc,0
SS1651672824225,CN,RV,RV,10,acc,0
SS1651672824225,CN,RV,RV,11,acc,0
SS1651672824225,CN,RV,RV,12,acc,0
SS1651674999028,CN,RV,RV,1,acc,1
SS1651674999028,CN,RV,RV,2,acc,1
SS1651674999028,CN,RV,RV,3,acc,1
SS1651674999028,CN,RV,RV,4,acc,1
SS1651674999028,CN,RV,RV,5,acc,1
SS1651674999028,CN,RV,RV,6,acc,1
SS1651674999028,CN,RV,RV,7,acc,0
SS1651674999028,CN,RV,RV,8,acc,1
SS1651674999028,CN,RV,RV,9,acc,1
SS1651674999028,CN,RV,RV,10,acc,1
SS1651674999028,CN,RV,RV,11,acc,1
SS1651674999028,CN,RV,RV,12,acc,0
SS1651675575564,CN,RV,RV,1,acc,1
SS1651675575564,CN,RV,RV,2,acc,1
SS1651675575564,CN,RV,RV,3,acc,1
SS1651675575564,CN,RV,RV,4,acc,1
SS1651675575564,CN,RV,RV,5,acc,1
SS1651675575564,CN,RV,RV,6,acc,1
SS1651675575564,CN,RV,RV,7,acc,1
SS1651675575564,CN,RV,RV,8,acc,1
SS1651675575564,CN,RV,RV,9,acc,1
SS1651675575564,CN,RV,RV,10,acc,1
SS1651675575564,CN,RV,RV,11,acc,0
SS1651675575564,CN,RV,RV,12,acc,1
SS1651675739437,CN,RV,RV,1,acc,1
SS1651675739437,CN,RV,RV,2,acc,1
SS1651675739437,CN,RV,RV,3,acc,1
SS1651675739437,CN,RV,RV,4,acc,0
SS1651675739437,CN,RV,RV,5,acc,1
SS1651675739437,CN,RV,RV,6,acc,1
SS1651675739437,CN,RV,RV,7,acc,1
SS1651675739437,CN,RV,RV,8,acc,1
SS1651675739437,CN,RV,RV,9,acc,1
SS1651675739437,CN,RV,RV,10,acc,1
SS1651675739437,CN,RV,RV,11,acc,1
SS1651675739437,CN,RV,RV,12,acc,1
SS1651682617757,CN,RV,RV,1,acc,0
SS1651682617757,CN,RV,RV,2,acc,1
SS1651682617757,CN,RV,RV,3,acc,1
SS1651682617757,CN,RV,RV,4,acc,0
SS1651682617757,CN,RV,RV,5,acc,1
SS1651682617757,CN,RV,RV,6,acc,1
SS1651682617757,CN,RV,RV,7,acc,1
SS1651682617757,CN,RV,RV,8,acc,1
SS1651682617757,CN,RV,RV,9,acc,1
SS1651682617757,CN,RV,RV,10,acc,0
SS1651682617757,CN,RV,RV,11,acc,0
SS1651682617757,CN,RV,RV,12,acc,0
SS1651705155608,CN,RV,RV,1,acc,0
SS1651705155608,CN,RV,RV,2,acc,1
SS1651705155608,CN,RV,RV,3,acc,1
SS1651705155608,CN,RV,RV,4,acc,0
SS1651705155608,CN,RV,RV,5,acc,1
SS1651705155608,CN,RV,RV,6,acc,1
SS1651705155608,CN,RV,RV,7,acc,0
SS1651705155608,CN,RV,RV,8,acc,0
SS1651705155608,CN,RV,RV,9,acc,0
SS1651705155608,CN,RV,RV,10,acc,0
SS1651705155608,CN,RV,RV,11,acc,0
SS1651705155608,CN,RV,RV,12,acc,1
SS1651713128281,CN,RV,RV,1,acc,1
SS1651713128281,CN,RV,RV,2,acc,1
SS1651713128281,CN,RV,RV,3,acc,1
SS1651713128281,CN,RV,RV,4,acc,1
SS1651713128281,CN,RV,RV,5,acc,1
SS1651713128281,CN,RV,RV,6,acc,1
SS1651713128281,CN,RV,RV,7,acc,1
SS1651713128281,CN,RV,RV,8,acc,0
SS1651713128281,CN,RV,RV,9,acc,1
SS1651713128281,CN,RV,RV,10,acc,1
SS1651713128281,CN,RV,RV,11,acc,1
SS1651713128281,CN,RV,RV,12,acc,1
SS1651721379726,CN,RV,RV,1,acc,1
SS1651721379726,CN,RV,RV,2,acc,1
SS1651721379726,CN,RV,RV,3,acc,1
SS1651721379726,CN,RV,RV,4,acc,1
SS1651721379726,CN,RV,RV,5,acc,1
SS1651721379726,CN,RV,RV,6,acc,1
SS1651721379726,CN,RV,RV,7,acc,0
SS1651721379726,CN,RV,RV,8,acc,0
SS1651721379726,CN,RV,RV,9,acc,0
SS1651721379726,CN,RV,RV,10,acc,0
SS1651721379726,CN,RV,RV,11,acc,0
SS1651721379726,CN,RV,RV,12,acc,0
SS1651724542208,CN,RV,RV,1,acc,1
SS1651724542208,CN,RV,RV,2,acc,1
SS1651724542208,CN,RV,RV,3,acc,1
SS1651724542208,CN,RV,RV,4,acc,1
SS1651724542208,CN,RV,RV,5,acc,1
SS1651724542208,CN,RV,RV,6,acc,1
SS1651724542208,CN,RV,RV,7,acc,1
SS1651724542208,CN,RV,RV,8,acc,1
SS1651724542208,CN,RV,RV,9,acc,1
SS1651724542208,CN,RV,RV,10,acc,0
SS1651724542208,CN,RV,RV,11,acc,1
SS1651724542208,CN,RV,RV,12,acc,0
SS1651726203467,CN,RV,RV,1,acc,0
SS1651726203467,CN,RV,RV,2,acc,1
SS1651726203467,CN,RV,RV,3,acc,1
SS1651726203467,CN,RV,RV,4,acc,1
SS1651726203467,CN,RV,RV,5,acc,1
SS1651726203467,CN,RV,RV,6,acc,1
SS1651726203467,CN,RV,RV,7,acc,0
SS1651726203467,CN,RV,RV,8,acc,1
SS1651726203467,CN,RV,RV,9,acc,1
SS1651726203467,CN,RV,RV,10,acc,1
SS1651726203467,CN,RV,RV,11,acc,1
SS1651726203467,CN,RV,RV,12,acc,1
SS1651727116955,CN,RV,RV,1,acc,1
SS1651727116955,CN,RV,RV,2,acc,1
SS1651727116955,CN,RV,RV,3,acc,1
SS1651727116955,CN,RV,RV,4,acc,1
SS1651727116955,CN,RV,RV,5,acc,1
SS1651727116955,CN,RV,RV,6,acc,1
SS1651727116955,CN,RV,RV,7,acc,1
SS1651727116955,CN,RV,RV,8,acc,1
SS1651727116955,CN,RV,RV,9,acc,0
SS1651727116955,CN,RV,RV,10,acc,1
SS1651727116955,CN,RV,RV,11,acc,1
SS1651727116955,CN,RV,RV,12,acc,1
SS1651727696486,CN,RV,RV,1,acc,1
SS1651727696486,CN,RV,RV,2,acc,1
SS1651727696486,CN,RV,RV,3,acc,1
SS1651727696486,CN,RV,RV,4,acc,1
SS1651727696486,CN,RV,RV,5,acc,1
SS1651727696486,CN,RV,RV,6,acc,1
SS1651727696486,CN,RV,RV,7,acc,1
SS1651727696486,CN,RV,RV,8,acc,1
SS1651727696486,CN,RV,RV,9,acc,1
SS1651727696486,CN,RV,RV,10,acc,1
SS1651727696486,CN,RV,RV,11,acc,1
SS1651727696486,CN,RV,RV,12,acc,1
SS1651728177417,CN,RV,RV,1,acc,1
SS1651728177417,CN,RV,RV,2,acc,1
SS1651728177417,CN,RV,RV,3,acc,1
SS1651728177417,CN,RV,RV,4,acc,1
SS1651728177417,CN,RV,RV,5,acc,1
SS1651728177417,CN,RV,RV,6,acc,1
SS1651728177417,CN,RV,RV,7,acc,1
SS1651728177417,CN,RV,RV,8,acc,1
SS1651728177417,CN,RV,RV,9,acc,1
SS1651728177417,CN,RV,RV,10,acc,1
SS1651728177417,CN,RV,RV,11,acc,1
SS1651728177417,CN,RV,RV,12,acc,1
SS1651729682124,CN,RV,RV,1,acc,1
SS1651729682124,CN,RV,RV,2,acc,1
SS1651729682124,CN,RV,RV,3,acc,1
SS1651729682124,CN,RV,RV,4,acc,1
SS1651729682124,CN,RV,RV,5,acc,1
SS1651729682124,CN,RV,RV,6,acc,1
SS1651729682124,CN,RV,RV,7,acc,1
SS1651729682124,CN,RV,RV,8,acc,1
SS1651729682124,CN,RV,RV,9,acc,1
SS1651729682124,CN,RV,RV,10,acc,1
SS1651729682124,CN,RV,RV,11,acc,1
SS1651729682124,CN,RV,RV,12,acc,1
SS1651729792731,CN,RV,RV,1,acc,1
SS1651729792731,CN,RV,RV,2,acc,1
SS1651729792731,CN,RV,RV,3,acc,1
SS1651729792731,CN,RV,RV,4,acc,1
SS1651729792731,CN,RV,RV,5,acc,1
SS1651729792731,CN,RV,RV,6,acc,1
SS1651729792731,CN,RV,RV,7,acc,1
SS1651729792731,CN,RV,RV,8,acc,1
SS1651729792731,CN,RV,RV,9,acc,1
SS1651729792731,CN,RV,RV,10,acc,1
SS1651729792731,CN,RV,RV,11,acc,1
SS1651729792731,CN,RV,RV,12,acc,1
SS1651731235827,CN,RV,RV,1,acc,1
SS1651731235827,CN,RV,RV,2,acc,1
SS1651731235827,CN,RV,RV,3,acc,1
SS1651731235827,CN,RV,RV,4,acc,1
SS1651731235827,CN,RV,RV,5,acc,1
SS1651731235827,CN,RV,RV,6,acc,1
SS1651731235827,CN,RV,RV,7,acc,1
SS1651731235827,CN,RV,RV,8,acc,0
SS1651731235827,CN,RV,RV,9,acc,1
SS1651731235827,CN,RV,RV,10,acc,0
SS1651731235827,CN,RV,RV,11,acc,0
SS1651731235827,CN,RV,RV,12,acc,1
SS1651732296508,CN,RV,RV,1,acc,0
SS1651732296508,CN,RV,RV,2,acc,0
SS1651732296508,CN,RV,RV,3,acc,0
SS1651732296508,CN,RV,RV,4,acc,0
SS1651732296508,CN,RV,RV,5,acc,0
SS1651732296508,CN,RV,RV,6,acc,0
SS1651732296508,CN,RV,RV,7,acc,0
SS1651732296508,CN,RV,RV,8,acc,1
SS1651732296508,CN,RV,RV,9,acc,0
SS1651732296508,CN,RV,RV,10,acc,0
SS1651732296508,CN,RV,RV,11,acc,0
SS1651732296508,CN,RV,RV,12,acc,0
SS1651734446265,CN,RV,RV,1,acc,0
SS1651734446265,CN,RV,RV,2,acc,1
SS1651734446265,CN,RV,RV,3,acc,1
SS1651734446265,CN,RV,RV,4,acc,1
SS1651734446265,CN,RV,RV,5,acc,1
SS1651734446265,CN,RV,RV,6,acc,1
SS1651734446265,CN,RV,RV,7,acc,1
SS1651734446265,CN,RV,RV,8,acc,1
SS1651734446265,CN,RV,RV,9,acc,1
SS1651734446265,CN,RV,RV,10,acc,0
SS1651734446265,CN,RV,RV,11,acc,1
SS1651734446265,CN,RV,RV,12,acc,1
SS1651737005457,CN,RV,RV,1,acc,1
SS1651737005457,CN,RV,RV,2,acc,1
SS1651737005457,CN,RV,RV,3,acc,1
SS1651737005457,CN,RV,RV,4,acc,0
SS1651737005457,CN,RV,RV,5,acc,1
SS1651737005457,CN,RV,RV,6,acc,0
SS1651737005457,CN,RV,RV,7,acc,1
SS1651737005457,CN,RV,RV,8,acc,1
SS1651737005457,CN,RV,RV,9,acc,1
SS1651737005457,CN,RV,RV,10,acc,0
SS1651737005457,CN,RV,RV,11,acc,1
SS1651737005457,CN,RV,RV,12,acc,1
SS1651737139245,CN,RV,RV,1,acc,1
SS1651737139245,CN,RV,RV,2,acc,1
SS1651737139245,CN,RV,RV,3,acc,1
SS1651737139245,CN,RV,RV,4,acc,1
SS1651737139245,CN,RV,RV,5,acc,1
SS1651737139245,CN,RV,RV,6,acc,1
SS1651737139245,CN,RV,RV,7,acc,1
SS1651737139245,CN,RV,RV,8,acc,1
SS1651737139245,CN,RV,RV,9,acc,0
SS1651737139245,CN,RV,RV,10,acc,0
SS1651737139245,CN,RV,RV,11,acc,0
SS1651737139245,CN,RV,RV,12,acc,0
SS1651739183035,CN,RV,RV,1,acc,1
SS1651739183035,CN,RV,RV,2,acc,1
SS1651739183035,CN,RV,RV,3,acc,1
SS1651739183035,CN,RV,RV,4,acc,1
SS1651739183035,CN,RV,RV,5,acc,1
SS1651739183035,CN,RV,RV,6,acc,1
SS1651739183035,CN,RV,RV,7,acc,1
SS1651739183035,CN,RV,RV,8,acc,1
SS1651739183035,CN,RV,RV,9,acc,1
SS1651739183035,CN,RV,RV,10,acc,1
SS1651739183035,CN,RV,RV,11,acc,1
SS1651739183035,CN,RV,RV,12,acc,1
SS1651740018095,CN,RV,RV,1,acc,1
SS1651740018095,CN,RV,RV,2,acc,1
SS1651740018095,CN,RV,RV,3,acc,1
SS1651740018095,CN,RV,RV,4,acc,1
SS1651740018095,CN,RV,RV,5,acc,1
SS1651740018095,CN,RV,RV,6,acc,1
SS1651740018095,CN,RV,RV,7,acc,1
SS1651740018095,CN,RV,RV,8,acc,0
SS1651740018095,CN,RV,RV,9,acc,0
SS1651740018095,CN,RV,RV,10,acc,0
SS1651740018095,CN,RV,RV,11,acc,0
SS1651740018095,CN,RV,RV,12,acc,0
SS1651742060593,CN,RV,RV,1,acc,1
SS1651742060593,CN,RV,RV,2,acc,0
SS1651742060593,CN,RV,RV,3,acc,1
SS1651742060593,CN,RV,RV,4,acc,0
SS1651742060593,CN,RV,RV,5,acc,0
SS1651742060593,CN,RV,RV,6,acc,0
SS1651742060593,CN,RV,RV,7,acc,1
SS1651742060593,CN,RV,RV,8,acc,1
SS1651742060593,CN,RV,RV,9,acc,0
SS1651742060593,CN,RV,RV,10,acc,0
SS1651742060593,CN,RV,RV,11,acc,0
SS1651742060593,CN,RV,RV,12,acc,0
SS1651743246534,CN,RV,RV,1,acc,0
SS1651743246534,CN,RV,RV,2,acc,0
SS1651743246534,CN,RV,RV,3,acc,1
SS1651743246534,CN,RV,RV,4,acc,1
SS1651743246534,CN,RV,RV,5,acc,1
SS1651743246534,CN,RV,RV,6,acc,1
SS1651743246534,CN,RV,RV,7,acc,0
SS1651743246534,CN,RV,RV,8,acc,1
SS1651743246534,CN,RV,RV,9,acc,1
SS1651743246534,CN,RV,RV,10,acc,1
SS1651743246534,CN,RV,RV,11,acc,0
SS1651743246534,CN,RV,RV,12,acc,1
SS1651744688510,CN,RV,RV,1,acc,1
SS1651744688510,CN,RV,RV,2,acc,1
SS1651744688510,CN,RV,RV,3,acc,1
SS1651744688510,CN,RV,RV,4,acc,1
SS1651744688510,CN,RV,RV,5,acc,1
SS1651744688510,CN,RV,RV,6,acc,1
SS1651744688510,CN,RV,RV,7,acc,1
SS1651744688510,CN,RV,RV,8,acc,1
SS1651744688510,CN,RV,RV,9,acc,0
SS1651744688510,CN,RV,RV,10,acc,0
SS1651744688510,CN,RV,RV,11,acc,0
SS1651744688510,CN,RV,RV,12,acc,0
SS1651744829480,CN,RV,RV,1,acc,1
SS1651744829480,CN,RV,RV,2,acc,1
SS1651744829480,CN,RV,RV,3,acc,1
SS1651744829480,CN,RV,RV,4,acc,1
SS1651744829480,CN,RV,RV,5,acc,1
SS1651744829480,CN,RV,RV,6,acc,1
SS1651744829480,CN,RV,RV,7,acc,1
SS1651744829480,CN,RV,RV,8,acc,0
SS1651744829480,CN,RV,RV,9,acc,1
SS1651744829480,CN,RV,RV,10,acc,0
SS1651744829480,CN,RV,RV,11,acc,0
SS1651744829480,CN,RV,RV,12,acc,1
SS1651747335475,CN,RV,RV,1,acc,1
SS1651747335475,CN,RV,RV,2,acc,1
SS1651747335475,CN,RV,RV,3,acc,1
SS1651747335475,CN,RV,RV,4,acc,1
SS1651747335475,CN,RV,RV,5,acc,1
SS1651747335475,CN,RV,RV,6,acc,1
SS1651747335475,CN,RV,RV,7,acc,1
SS1651747335475,CN,RV,RV,8,acc,1
SS1651747335475,CN,RV,RV,9,acc,1
SS1651747335475,CN,RV,RV,10,acc,1
SS1651747335475,CN,RV,RV,11,acc,0
SS1651747335475,CN,RV,RV,12,acc,1
SS1651748703908,CN,RV,RV,1,acc,1
SS1651748703908,CN,RV,RV,2,acc,1
SS1651748703908,CN,RV,RV,3,acc,1
SS1651748703908,CN,RV,RV,4,acc,1
SS1651748703908,CN,RV,RV,5,acc,1
SS1651748703908,CN,RV,RV,6,acc,1
SS1651748703908,CN,RV,RV,7,acc,1
SS1651748703908,CN,RV,RV,8,acc,0
SS1651748703908,CN,RV,RV,9,acc,1
SS1651748703908,CN,RV,RV,10,acc,1
SS1651748703908,CN,RV,RV,11,acc,1
SS1651748703908,CN,RV,RV,12,acc,1
SS1651751338853,CN,RV,RV,1,acc,1
SS1651751338853,CN,RV,RV,2,acc,1
SS1651751338853,CN,RV,RV,3,acc,1
SS1651751338853,CN,RV,RV,4,acc,1
SS1651751338853,CN,RV,RV,5,acc,1
SS1651751338853,CN,RV,RV,6,acc,1
SS1651751338853,CN,RV,RV,7,acc,1
SS1651751338853,CN,RV,RV,8,acc,0
SS1651751338853,CN,RV,RV,9,acc,0
SS1651751338853,CN,RV,RV,10,acc,0
SS1651751338853,CN,RV,RV,11,acc,0
SS1651751338853,CN,RV,RV,12,acc,0
SS1651751579584,CN,RV,RV,1,acc,1
SS1651751579584,CN,RV,RV,2,acc,1
SS1651751579584,CN,RV,RV,3,acc,1
SS1651751579584,CN,RV,RV,4,acc,1
SS1651751579584,CN,RV,RV,5,acc,1
SS1651751579584,CN,RV,RV,6,acc,1
SS1651751579584,CN,RV,RV,7,acc,1
SS1651751579584,CN,RV,RV,8,acc,1
SS1651751579584,CN,RV,RV,9,acc,1
SS1651751579584,CN,RV,RV,10,acc,1
SS1651751579584,CN,RV,RV,11,acc,1
SS1651751579584,CN,RV,RV,12,acc,1
SS1651761786814,CN,RV,RV,1,acc,1
SS1651761786814,CN,RV,RV,2,acc,0
SS1651761786814,CN,RV,RV,3,acc,1
SS1651761786814,CN,RV,RV,4,acc,1
SS1651761786814,CN,RV,RV,5,acc,1
SS1651761786814,CN,RV,RV,6,acc,1
SS1651761786814,CN,RV,RV,7,acc,0
SS1651761786814,CN,RV,RV,8,acc,1
SS1651761786814,CN,RV,RV,9,acc,0
SS1651761786814,CN,RV,RV,10,acc,1
SS1651761786814,CN,RV,RV,11,acc,0
SS1651761786814,CN,RV,RV,12,acc,0
SS1651762141455,CN,RV,RV,1,acc,1
SS1651762141455,CN,RV,RV,2,acc,1
SS1651762141455,CN,RV,RV,3,acc,1
SS1651762141455,CN,RV,RV,4,acc,1
SS1651762141455,CN,RV,RV,5,acc,1
SS1651762141455,CN,RV,RV,6,acc,1
SS1651762141455,CN,RV,RV,7,acc,1
SS1651762141455,CN,RV,RV,8,acc,1
SS1651762141455,CN,RV,RV,9,acc,1
SS1651762141455,CN,RV,RV,10,acc,1
SS1651762141455,CN,RV,RV,11,acc,1
SS1651762141455,CN,RV,RV,12,acc,1
SS1651763037034,CN,RV,RV,1,acc,1
SS1651763037034,CN,RV,RV,2,acc,0
SS1651763037034,CN,RV,RV,3,acc,1
SS1651763037034,CN,RV,RV,4,acc,1
SS1651763037034,CN,RV,RV,5,acc,1
SS1651763037034,CN,RV,RV,6,acc,1
SS1651763037034,CN,RV,RV,7,acc,0
SS1651763037034,CN,RV,RV,8,acc,1
SS1651763037034,CN,RV,RV,9,acc,0
SS1651763037034,CN,RV,RV,10,acc,1
SS1651763037034,CN,RV,RV,11,acc,0
SS1651763037034,CN,RV,RV,12,acc,0
SS1651764193629,CN,RV,RV,1,acc,1
SS1651764193629,CN,RV,RV,2,acc,0
SS1651764193629,CN,RV,RV,3,acc,1
SS1651764193629,CN,RV,RV,4,acc,1
SS1651764193629,CN,RV,RV,5,acc,1
SS1651764193629,CN,RV,RV,6,acc,1
SS1651764193629,CN,RV,RV,7,acc,0
SS1651764193629,CN,RV,RV,8,acc,1
SS1651764193629,CN,RV,RV,9,acc,0
SS1651764193629,CN,RV,RV,10,acc,1
SS1651764193629,CN,RV,RV,11,acc,0
SS1651764193629,CN,RV,RV,12,acc,0
SS1651765169248,CN,RV,RV,1,acc,1
SS1651765169248,CN,RV,RV,2,acc,1
SS1651765169248,CN,RV,RV,3,acc,1
SS1651765169248,CN,RV,RV,4,acc,0
SS1651765169248,CN,RV,RV,5,acc,1
SS1651765169248,CN,RV,RV,6,acc,0
SS1651765169248,CN,RV,RV,7,acc,0
SS1651765169248,CN,RV,RV,8,acc,1
SS1651765169248,CN,RV,RV,9,acc,0
SS1651765169248,CN,RV,RV,10,acc,0
SS1651765169248,CN,RV,RV,11,acc,0
SS1651765169248,CN,RV,RV,12,acc,0
SS1651765469703,CN,RV,RV,1,acc,0
SS1651765469703,CN,RV,RV,2,acc,1
SS1651765469703,CN,RV,RV,3,acc,1
SS1651765469703,CN,RV,RV,4,acc,1
SS1651765469703,CN,RV,RV,5,acc,1
SS1651765469703,CN,RV,RV,6,acc,1
SS1651765469703,CN,RV,RV,7,acc,1
SS1651765469703,CN,RV,RV,8,acc,0
SS1651765469703,CN,RV,RV,9,acc,0
SS1651765469703,CN,RV,RV,10,acc,0
SS1651765469703,CN,RV,RV,11,acc,0
SS1651765469703,CN,RV,RV,12,acc,0
SS1651765894743,CN,RV,RV,1,acc,1
SS1651765894743,CN,RV,RV,2,acc,1
SS1651765894743,CN,RV,RV,3,acc,1
SS1651765894743,CN,RV,RV,4,acc,1
SS1651765894743,CN,RV,RV,5,acc,1
SS1651765894743,CN,RV,RV,6,acc,1
SS1651765894743,CN,RV,RV,7,acc,1
SS1651765894743,CN,RV,RV,8,acc,1
SS1651765894743,CN,RV,RV,9,acc,1
SS1651765894743,CN,RV,RV,10,acc,1
SS1651765894743,CN,RV,RV,11,acc,0
SS1651765894743,CN,RV,RV,12,acc,0
SS1651765911820,CN,RV,RV,1,acc,1
SS1651765911820,CN,RV,RV,2,acc,1
SS1651765911820,CN,RV,RV,3,acc,1
SS1651765911820,CN,RV,RV,4,acc,1
SS1651765911820,CN,RV,RV,5,acc,1
SS1651765911820,CN,RV,RV,6,acc,1
SS1651765911820,CN,RV,RV,7,acc,1
SS1651765911820,CN,RV,RV,8,acc,1
SS1651765911820,CN,RV,RV,9,acc,1
SS1651765911820,CN,RV,RV,10,acc,1
SS1651765911820,CN,RV,RV,11,acc,1
SS1651765911820,CN,RV,RV,12,acc,1
SS1651767555827,CN,RV,RV,1,acc,1
SS1651767555827,CN,RV,RV,2,acc,1
SS1651767555827,CN,RV,RV,3,acc,1
SS1651767555827,CN,RV,RV,4,acc,1
SS1651767555827,CN,RV,RV,5,acc,1
SS1651767555827,CN,RV,RV,6,acc,1
SS1651767555827,CN,RV,RV,7,acc,1
SS1651767555827,CN,RV,RV,8,acc,1
SS1651767555827,CN,RV,RV,9,acc,1
SS1651767555827,CN,RV,RV,10,acc,1
SS1651767555827,CN,RV,RV,11,acc,0
SS1651767555827,CN,RV,RV,12,acc,0
SS1651769304707,CN,RV,RV,1,acc,0
SS1651769304707,CN,RV,RV,2,acc,0
SS1651769304707,CN,RV,RV,3,acc,0
SS1651769304707,CN,RV,RV,4,acc,0
SS1651769304707,CN,RV,RV,5,acc,0
SS1651769304707,CN,RV,RV,6,acc,0
SS1651769304707,CN,RV,RV,7,acc,1
SS1651769304707,CN,RV,RV,8,acc,0
SS1651769304707,CN,RV,RV,9,acc,0
SS1651769304707,CN,RV,RV,10,acc,0
SS1651769304707,CN,RV,RV,11,acc,0
SS1651769304707,CN,RV,RV,12,acc,0
SS1651771465459,CN,RV,RV,1,acc,1
SS1651771465459,CN,RV,RV,2,acc,1
SS1651771465459,CN,RV,RV,3,acc,1
SS1651771465459,CN,RV,RV,4,acc,1
SS1651771465459,CN,RV,RV,5,acc,1
SS1651771465459,CN,RV,RV,6,acc,1
SS1651771465459,CN,RV,RV,7,acc,0
SS1651771465459,CN,RV,RV,8,acc,1
SS1651771465459,CN,RV,RV,9,acc,0
SS1651771465459,CN,RV,RV,10,acc,1
SS1651771465459,CN,RV,RV,11,acc,0
SS1651771465459,CN,RV,RV,12,acc,1
SS1651783487150,CN,RV,RV,1,acc,0
SS1651783487150,CN,RV,RV,2,acc,0
SS1651783487150,CN,RV,RV,3,acc,1
SS1651783487150,CN,RV,RV,4,acc,0
SS1651783487150,CN,RV,RV,5,acc,0
SS1651783487150,CN,RV,RV,6,acc,1
SS1651783487150,CN,RV,RV,7,acc,1
SS1651783487150,CN,RV,RV,8,acc,0
SS1651783487150,CN,RV,RV,9,acc,0
SS1651783487150,CN,RV,RV,10,acc,0
SS1651783487150,CN,RV,RV,11,acc,0
SS1651783487150,CN,RV,RV,12,acc,1
SS1651798074227,CN,RV,RV,1,acc,1
SS1651798074227,CN,RV,RV,2,acc,0
SS1651798074227,CN,RV,RV,3,acc,1
SS1651798074227,CN,RV,RV,4,acc,1
SS1651798074227,CN,RV,RV,5,acc,1
SS1651798074227,CN,RV,RV,6,acc,1
SS1651798074227,CN,RV,RV,7,acc,0
SS1651798074227,CN,RV,RV,8,acc,1
SS1651798074227,CN,RV,RV,9,acc,0
SS1651798074227,CN,RV,RV,10,acc,1
SS1651798074227,CN,RV,RV,11,acc,0
SS1651798074227,CN,RV,RV,12,acc,0
SS1651799596238,CN,RV,RV,1,acc,0
SS1651799596238,CN,RV,RV,2,acc,1
SS1651799596238,CN,RV,RV,3,acc,1
SS1651799596238,CN,RV,RV,4,acc,1
SS1651799596238,CN,RV,RV,5,acc,0
SS1651799596238,CN,RV,RV,6,acc,1
SS1651799596238,CN,RV,RV,7,acc,1
SS1651799596238,CN,RV,RV,8,acc,1
SS1651799596238,CN,RV,RV,9,acc,0
SS1651799596238,CN,RV,RV,10,acc,1
SS1651799596238,CN,RV,RV,11,acc,1
SS1651799596238,CN,RV,RV,12,acc,0
SS1651802919199,CN,RV,RV,1,acc,1
SS1651802919199,CN,RV,RV,2,acc,1
SS1651802919199,CN,RV,RV,3,acc,1
SS1651802919199,CN,RV,RV,4,acc,1
SS1651802919199,CN,RV,RV,5,acc,1
SS1651802919199,CN,RV,RV,6,acc,1
SS1651802919199,CN,RV,RV,7,acc,1
SS1651802919199,CN,RV,RV,8,acc,1
SS1651802919199,CN,RV,RV,9,acc,1
SS1651802919199,CN,RV,RV,10,acc,1
SS1651802919199,CN,RV,RV,11,acc,1
SS1651802919199,CN,RV,RV,12,acc,1
SS1651804378273,CN,RV,RV,1,acc,1
SS1651804378273,CN,RV,RV,2,acc,1
SS1651804378273,CN,RV,RV,3,acc,1
SS1651804378273,CN,RV,RV,4,acc,1
SS1651804378273,CN,RV,RV,5,acc,1
SS1651804378273,CN,RV,RV,6,acc,1
SS1651804378273,CN,RV,RV,7,acc,1
SS1651804378273,CN,RV,RV,8,acc,1
SS1651804378273,CN,RV,RV,9,acc,1
SS1651804378273,CN,RV,RV,10,acc,1
SS1651804378273,CN,RV,RV,11,acc,0
SS1651804378273,CN,RV,RV,12,acc,1
SS1651804729362,CN,RV,RV,1,acc,1
SS1651804729362,CN,RV,RV,2,acc,0
SS1651804729362,CN,RV,RV,3,acc,1
SS1651804729362,CN,RV,RV,4,acc,1
SS1651804729362,CN,RV,RV,5,acc,1
SS1651804729362,CN,RV,RV,6,acc,1
SS1651804729362,CN,RV,RV,7,acc,0
SS1651804729362,CN,RV,RV,8,acc,0
SS1651804729362,CN,RV,RV,9,acc,0
SS1651804729362,CN,RV,RV,10,acc,1
SS1651804729362,CN,RV,RV,11,acc,0
SS1651804729362,CN,RV,RV,12,acc,0
SS1651804768520,CN,RV,RV,1,acc,1
SS1651804768520,CN,RV,RV,2,acc,1
SS1651804768520,CN,RV,RV,3,acc,1
SS1651804768520,CN,RV,RV,4,acc,1
SS1651804768520,CN,RV,RV,5,acc,1
SS1651804768520,CN,RV,RV,6,acc,1
SS1651804768520,CN,RV,RV,7,acc,1
SS1651804768520,CN,RV,RV,8,acc,0
SS1651804768520,CN,RV,RV,9,acc,1
SS1651804768520,CN,RV,RV,10,acc,1
SS1651804768520,CN,RV,RV,11,acc,1
SS1651804768520,CN,RV,RV,12,acc,0
SS1651806183814,CN,RV,RV,1,acc,1
SS1651806183814,CN,RV,RV,2,acc,0
SS1651806183814,CN,RV,RV,3,acc,1
SS1651806183814,CN,RV,RV,4,acc,1
SS1651806183814,CN,RV,RV,5,acc,1
SS1651806183814,CN,RV,RV,6,acc,1
SS1651806183814,CN,RV,RV,7,acc,1
SS1651806183814,CN,RV,RV,8,acc,0
SS1651806183814,CN,RV,RV,9,acc,0
SS1651806183814,CN,RV,RV,10,acc,1
SS1651806183814,CN,RV,RV,11,acc,0
SS1651806183814,CN,RV,RV,12,acc,0
SS1651807227958,CN,RV,RV,1,acc,1
SS1651807227958,CN,RV,RV,2,acc,1
SS1651807227958,CN,RV,RV,3,acc,1
SS1651807227958,CN,RV,RV,4,acc,1
SS1651807227958,CN,RV,RV,5,acc,1
SS1651807227958,CN,RV,RV,6,acc,1
SS1651807227958,CN,RV,RV,7,acc,1
SS1651807227958,CN,RV,RV,8,acc,1
SS1651807227958,CN,RV,RV,9,acc,1
SS1651807227958,CN,RV,RV,10,acc,0
SS1651807227958,CN,RV,RV,11,acc,0
SS1651807227958,CN,RV,RV,12,acc,1
SS1651807671427,CN,RV,RV,1,acc,1
SS1651807671427,CN,RV,RV,2,acc,1
SS1651807671427,CN,RV,RV,3,acc,1
SS1651807671427,CN,RV,RV,4,acc,1
SS1651807671427,CN,RV,RV,5,acc,0
SS1651807671427,CN,RV,RV,6,acc,1
SS1651807671427,CN,RV,RV,7,acc,1
SS1651807671427,CN,RV,RV,8,acc,0
SS1651807671427,CN,RV,RV,9,acc,0
SS1651807671427,CN,RV,RV,10,acc,0
SS1651807671427,CN,RV,RV,11,acc,0
SS1651807671427,CN,RV,RV,12,acc,0
SS1651809674248,CN,RV,RV,1,acc,1
SS1651809674248,CN,RV,RV,2,acc,1
SS1651809674248,CN,RV,RV,3,acc,1
SS1651809674248,CN,RV,RV,4,acc,1
SS1651809674248,CN,RV,RV,5,acc,1
SS1651809674248,CN,RV,RV,6,acc,1
SS1651809674248,CN,RV,RV,7,acc,1
SS1651809674248,CN,RV,RV,8,acc,1
SS1651809674248,CN,RV,RV,9,acc,1
SS1651809674248,CN,RV,RV,10,acc,0
SS1651809674248,CN,RV,RV,11,acc,1
SS1651809674248,CN,RV,RV,12,acc,1
SS1651810536901,CN,RV,RV,1,acc,0
SS1651810536901,CN,RV,RV,2,acc,1
SS1651810536901,CN,RV,RV,3,acc,1
SS1651810536901,CN,RV,RV,4,acc,1
SS1651810536901,CN,RV,RV,5,acc,1
SS1651810536901,CN,RV,RV,6,acc,1
SS1651810536901,CN,RV,RV,7,acc,1
SS1651810536901,CN,RV,RV,8,acc,0
SS1651810536901,CN,RV,RV,9,acc,0
SS1651810536901,CN,RV,RV,10,acc,0
SS1651810536901,CN,RV,RV,11,acc,0
SS1651810536901,CN,RV,RV,12,acc,0
SS1651810766684,CN,RV,RV,1,acc,1
SS1651810766684,CN,RV,RV,2,acc,1
SS1651810766684,CN,RV,RV,3,acc,1
SS1651810766684,CN,RV,RV,4,acc,0
SS1651810766684,CN,RV,RV,5,acc,1
SS1651810766684,CN,RV,RV,6,acc,1
SS1651810766684,CN,RV,RV,7,acc,1
SS1651810766684,CN,RV,RV,8,acc,1
SS1651810766684,CN,RV,RV,9,acc,0
SS1651810766684,CN,RV,RV,10,acc,0
SS1651810766684,CN,RV,RV,11,acc,0
SS1651810766684,CN,RV,RV,12,acc,0
SS1651811217708,CN,RV,RV,1,acc,1
SS1651811217708,CN,RV,RV,2,acc,1
SS1651811217708,CN,RV,RV,3,acc,1
SS1651811217708,CN,RV,RV,4,acc,1
SS1651811217708,CN,RV,RV,5,acc,1
SS1651811217708,CN,RV,RV,6,acc,1
SS1651811217708,CN,RV,RV,7,acc,1
SS1651811217708,CN,RV,RV,8,acc,0
SS1651811217708,CN,RV,RV,9,acc,1
SS1651811217708,CN,RV,RV,10,acc,1
SS1651811217708,CN,RV,RV,11,acc,0
SS1651811217708,CN,RV,RV,12,acc,0
SS1651812084324,CN,RV,RV,1,acc,1
SS1651812084324,CN,RV,RV,2,acc,1
SS1651812084324,CN,RV,RV,3,acc,1
SS1651812084324,CN,RV,RV,4,acc,1
SS1651812084324,CN,RV,RV,5,acc,1
SS1651812084324,CN,RV,RV,6,acc,1
SS1651812084324,CN,RV,RV,7,acc,1
SS1651812084324,CN,RV,RV,8,acc,1
SS1651812084324,CN,RV,RV,9,acc,1
SS1651812084324,CN,RV,RV,10,acc,1
SS1651812084324,CN,RV,RV,11,acc,1
SS1651812084324,CN,RV,RV,12,acc,1
SS1651813057402,CN,RV,RV,1,acc,1
SS1651813057402,CN,RV,RV,2,acc,1
SS1651813057402,CN,RV,RV,3,acc,1
SS1651813057402,CN,RV,RV,4,acc,0
SS1651813057402,CN,RV,RV,5,acc,1
SS1651813057402,CN,RV,RV,6,acc,1
SS1651813057402,CN,RV,RV,7,acc,1
SS1651813057402,CN,RV,RV,8,acc,1
SS1651813057402,CN,RV,RV,9,acc,0
SS1651813057402,CN,RV,RV,10,acc,0
SS1651813057402,CN,RV,RV,11,acc,0
SS1651813057402,CN,RV,RV,12,acc,0
SS1651813633535,CN,RV,RV,1,acc,1
SS1651813633535,CN,RV,RV,2,acc,1
SS1651813633535,CN,RV,RV,3,acc,1
SS1651813633535,CN,RV,RV,4,acc,1
SS1651813633535,CN,RV,RV,5,acc,1
SS1651813633535,CN,RV,RV,6,acc,1
SS1651813633535,CN,RV,RV,7,acc,1
SS1651813633535,CN,RV,RV,8,acc,1
SS1651813633535,CN,RV,RV,9,acc,1
SS1651813633535,CN,RV,RV,10,acc,1
SS1651813633535,CN,RV,RV,11,acc,1
SS1651813633535,CN,RV,RV,12,acc,0
SS1651818877028,CN,RV,RV,1,acc,1
SS1651818877028,CN,RV,RV,2,acc,1
SS1651818877028,CN,RV,RV,3,acc,1
SS1651818877028,CN,RV,RV,4,acc,1
SS1651818877028,CN,RV,RV,5,acc,1
SS1651818877028,CN,RV,RV,6,acc,1
SS1651818877028,CN,RV,RV,7,acc,1
SS1651818877028,CN,RV,RV,8,acc,1
SS1651818877028,CN,RV,RV,9,acc,1
SS1651818877028,CN,RV,RV,10,acc,1
SS1651818877028,CN,RV,RV,11,acc,1
SS1651818877028,CN,RV,RV,12,acc,1
SS1651819204055,CN,RV,RV,1,acc,1
SS1651819204055,CN,RV,RV,2,acc,1
SS1651819204055,CN,RV,RV,3,acc,1
SS1651819204055,CN,RV,RV,4,acc,1
SS1651819204055,CN,RV,RV,5,acc,1
SS1651819204055,CN,RV,RV,6,acc,1
SS1651819204055,CN,RV,RV,7,acc,1
SS1651819204055,CN,RV,RV,8,acc,1
SS1651819204055,CN,RV,RV,9,acc,0
SS1651819204055,CN,RV,RV,10,acc,1
SS1651819204055,CN,RV,RV,11,acc,0
SS1651819204055,CN,RV,RV,12,acc,1
SS1651821991579,CN,RV,RV,1,acc,0
SS1651821991579,CN,RV,RV,2,acc,0
SS1651821991579,CN,RV,RV,3,acc,0
SS1651821991579,CN,RV,RV,4,acc,1
SS1651821991579,CN,RV,RV,5,acc,1
SS1651821991579,CN,RV,RV,6,acc,1
SS1651821991579,CN,RV,RV,7,acc,1
SS1651821991579,CN,RV,RV,8,acc,1
SS1651821991579,CN,RV,RV,9,acc,0
SS1651821991579,CN,RV,RV,10,acc,1
SS1651821991579,CN,RV,RV,11,acc,0
SS1651821991579,CN,RV,RV,12,acc,1
SS1651822926317,CN,RV,RV,1,acc,0
SS1651822926317,CN,RV,RV,2,acc,1
SS1651822926317,CN,RV,RV,3,acc,1
SS1651822926317,CN,RV,RV,4,acc,1
SS1651822926317,CN,RV,RV,5,acc,1
SS1651822926317,CN,RV,RV,6,acc,1
SS1651822926317,CN,RV,RV,7,acc,1
SS1651822926317,CN,RV,RV,8,acc,1
SS1651822926317,CN,RV,RV,9,acc,0
SS1651822926317,CN,RV,RV,10,acc,0
SS1651822926317,CN,RV,RV,11,acc,0
SS1651822926317,CN,RV,RV,12,acc,0
SS1651827681410,CN,RV,RV,1,acc,1
SS1651827681410,CN,RV,RV,2,acc,1
SS1651827681410,CN,RV,RV,3,acc,1
SS1651827681410,CN,RV,RV,4,acc,1
SS1651827681410,CN,RV,RV,5,acc,1
SS1651827681410,CN,RV,RV,6,acc,1
SS1651827681410,CN,RV,RV,7,acc,1
SS1651827681410,CN,RV,RV,8,acc,1
SS1651827681410,CN,RV,RV,9,acc,1
SS1651827681410,CN,RV,RV,10,acc,0
SS1651827681410,CN,RV,RV,11,acc,1
SS1651827681410,CN,RV,RV,12,acc,1
SS1651828791480,CN,RV,RV,1,acc,1
SS1651828791480,CN,RV,RV,2,acc,1
SS1651828791480,CN,RV,RV,3,acc,1
SS1651828791480,CN,RV,RV,4,acc,1
SS1651828791480,CN,RV,RV,5,acc,1
SS1651828791480,CN,RV,RV,6,acc,1
SS1651828791480,CN,RV,RV,7,acc,1
SS1651828791480,CN,RV,RV,8,acc,0
SS1651828791480,CN,RV,RV,9,acc,0
SS1651828791480,CN,RV,RV,10,acc,0
SS1651828791480,CN,RV,RV,11,acc,0
SS1651828791480,CN,RV,RV,12,acc,1
SS1651835352625,CN,RV,RV,1,acc,1
SS1651835352625,CN,RV,RV,2,acc,1
SS1651835352625,CN,RV,RV,3,acc,1
SS1651835352625,CN,RV,RV,4,acc,1
SS1651835352625,CN,RV,RV,5,acc,1
SS1651835352625,CN,RV,RV,6,acc,1
SS1651835352625,CN,RV,RV,7,acc,1
SS1651835352625,CN,RV,RV,8,acc,1
SS1651835352625,CN,RV,RV,9,acc,1
SS1651835352625,CN,RV,RV,10,acc,1
SS1651835352625,CN,RV,RV,11,acc,1
SS1651835352625,CN,RV,RV,12,acc,0
SS1651837328638,CN,RV,RV,1,acc,1
SS1651837328638,CN,RV,RV,2,acc,1
SS1651837328638,CN,RV,RV,3,acc,1
SS1651837328638,CN,RV,RV,4,acc,1
SS1651837328638,CN,RV,RV,5,acc,1
SS1651837328638,CN,RV,RV,6,acc,1
SS1651837328638,CN,RV,RV,7,acc,0
SS1651837328638,CN,RV,RV,8,acc,0
SS1651837328638,CN,RV,RV,9,acc,0
SS1651837328638,CN,RV,RV,10,acc,0
SS1651837328638,CN,RV,RV,11,acc,0
SS1651837328638,CN,RV,RV,12,acc,0
SS1651837445397,CN,RV,RV,1,acc,1
SS1651837445397,CN,RV,RV,2,acc,0
SS1651837445397,CN,RV,RV,3,acc,1
SS1651837445397,CN,RV,RV,4,acc,1
SS1651837445397,CN,RV,RV,5,acc,1
SS1651837445397,CN,RV,RV,6,acc,1
SS1651837445397,CN,RV,RV,7,acc,0
SS1651837445397,CN,RV,RV,8,acc,1
SS1651837445397,CN,RV,RV,9,acc,0
SS1651837445397,CN,RV,RV,10,acc,1
SS1651837445397,CN,RV,RV,11,acc,0
SS1651837445397,CN,RV,RV,12,acc,0
SS1651837683659,CN,RV,RV,1,acc,1
SS1651837683659,CN,RV,RV,2,acc,1
SS1651837683659,CN,RV,RV,3,acc,1
SS1651837683659,CN,RV,RV,4,acc,1
SS1651837683659,CN,RV,RV,5,acc,1
SS1651837683659,CN,RV,RV,6,acc,1
SS1651837683659,CN,RV,RV,7,acc,1
SS1651837683659,CN,RV,RV,8,acc,1
SS1651837683659,CN,RV,RV,9,acc,0
SS1651837683659,CN,RV,RV,10,acc,1
SS1651837683659,CN,RV,RV,11,acc,1
SS1651837683659,CN,RV,RV,12,acc,1
SS1651839455332,CN,RV,RV,1,acc,1
SS1651839455332,CN,RV,RV,2,acc,0
SS1651839455332,CN,RV,RV,3,acc,0
SS1651839455332,CN,RV,RV,4,acc,1
SS1651839455332,CN,RV,RV,5,acc,1
SS1651839455332,CN,RV,RV,6,acc,1
SS1651839455332,CN,RV,RV,7,acc,0
SS1651839455332,CN,RV,RV,8,acc,1
SS1651839455332,CN,RV,RV,9,acc,0
SS1651839455332,CN,RV,RV,10,acc,1
SS1651839455332,CN,RV,RV,11,acc,0
SS1651839455332,CN,RV,RV,12,acc,0
SS1651840732818,CN,RV,RV,1,acc,1
SS1651840732818,CN,RV,RV,2,acc,1
SS1651840732818,CN,RV,RV,3,acc,1
SS1651840732818,CN,RV,RV,4,acc,1
SS1651840732818,CN,RV,RV,5,acc,1
SS1651840732818,CN,RV,RV,6,acc,1
SS1651840732818,CN,RV,RV,7,acc,1
SS1651840732818,CN,RV,RV,8,acc,1
SS1651840732818,CN,RV,RV,9,acc,1
SS1651840732818,CN,RV,RV,10,acc,1
SS1651840732818,CN,RV,RV,11,acc,1
SS1651840732818,CN,RV,RV,12,acc,1
SS1651840989750,CN,RV,RV,1,acc,1
SS1651840989750,CN,RV,RV,2,acc,0
SS1651840989750,CN,RV,RV,3,acc,1
SS1651840989750,CN,RV,RV,4,acc,1
SS1651840989750,CN,RV,RV,5,acc,1
SS1651840989750,CN,RV,RV,6,acc,1
SS1651840989750,CN,RV,RV,7,acc,0
SS1651840989750,CN,RV,RV,8,acc,0
SS1651840989750,CN,RV,RV,9,acc,0
SS1651840989750,CN,RV,RV,10,acc,1
SS1651840989750,CN,RV,RV,11,acc,0
SS1651840989750,CN,RV,RV,12,acc,0
SS1651842824466,CN,RV,RV,1,acc,1
SS1651842824466,CN,RV,RV,2,acc,1
SS1651842824466,CN,RV,RV,3,acc,1
SS1651842824466,CN,RV,RV,4,acc,0
SS1651842824466,CN,RV,RV,5,acc,1
SS1651842824466,CN,RV,RV,6,acc,0
SS1651842824466,CN,RV,RV,7,acc,1
SS1651842824466,CN,RV,RV,8,acc,0
SS1651842824466,CN,RV,RV,9,acc,0
SS1651842824466,CN,RV,RV,10,acc,1
SS1651842824466,CN,RV,RV,11,acc,0
SS1651842824466,CN,RV,RV,12,acc,1
SS1651844131204,CN,RV,RV,1,acc,1
SS1651844131204,CN,RV,RV,2,acc,1
SS1651844131204,CN,RV,RV,3,acc,1
SS1651844131204,CN,RV,RV,4,acc,1
SS1651844131204,CN,RV,RV,5,acc,1
SS1651844131204,CN,RV,RV,6,acc,1
SS1651844131204,CN,RV,RV,7,acc,1
SS1651844131204,CN,RV,RV,8,acc,1
SS1651844131204,CN,RV,RV,9,acc,1
SS1651844131204,CN,RV,RV,10,acc,1
SS1651844131204,CN,RV,RV,11,acc,1
SS1651844131204,CN,RV,RV,12,acc,1
SS1651845522237,CN,RV,RV,1,acc,1
SS1651845522237,CN,RV,RV,2,acc,1
SS1651845522237,CN,RV,RV,3,acc,1
SS1651845522237,CN,RV,RV,4,acc,1
SS1651845522237,CN,RV,RV,5,acc,1
SS1651845522237,CN,RV,RV,6,acc,1
SS1651845522237,CN,RV,RV,7,acc,1
SS1651845522237,CN,RV,RV,8,acc,1
SS1651845522237,CN,RV,RV,9,acc,1
SS1651845522237,CN,RV,RV,10,acc,1
SS1651845522237,CN,RV,RV,11,acc,1
SS1651845522237,CN,RV,RV,12,acc,1
SS1651845673245,CN,RV,RV,1,acc,1
SS1651845673245,CN,RV,RV,2,acc,1
SS1651845673245,CN,RV,RV,3,acc,1
SS1651845673245,CN,RV,RV,4,acc,1
SS1651845673245,CN,RV,RV,5,acc,1
SS1651845673245,CN,RV,RV,6,acc,1
SS1651845673245,CN,RV,RV,7,acc,1
SS1651845673245,CN,RV,RV,8,acc,1
SS1651845673245,CN,RV,RV,9,acc,1
SS1651845673245,CN,RV,RV,10,acc,1
SS1651845673245,CN,RV,RV,11,acc,1
SS1651845673245,CN,RV,RV,12,acc,1
SS1651847391324,CN,RV,RV,1,acc,1
SS1651847391324,CN,RV,RV,2,acc,1
SS1651847391324,CN,RV,RV,3,acc,1
SS1651847391324,CN,RV,RV,4,acc,1
SS1651847391324,CN,RV,RV,5,acc,1
SS1651847391324,CN,RV,RV,6,acc,1
SS1651847391324,CN,RV,RV,7,acc,0
SS1651847391324,CN,RV,RV,8,acc,0
SS1651847391324,CN,RV,RV,9,acc,1
SS1651847391324,CN,RV,RV,10,acc,1
SS1651847391324,CN,RV,RV,11,acc,0
SS1651847391324,CN,RV,RV,12,acc,1
SS1651849043017,CN,RV,RV,1,acc,1
SS1651849043017,CN,RV,RV,2,acc,1
SS1651849043017,CN,RV,RV,3,acc,1
SS1651849043017,CN,RV,RV,4,acc,1
SS1651849043017,CN,RV,RV,5,acc,1
SS1651849043017,CN,RV,RV,6,acc,1
SS1651849043017,CN,RV,RV,7,acc,1
SS1651849043017,CN,RV,RV,8,acc,1
SS1651849043017,CN,RV,RV,9,acc,1
SS1651849043017,CN,RV,RV,10,acc,1
SS1651849043017,CN,RV,RV,11,acc,1
SS1651849043017,CN,RV,RV,12,acc,1
SS1651849550334,CN,RV,RV,1,acc,0
SS1651849550334,CN,RV,RV,2,acc,1
SS1651849550334,CN,RV,RV,3,acc,1
SS1651849550334,CN,RV,RV,4,acc,1
SS1651849550334,CN,RV,RV,5,acc,1
SS1651849550334,CN,RV,RV,6,acc,1
SS1651849550334,CN,RV,RV,7,acc,1
SS1651849550334,CN,RV,RV,8,acc,1
SS1651849550334,CN,RV,RV,9,acc,1
SS1651849550334,CN,RV,RV,10,acc,0
SS1651849550334,CN,RV,RV,11,acc,0
SS1651849550334,CN,RV,RV,12,acc,1
SS1651890985414,CN,RV,RV,1,acc,1
SS1651890985414,CN,RV,RV,2,acc,1
SS1651890985414,CN,RV,RV,3,acc,1
SS1651890985414,CN,RV,RV,4,acc,1
SS1651890985414,CN,RV,RV,5,acc,1
SS1651890985414,CN,RV,RV,6,acc,1
SS1651890985414,CN,RV,RV,7,acc,0
SS1651890985414,CN,RV,RV,8,acc,0
SS1651890985414,CN,RV,RV,9,acc,1
SS1651890985414,CN,RV,RV,10,acc,0
SS1651890985414,CN,RV,RV,11,acc,0
SS1651890985414,CN,RV,RV,12,acc,0
SS1651891187280,CN,RV,RV,1,acc,1
SS1651891187280,CN,RV,RV,2,acc,1
SS1651891187280,CN,RV,RV,3,acc,1
SS1651891187280,CN,RV,RV,4,acc,1
SS1651891187280,CN,RV,RV,5,acc,1
SS1651891187280,CN,RV,RV,6,acc,1
SS1651891187280,CN,RV,RV,7,acc,1
SS1651891187280,CN,RV,RV,8,acc,0
SS1651891187280,CN,RV,RV,9,acc,0
SS1651891187280,CN,RV,RV,10,acc,1
SS1651891187280,CN,RV,RV,11,acc,0
SS1651891187280,CN,RV,RV,12,acc,0
SS1651897042062,CN,RV,RV,1,acc,1
SS1651897042062,CN,RV,RV,2,acc,1
SS1651897042062,CN,RV,RV,3,acc,1
SS1651897042062,CN,RV,RV,4,acc,1
SS1651897042062,CN,RV,RV,5,acc,1
SS1651897042062,CN,RV,RV,6,acc,1
SS1651897042062,CN,RV,RV,7,acc,1
SS1651897042062,CN,RV,RV,8,acc,1
SS1651897042062,CN,RV,RV,9,acc,1
SS1651897042062,CN,RV,RV,10,acc,1
SS1651897042062,CN,RV,RV,11,acc,1
SS1651897042062,CN,RV,RV,12,acc,0
SS1651901964830,CN,RV,RV,1,acc,0
SS1651901964830,CN,RV,RV,2,acc,1
SS1651901964830,CN,RV,RV,3,acc,1
SS1651901964830,CN,RV,RV,4,acc,1
SS1651901964830,CN,RV,RV,5,acc,1
SS1651901964830,CN,RV,RV,6,acc,0
SS1651901964830,CN,RV,RV,7,acc,1
SS1651901964830,CN,RV,RV,8,acc,0
SS1651901964830,CN,RV,RV,9,acc,1
SS1651901964830,CN,RV,RV,10,acc,1
SS1651901964830,CN,RV,RV,11,acc,0
SS1651901964830,CN,RV,RV,12,acc,0
SS1651905218784,CN,RV,RV,1,acc,1
SS1651905218784,CN,RV,RV,2,acc,1
SS1651905218784,CN,RV,RV,3,acc,1
SS1651905218784,CN,RV,RV,4,acc,1
SS1651905218784,CN,RV,RV,5,acc,1
SS1651905218784,CN,RV,RV,6,acc,1
SS1651905218784,CN,RV,RV,7,acc,1
SS1651905218784,CN,RV,RV,8,acc,1
SS1651905218784,CN,RV,RV,9,acc,1
SS1651905218784,CN,RV,RV,10,acc,1
SS1651905218784,CN,RV,RV,11,acc,1
SS1651905218784,CN,RV,RV,12,acc,1
SS1651906129454,CN,RV,RV,1,acc,1
SS1651906129454,CN,RV,RV,2,acc,1
SS1651906129454,CN,RV,RV,3,acc,1
SS1651906129454,CN,RV,RV,4,acc,1
SS1651906129454,CN,RV,RV,5,acc,1
SS1651906129454,CN,RV,RV,6,acc,1
SS1651906129454,CN,RV,RV,7,acc,1
SS1651906129454,CN,RV,RV,8,acc,0
SS1651906129454,CN,RV,RV,9,acc,0
SS1651906129454,CN,RV,RV,10,acc,0
SS1651906129454,CN,RV,RV,11,acc,0
SS1651906129454,CN,RV,RV,12,acc,0
SS1651906568569,CN,RV,RV,1,acc,1
SS1651906568569,CN,RV,RV,2,acc,1
SS1651906568569,CN,RV,RV,3,acc,1
SS1651906568569,CN,RV,RV,4,acc,1
SS1651906568569,CN,RV,RV,5,acc,1
SS1651906568569,CN,RV,RV,6,acc,1
SS1651906568569,CN,RV,RV,7,acc,1
SS1651906568569,CN,RV,RV,8,acc,1
SS1651906568569,CN,RV,RV,9,acc,1
SS1651906568569,CN,RV,RV,10,acc,1
SS1651906568569,CN,RV,RV,11,acc,0
SS1651906568569,CN,RV,RV,12,acc,1
SS1651906591158,CN,RV,RV,1,acc,1
SS1651906591158,CN,RV,RV,2,acc,1
SS1651906591158,CN,RV,RV,3,acc,1
SS1651906591158,CN,RV,RV,4,acc,1
SS1651906591158,CN,RV,RV,5,acc,1
SS1651906591158,CN,RV,RV,6,acc,1
SS1651906591158,CN,RV,RV,7,acc,0
SS1651906591158,CN,RV,RV,8,acc,0
SS1651906591158,CN,RV,RV,9,acc,0
SS1651906591158,CN,RV,RV,10,acc,0
SS1651906591158,CN,RV,RV,11,acc,0
SS1651906591158,CN,RV,RV,12,acc,0
SS1651906687128,CN,RV,RV,1,acc,0
SS1651906687128,CN,RV,RV,2,acc,0
SS1651906687128,CN,RV,RV,3,acc,1
SS1651906687128,CN,RV,RV,4,acc,1
SS1651906687128,CN,RV,RV,5,acc,1
SS1651906687128,CN,RV,RV,6,acc,1
SS1651906687128,CN,RV,RV,7,acc,1
SS1651906687128,CN,RV,RV,8,acc,0
SS1651906687128,CN,RV,RV,9,acc,0
SS1651906687128,CN,RV,RV,10,acc,0
SS1651906687128,CN,RV,RV,11,acc,0
SS1651906687128,CN,RV,RV,12,acc,0
SS1651907106845,CN,RV,RV,1,acc,1
SS1651907106845,CN,RV,RV,2,acc,1
SS1651907106845,CN,RV,RV,3,acc,1
SS1651907106845,CN,RV,RV,4,acc,1
SS1651907106845,CN,RV,RV,5,acc,1
SS1651907106845,CN,RV,RV,6,acc,1
SS1651907106845,CN,RV,RV,7,acc,1
SS1651907106845,CN,RV,RV,8,acc,1
SS1651907106845,CN,RV,RV,9,acc,1
SS1651907106845,CN,RV,RV,10,acc,0
SS1651907106845,CN,RV,RV,11,acc,0
SS1651907106845,CN,RV,RV,12,acc,0
SS1651910974793,CN,RV,RV,1,acc,1
SS1651910974793,CN,RV,RV,2,acc,1
SS1651910974793,CN,RV,RV,3,acc,1
SS1651910974793,CN,RV,RV,4,acc,1
SS1651910974793,CN,RV,RV,5,acc,1
SS1651910974793,CN,RV,RV,6,acc,1
SS1651910974793,CN,RV,RV,7,acc,0
SS1651910974793,CN,RV,RV,8,acc,0
SS1651910974793,CN,RV,RV,9,acc,1
SS1651910974793,CN,RV,RV,10,acc,0
SS1651910974793,CN,RV,RV,11,acc,0
SS1651910974793,CN,RV,RV,12,acc,1
SS1651912088419,CN,RV,RV,1,acc,1
SS1651912088419,CN,RV,RV,2,acc,1
SS1651912088419,CN,RV,RV,3,acc,1
SS1651912088419,CN,RV,RV,4,acc,1
SS1651912088419,CN,RV,RV,5,acc,1
SS1651912088419,CN,RV,RV,6,acc,1
SS1651912088419,CN,RV,RV,7,acc,1
SS1651912088419,CN,RV,RV,8,acc,1
SS1651912088419,CN,RV,RV,9,acc,0
SS1651912088419,CN,RV,RV,10,acc,1
SS1651912088419,CN,RV,RV,11,acc,1
SS1651912088419,CN,RV,RV,12,acc,0
SS1651915236922,CN,RV,RV,1,acc,1
SS1651915236922,CN,RV,RV,2,acc,1
SS1651915236922,CN,RV,RV,3,acc,1
SS1651915236922,CN,RV,RV,4,acc,1
SS1651915236922,CN,RV,RV,5,acc,1
SS1651915236922,CN,RV,RV,6,acc,1
SS1651915236922,CN,RV,RV,7,acc,1
SS1651915236922,CN,RV,RV,8,acc,1
SS1651915236922,CN,RV,RV,9,acc,1
SS1651915236922,CN,RV,RV,10,acc,1
SS1651915236922,CN,RV,RV,11,acc,1
SS1651915236922,CN,RV,RV,12,acc,1
SS1651916837690,CN,RV,RV,1,acc,0
SS1651916837690,CN,RV,RV,2,acc,0
SS1651916837690,CN,RV,RV,3,acc,0
SS1651916837690,CN,RV,RV,4,acc,0
SS1651916837690,CN,RV,RV,5,acc,0
SS1651916837690,CN,RV,RV,6,acc,0
SS1651916837690,CN,RV,RV,7,acc,0
SS1651916837690,CN,RV,RV,8,acc,0
SS1651916837690,CN,RV,RV,9,acc,0
SS1651916837690,CN,RV,RV,10,acc,0
SS1651916837690,CN,RV,RV,11,acc,0
SS1651916837690,CN,RV,RV,12,acc,0
SS1651916886491,CN,RV,RV,1,acc,1
SS1651916886491,CN,RV,RV,2,acc,1
SS1651916886491,CN,RV,RV,3,acc,1
SS1651916886491,CN,RV,RV,4,acc,1
SS1651916886491,CN,RV,RV,5,acc,1
SS1651916886491,CN,RV,RV,6,acc,1
SS1651916886491,CN,RV,RV,7,acc,1
SS1651916886491,CN,RV,RV,8,acc,1
SS1651916886491,CN,RV,RV,9,acc,1
SS1651916886491,CN,RV,RV,10,acc,1
SS1651916886491,CN,RV,RV,11,acc,0
SS1651916886491,CN,RV,RV,12,acc,1
SS1651918483229,CN,RV,RV,1,acc,0
SS1651918483229,CN,RV,RV,2,acc,0
SS1651918483229,CN,RV,RV,3,acc,1
SS1651918483229,CN,RV,RV,4,acc,1
SS1651918483229,CN,RV,RV,5,acc,0
SS1651918483229,CN,RV,RV,6,acc,0
SS1651918483229,CN,RV,RV,7,acc,0
SS1651918483229,CN,RV,RV,8,acc,0
SS1651918483229,CN,RV,RV,9,acc,0
SS1651918483229,CN,RV,RV,10,acc,0
SS1651918483229,CN,RV,RV,11,acc,0
SS1651918483229,CN,RV,RV,12,acc,1
SS1651919285907,CN,RV,RV,1,acc,1
SS1651919285907,CN,RV,RV,2,acc,1
SS1651919285907,CN,RV,RV,3,acc,1
SS1651919285907,CN,RV,RV,4,acc,1
SS1651919285907,CN,RV,RV,5,acc,1
SS1651919285907,CN,RV,RV,6,acc,1
SS1651919285907,CN,RV,RV,7,acc,1
SS1651919285907,CN,RV,RV,8,acc,1
SS1651919285907,CN,RV,RV,9,acc,1
SS1651919285907,CN,RV,RV,10,acc,0
SS1651919285907,CN,RV,RV,11,acc,0
SS1651919285907,CN,RV,RV,12,acc,1
SS1651921503296,CN,RV,RV,1,acc,1
SS1651921503296,CN,RV,RV,2,acc,1
SS1651921503296,CN,RV,RV,3,acc,1
SS1651921503296,CN,RV,RV,4,acc,1
SS1651921503296,CN,RV,RV,5,acc,1
SS1651921503296,CN,RV,RV,6,acc,1
SS1651921503296,CN,RV,RV,7,acc,1
SS1651921503296,CN,RV,RV,8,acc,1
SS1651921503296,CN,RV,RV,9,acc,1
SS1651921503296,CN,RV,RV,10,acc,0
SS1651921503296,CN,RV,RV,11,acc,0
SS1651921503296,CN,RV,RV,12,acc,1
SS1651922816094,CN,RV,RV,1,acc,1
SS1651922816094,CN,RV,RV,2,acc,1
SS1651922816094,CN,RV,RV,3,acc,1
SS1651922816094,CN,RV,RV,4,acc,1
SS1651922816094,CN,RV,RV,5,acc,1
SS1651922816094,CN,RV,RV,6,acc,1
SS1651922816094,CN,RV,RV,7,acc,1
SS1651922816094,CN,RV,RV,8,acc,1
SS1651922816094,CN,RV,RV,9,acc,1
SS1651922816094,CN,RV,RV,10,acc,1
SS1651922816094,CN,RV,RV,11,acc,1
SS1651922816094,CN,RV,RV,12,acc,1
SS1651924494966,CN,RV,RV,1,acc,1
SS1651924494966,CN,RV,RV,2,acc,1
SS1651924494966,CN,RV,RV,3,acc,1
SS1651924494966,CN,RV,RV,4,acc,1
SS1651924494966,CN,RV,RV,5,acc,1
SS1651924494966,CN,RV,RV,6,acc,1
SS1651924494966,CN,RV,RV,7,acc,1
SS1651924494966,CN,RV,RV,8,acc,1
SS1651924494966,CN,RV,RV,9,acc,1
SS1651924494966,CN,RV,RV,10,acc,1
SS1651924494966,CN,RV,RV,11,acc,1
SS1651924494966,CN,RV,RV,12,acc,1
SS1651926576151,CN,RV,RV,1,acc,1
SS1651926576151,CN,RV,RV,2,acc,1
SS1651926576151,CN,RV,RV,3,acc,1
SS1651926576151,CN,RV,RV,4,acc,1
SS1651926576151,CN,RV,RV,5,acc,1
SS1651926576151,CN,RV,RV,6,acc,1
SS1651926576151,CN,RV,RV,7,acc,1
SS1651926576151,CN,RV,RV,8,acc,1
SS1651926576151,CN,RV,RV,9,acc,0
SS1651926576151,CN,RV,RV,10,acc,0
SS1651926576151,CN,RV,RV,11,acc,0
SS1651926576151,CN,RV,RV,12,acc,0
SS1651926856493,CN,RV,RV,1,acc,1
SS1651926856493,CN,RV,RV,2,acc,1
SS1651926856493,CN,RV,RV,3,acc,1
SS1651926856493,CN,RV,RV,4,acc,1
SS1651926856493,CN,RV,RV,5,acc,1
SS1651926856493,CN,RV,RV,6,acc,1
SS1651926856493,CN,RV,RV,7,acc,1
SS1651926856493,CN,RV,RV,8,acc,1
SS1651926856493,CN,RV,RV,9,acc,1
SS1651926856493,CN,RV,RV,10,acc,1
SS1651926856493,CN,RV,RV,11,acc,0
SS1651926856493,CN,RV,RV,12,acc,1
SS1651928385240,CN,RV,RV,1,acc,1
SS1651928385240,CN,RV,RV,2,acc,1
SS1651928385240,CN,RV,RV,3,acc,1
SS1651928385240,CN,RV,RV,4,acc,0
SS1651928385240,CN,RV,RV,5,acc,1
SS1651928385240,CN,RV,RV,6,acc,1
SS1651928385240,CN,RV,RV,7,acc,1
SS1651928385240,CN,RV,RV,8,acc,1
SS1651928385240,CN,RV,RV,9,acc,1
SS1651928385240,CN,RV,RV,10,acc,1
SS1651928385240,CN,RV,RV,11,acc,1
SS1651928385240,CN,RV,RV,12,acc,0
SS1651932416698,CN,RV,RV,1,acc,1
SS1651932416698,CN,RV,RV,2,acc,1
SS1651932416698,CN,RV,RV,3,acc,1
SS1651932416698,CN,RV,RV,4,acc,1
SS1651932416698,CN,RV,RV,5,acc,1
SS1651932416698,CN,RV,RV,6,acc,1
SS1651932416698,CN,RV,RV,7,acc,1
SS1651932416698,CN,RV,RV,8,acc,0
SS1651932416698,CN,RV,RV,9,acc,1
SS1651932416698,CN,RV,RV,10,acc,0
SS1651932416698,CN,RV,RV,11,acc,0
SS1651932416698,CN,RV,RV,12,acc,0
SS1651934015946,CN,RV,RV,1,acc,1
SS1651934015946,CN,RV,RV,2,acc,1
SS1651934015946,CN,RV,RV,3,acc,1
SS1651934015946,CN,RV,RV,4,acc,1
SS1651934015946,CN,RV,RV,5,acc,1
SS1651934015946,CN,RV,RV,6,acc,0
SS1651934015946,CN,RV,RV,7,acc,1
SS1651934015946,CN,RV,RV,8,acc,1
SS1651934015946,CN,RV,RV,9,acc,1
SS1651934015946,CN,RV,RV,10,acc,1
SS1651934015946,CN,RV,RV,11,acc,0
SS1651934015946,CN,RV,RV,12,acc,1
SS1651616817210,US,TD,triads,boot,tax_match,FALSE
SS1651616817210,US,TD,triads,goat,tax_match,TRUE
SS1651616817210,US,TD,triads,legs,tax_match,FALSE
SS1651616817210,US,TD,triads,saw,tax_match,FALSE
SS1651616817210,US,TD,triads,ring,tax_match,TRUE
SS1651616817210,US,TD,triads,airplane,tax_match,FALSE
SS1651616817210,US,TD,triads,dress,tax_match,TRUE
SS1651616817210,US,TD,triads,spoon,tax_match,TRUE
SS1651616819170,US,TD,triads,bee,tax_match,TRUE
SS1651616819170,US,TD,triads,goat,tax_match,TRUE
SS1651616819170,US,TD,triads,legs,tax_match,TRUE
SS1651616819170,US,TD,triads,notepad,tax_match,TRUE
SS1651616819170,US,TD,triads,ring,tax_match,TRUE
SS1651616819170,US,TD,triads,teacup,tax_match,FALSE
SS1651616821119,US,TD,triads,boot,tax_match,TRUE
SS1651616821119,US,TD,triads,goat,tax_match,TRUE
SS1651616821119,US,TD,triads,ring,tax_match,TRUE
SS1651616821119,US,TD,triads,teacher,tax_match,FALSE
SS1651616821119,US,TD,triads,airplane,tax_match,TRUE
SS1651616821119,US,TD,triads,spoon,tax_match,TRUE
SS1651616821119,US,TD,triads,teacup,tax_match,FALSE
SS1651616823657,US,TD,triads,bee,tax_match,TRUE
SS1651616823657,US,TD,triads,boot,tax_match,TRUE
SS1651616823657,US,TD,triads,legs,tax_match,TRUE
SS1651616823657,US,TD,triads,saw,tax_match,FALSE
SS1651616823657,US,TD,triads,notepad,tax_match,TRUE
SS1651616823657,US,TD,triads,ring,tax_match,TRUE
SS1651616823657,US,TD,triads,elephant,tax_match,TRUE
SS1651616823657,US,TD,triads,teacher,tax_match,FALSE
SS1651616823657,US,TD,triads,spoon,tax_match,TRUE
SS1651616823657,US,TD,triads,teacup,tax_match,FALSE
SS1651616823657,US,TD,triads,pigeon,tax_match,TRUE
SS1651616823657,US,TD,triads,bowl,tax_match,TRUE
SS1651616824013,US,TD,triads,bee,tax_match,FALSE
SS1651616824013,US,TD,triads,boot,tax_match,FALSE
SS1651616824013,US,TD,triads,goat,tax_match,TRUE
SS1651616824013,US,TD,triads,saw,tax_match,FALSE
SS1651616824013,US,TD,triads,notepad,tax_match,TRUE
SS1651616824013,US,TD,triads,ring,tax_match,FALSE
SS1651616824013,US,TD,triads,elephant,tax_match,TRUE
SS1651616824013,US,TD,triads,dress,tax_match,FALSE
SS1651616824013,US,TD,triads,spoon,tax_match,TRUE
SS1651616824013,US,TD,triads,teacup,tax_match,FALSE
SS1651616827589,US,TD,triads,bee,tax_match,FALSE
SS1651616827589,US,TD,triads,boot,tax_match,TRUE
SS1651616827589,US,TD,triads,ring,tax_match,TRUE
SS1651616827589,US,TD,triads,elephant,tax_match,FALSE
SS1651616827589,US,TD,triads,spoon,tax_match,TRUE
SS1651616827589,US,TD,triads,teacup,tax_match,TRUE
SS1651616827589,US,TD,triads,bowl,tax_match,TRUE
SS1651616829561,US,TD,triads,boot,tax_match,FALSE
SS1651616829561,US,TD,triads,ring,tax_match,FALSE
SS1651616829561,US,TD,triads,elephant,tax_match,FALSE
SS1651616829561,US,TD,triads,teacher,tax_match,FALSE
SS1651616829561,US,TD,triads,airplane,tax_match,FALSE
SS1651616829561,US,TD,triads,dress,tax_match,TRUE
SS1651616829561,US,TD,triads,teacup,tax_match,FALSE
SS1651616829561,US,TD,triads,pigeon,tax_match,FALSE
SS1651616829561,US,TD,triads,bowl,tax_match,TRUE
SS1651616834023,US,TD,triads,bee,tax_match,TRUE
SS1651616834023,US,TD,triads,elephant,tax_match,TRUE
SS1651616834023,US,TD,triads,spoon,tax_match,TRUE
SS1651616834023,US,TD,triads,pigeon,tax_match,TRUE
SS1651616834023,US,TD,triads,bowl,tax_match,TRUE
SS1651616835091,US,TD,triads,saw,tax_match,FALSE
SS1651616835091,US,TD,triads,notepad,tax_match,TRUE
SS1651616835091,US,TD,triads,ring,tax_match,TRUE
SS1651616835091,US,TD,triads,elephant,tax_match,TRUE
SS1651616835091,US,TD,triads,teacher,tax_match,TRUE
SS1651616835091,US,TD,triads,airplane,tax_match,TRUE
SS1651616835091,US,TD,triads,dress,tax_match,TRUE
SS1651616837719,US,TD,triads,bee,tax_match,TRUE
SS1651616837719,US,TD,triads,boot,tax_match,FALSE
SS1651616837719,US,TD,triads,goat,tax_match,TRUE
SS1651616837719,US,TD,triads,ring,tax_match,TRUE
SS1651616837719,US,TD,triads,airplane,tax_match,TRUE
SS1651616837719,US,TD,triads,spoon,tax_match,TRUE
SS1651616837719,US,TD,triads,pigeon,tax_match,TRUE
SS1651616837719,US,TD,triads,bowl,tax_match,FALSE
SS1651616838947,US,TD,triads,boot,tax_match,FALSE
SS1651616838947,US,TD,triads,goat,tax_match,TRUE
SS1651616838947,US,TD,triads,saw,tax_match,FALSE
SS1651616838947,US,TD,triads,notepad,tax_match,TRUE
SS1651616838947,US,TD,triads,ring,tax_match,FALSE
SS1651616838947,US,TD,triads,elephant,tax_match,TRUE
SS1651616838947,US,TD,triads,airplane,tax_match,FALSE
SS1651616839031,US,TD,triads,boot,tax_match,FALSE
SS1651616839031,US,TD,triads,legs,tax_match,FALSE
SS1651616839031,US,TD,triads,ring,tax_match,FALSE
SS1651616839031,US,TD,triads,teacher,tax_match,TRUE
SS1651616839031,US,TD,triads,teacup,tax_match,FALSE
SS1651616839031,US,TD,triads,pigeon,tax_match,FALSE
SS1651616839120,US,TD,triads,boot,tax_match,TRUE
SS1651616839120,US,TD,triads,goat,tax_match,TRUE
SS1651616839120,US,TD,triads,ring,tax_match,TRUE
SS1651616839120,US,TD,triads,teacher,tax_match,FALSE
SS1651616839120,US,TD,triads,dress,tax_match,TRUE
SS1651616839120,US,TD,triads,teacup,tax_match,TRUE
SS1651616839120,US,TD,triads,pigeon,tax_match,TRUE
SS1651616839120,US,TD,triads,bowl,tax_match,TRUE
SS1651616839551,US,TD,triads,bee,tax_match,TRUE
SS1651616839551,US,TD,triads,boot,tax_match,TRUE
SS1651616839551,US,TD,triads,ring,tax_match,TRUE
SS1651616839551,US,TD,triads,elephant,tax_match,TRUE
SS1651616839551,US,TD,triads,teacher,tax_match,FALSE
SS1651616839551,US,TD,triads,dress,tax_match,TRUE
SS1651616839551,US,TD,triads,spoon,tax_match,TRUE
SS1651616839551,US,TD,triads,bowl,tax_match,TRUE
SS1651616839622,US,TD,triads,bee,tax_match,TRUE
SS1651616839622,US,TD,triads,notepad,tax_match,TRUE
SS1651616839622,US,TD,triads,ring,tax_match,TRUE
SS1651616839622,US,TD,triads,elephant,tax_match,TRUE
SS1651616839622,US,TD,triads,spoon,tax_match,TRUE
SS1651616839622,US,TD,triads,pigeon,tax_match,TRUE
SS1651616840889,US,TD,triads,bee,tax_match,FALSE
SS1651616840889,US,TD,triads,legs,tax_match,TRUE
SS1651616840889,US,TD,triads,notepad,tax_match,TRUE
SS1651616840889,US,TD,triads,teacher,tax_match,FALSE
SS1651616840889,US,TD,triads,teacup,tax_match,FALSE
SS1651616840889,US,TD,triads,bowl,tax_match,TRUE
SS1651616841722,US,TD,triads,goat,tax_match,TRUE
SS1651616841722,US,TD,triads,legs,tax_match,FALSE
SS1651616841722,US,TD,triads,saw,tax_match,FALSE
SS1651616841722,US,TD,triads,ring,tax_match,FALSE
SS1651616841722,US,TD,triads,teacher,tax_match,TRUE
SS1651616841722,US,TD,triads,spoon,tax_match,TRUE
SS1651616841722,US,TD,triads,teacup,tax_match,FALSE
SS1651616841972,US,TD,triads,goat,tax_match,TRUE
SS1651616841972,US,TD,triads,legs,tax_match,TRUE
SS1651616841972,US,TD,triads,saw,tax_match,FALSE
SS1651616841972,US,TD,triads,elephant,tax_match,TRUE
SS1651616841972,US,TD,triads,teacher,tax_match,FALSE
SS1651616843053,US,TD,triads,boot,tax_match,TRUE
SS1651616843053,US,TD,triads,legs,tax_match,FALSE
SS1651616843053,US,TD,triads,notepad,tax_match,TRUE
SS1651616843053,US,TD,triads,ring,tax_match,FALSE
SS1651616843053,US,TD,triads,teacher,tax_match,FALSE
SS1651616843053,US,TD,triads,airplane,tax_match,FALSE
SS1651616843053,US,TD,triads,dress,tax_match,FALSE
SS1651616843053,US,TD,triads,teacup,tax_match,TRUE
SS1651616843053,US,TD,triads,pigeon,tax_match,TRUE
SS1651616844450,US,TD,triads,bee,tax_match,TRUE
SS1651616844450,US,TD,triads,boot,tax_match,TRUE
SS1651616844450,US,TD,triads,goat,tax_match,TRUE
SS1651616844450,US,TD,triads,legs,tax_match,TRUE
SS1651616844450,US,TD,triads,elephant,tax_match,TRUE
SS1651616844450,US,TD,triads,pigeon,tax_match,TRUE
SS1651616844450,US,TD,triads,bowl,tax_match,TRUE
SS1651616844684,US,TD,triads,legs,tax_match,FALSE
SS1651616844684,US,TD,triads,saw,tax_match,FALSE
SS1651616844684,US,TD,triads,teacher,tax_match,FALSE
SS1651616844684,US,TD,triads,airplane,tax_match,TRUE
SS1651616844684,US,TD,triads,spoon,tax_match,TRUE
SS1651616844684,US,TD,triads,teacup,tax_match,FALSE
SS1651616844684,US,TD,triads,bowl,tax_match,FALSE
SS1651616844911,US,TD,triads,boot,tax_match,FALSE
SS1651616844911,US,TD,triads,goat,tax_match,TRUE
SS1651616844911,US,TD,triads,legs,tax_match,FALSE
SS1651616844911,US,TD,triads,notepad,tax_match,TRUE
SS1651616844911,US,TD,triads,pigeon,tax_match,TRUE
SS1651616846951,US,TD,triads,boot,tax_match,FALSE
SS1651616846951,US,TD,triads,legs,tax_match,FALSE
SS1651616846951,US,TD,triads,notepad,tax_match,TRUE
SS1651616846951,US,TD,triads,teacup,tax_match,FALSE
SS1651616846951,US,TD,triads,pigeon,tax_match,FALSE
SS1651616850845,US,TD,triads,bee,tax_match,TRUE
SS1651616850845,US,TD,triads,ring,tax_match,TRUE
SS1651616850845,US,TD,triads,airplane,tax_match,TRUE
SS1651616850845,US,TD,triads,dress,tax_match,TRUE
SS1651616850845,US,TD,triads,teacup,tax_match,TRUE
SS1651616850845,US,TD,triads,bowl,tax_match,FALSE
SS1651616854167,US,TD,triads,goat,tax_match,TRUE
SS1651616854167,US,TD,triads,legs,tax_match,FALSE
SS1651616854167,US,TD,triads,notepad,tax_match,TRUE
SS1651616854167,US,TD,triads,ring,tax_match,FALSE
SS1651616854167,US,TD,triads,teacher,tax_match,FALSE
SS1651616854167,US,TD,triads,dress,tax_match,TRUE
SS1651616854402,US,TD,triads,bee,tax_match,FALSE
SS1651616854402,US,TD,triads,legs,tax_match,FALSE
SS1651616854402,US,TD,triads,notepad,tax_match,TRUE
SS1651616854402,US,TD,triads,ring,tax_match,FALSE
SS1651616854402,US,TD,triads,teacup,tax_match,FALSE
SS1651616854402,US,TD,triads,pigeon,tax_match,TRUE
SS1651616854402,US,TD,triads,bowl,tax_match,FALSE
SS1651616857792,US,TD,triads,boot,tax_match,FALSE
SS1651616857792,US,TD,triads,notepad,tax_match,TRUE
SS1651616857792,US,TD,triads,ring,tax_match,FALSE
SS1651616857792,US,TD,triads,elephant,tax_match,FALSE
SS1651616857792,US,TD,triads,teacher,tax_match,FALSE
SS1651616857792,US,TD,triads,pigeon,tax_match,FALSE
SS1651616858489,US,TD,triads,goat,tax_match,TRUE
SS1651616858489,US,TD,triads,legs,tax_match,FALSE
SS1651616858489,US,TD,triads,saw,tax_match,FALSE
SS1651616858489,US,TD,triads,ring,tax_match,TRUE
SS1651616858489,US,TD,triads,airplane,tax_match,TRUE
SS1651616858489,US,TD,triads,dress,tax_match,TRUE
SS1651616858489,US,TD,triads,teacup,tax_match,FALSE
SS1651616858489,US,TD,triads,pigeon,tax_match,TRUE
SS1651616858633,US,TD,triads,legs,tax_match,FALSE
SS1651616858633,US,TD,triads,saw,tax_match,FALSE
SS1651616858633,US,TD,triads,elephant,tax_match,FALSE
SS1651616858633,US,TD,triads,airplane,tax_match,FALSE
SS1651616858633,US,TD,triads,dress,tax_match,FALSE
SS1651616858633,US,TD,triads,teacup,tax_match,FALSE
SS1651616858633,US,TD,triads,pigeon,tax_match,FALSE
SS1651616860080,US,TD,triads,bee,tax_match,TRUE
SS1651616860080,US,TD,triads,boot,tax_match,FALSE
SS1651616860080,US,TD,triads,legs,tax_match,FALSE
SS1651616860080,US,TD,triads,ring,tax_match,FALSE
SS1651616860080,US,TD,triads,teacher,tax_match,FALSE
SS1651616860080,US,TD,triads,airplane,tax_match,FALSE
SS1651616860080,US,TD,triads,spoon,tax_match,TRUE
SS1651616860708,US,TD,triads,bee,tax_match,FALSE
SS1651616860708,US,TD,triads,boot,tax_match,FALSE
SS1651616860708,US,TD,triads,goat,tax_match,FALSE
SS1651616860708,US,TD,triads,elephant,tax_match,FALSE
SS1651616860708,US,TD,triads,airplane,tax_match,TRUE
SS1651616860708,US,TD,triads,teacup,tax_match,FALSE
SS1651616860708,US,TD,triads,pigeon,tax_match,FALSE
SS1651616860708,US,TD,triads,bowl,tax_match,FALSE
SS1651616861128,US,TD,triads,bee,tax_match,FALSE
SS1651616861128,US,TD,triads,goat,tax_match,FALSE
SS1651616861128,US,TD,triads,ring,tax_match,FALSE
SS1651616861128,US,TD,triads,teacher,tax_match,FALSE
SS1651616861128,US,TD,triads,airplane,tax_match,TRUE
SS1651616861128,US,TD,triads,spoon,tax_match,TRUE
SS1651616861128,US,TD,triads,teacup,tax_match,TRUE
SS1651616861128,US,TD,triads,pigeon,tax_match,FALSE
SS1651616861128,US,TD,triads,bowl,tax_match,TRUE
SS1651616861546,US,TD,triads,bee,tax_match,TRUE
SS1651616861546,US,TD,triads,goat,tax_match,TRUE
SS1651616861546,US,TD,triads,ring,tax_match,TRUE
SS1651616861546,US,TD,triads,teacher,tax_match,FALSE
SS1651616861546,US,TD,triads,spoon,tax_match,TRUE
SS1651616861546,US,TD,triads,bowl,tax_match,FALSE
SS1651616863114,US,TD,triads,bee,tax_match,TRUE
SS1651616863114,US,TD,triads,boot,tax_match,FALSE
SS1651616863114,US,TD,triads,goat,tax_match,TRUE
SS1651616863114,US,TD,triads,legs,tax_match,FALSE
SS1651616863114,US,TD,triads,ring,tax_match,FALSE
SS1651616863114,US,TD,triads,elephant,tax_match,TRUE
SS1651616863114,US,TD,triads,airplane,tax_match,FALSE
SS1651616863114,US,TD,triads,spoon,tax_match,FALSE
SS1651616863114,US,TD,triads,pigeon,tax_match,TRUE
SS1651616863114,US,TD,triads,bowl,tax_match,FALSE
SS1651616863145,US,TD,triads,boot,tax_match,FALSE
SS1651616863145,US,TD,triads,saw,tax_match,FALSE
SS1651616863145,US,TD,triads,ring,tax_match,FALSE
SS1651616863145,US,TD,triads,elephant,tax_match,FALSE
SS1651616863145,US,TD,triads,teacher,tax_match,FALSE
SS1651616863145,US,TD,triads,dress,tax_match,FALSE
SS1651616863145,US,TD,triads,bowl,tax_match,FALSE
SS1651616876627,US,TD,triads,bee,tax_match,TRUE
SS1651616876627,US,TD,triads,boot,tax_match,TRUE
SS1651616876627,US,TD,triads,notepad,tax_match,TRUE
SS1651616876627,US,TD,triads,ring,tax_match,TRUE
SS1651616876627,US,TD,triads,teacher,tax_match,FALSE
SS1651616876627,US,TD,triads,airplane,tax_match,TRUE
SS1651616876627,US,TD,triads,spoon,tax_match,TRUE
SS1651616876627,US,TD,triads,teacup,tax_match,FALSE
SS1651616909217,US,TD,triads,boot,tax_match,FALSE
SS1651616909217,US,TD,triads,ring,tax_match,TRUE
SS1651616909217,US,TD,triads,elephant,tax_match,FALSE
SS1651616909217,US,TD,triads,teacher,tax_match,FALSE
SS1651616909217,US,TD,triads,airplane,tax_match,FALSE
SS1651616909217,US,TD,triads,spoon,tax_match,FALSE
SS1651616909217,US,TD,triads,teacup,tax_match,TRUE
SS1651616909217,US,TD,triads,pigeon,tax_match,TRUE
SS1651616909217,US,TD,triads,bowl,tax_match,TRUE
SS1651616969092,US,TD,triads,boot,tax_match,FALSE
SS1651616969092,US,TD,triads,goat,tax_match,TRUE
SS1651616969092,US,TD,triads,saw,tax_match,FALSE
SS1651616969092,US,TD,triads,notepad,tax_match,FALSE
SS1651616969092,US,TD,triads,ring,tax_match,FALSE
SS1651616969092,US,TD,triads,elephant,tax_match,FALSE
SS1651616969092,US,TD,triads,airplane,tax_match,FALSE
SS1651616969092,US,TD,triads,dress,tax_match,TRUE
SS1651616969092,US,TD,triads,teacup,tax_match,FALSE
SS1651616969092,US,TD,triads,pigeon,tax_match,FALSE
SS1651616969595,US,TD,triads,boot,tax_match,TRUE
SS1651616969595,US,TD,triads,legs,tax_match,FALSE
SS1651616969595,US,TD,triads,notepad,tax_match,TRUE
SS1651616969595,US,TD,triads,ring,tax_match,TRUE
SS1651616969595,US,TD,triads,elephant,tax_match,TRUE
SS1651616969595,US,TD,triads,airplane,tax_match,FALSE
SS1651616969595,US,TD,triads,bowl,tax_match,TRUE
SS1651616982939,US,TD,triads,boot,tax_match,TRUE
SS1651616982939,US,TD,triads,legs,tax_match,FALSE
SS1651616982939,US,TD,triads,notepad,tax_match,FALSE
SS1651616982939,US,TD,triads,ring,tax_match,FALSE
SS1651616982939,US,TD,triads,elephant,tax_match,TRUE
SS1651616982939,US,TD,triads,airplane,tax_match,TRUE
SS1651616982939,US,TD,triads,dress,tax_match,TRUE
SS1651616982939,US,TD,triads,teacup,tax_match,FALSE
SS1651616982939,US,TD,triads,pigeon,tax_match,TRUE
SS1651617013503,US,TD,triads,goat,tax_match,TRUE
SS1651617013503,US,TD,triads,ring,tax_match,FALSE
SS1651617013503,US,TD,triads,elephant,tax_match,TRUE
SS1651617013503,US,TD,triads,dress,tax_match,TRUE
SS1651617013503,US,TD,triads,spoon,tax_match,TRUE
SS1651617013503,US,TD,triads,teacup,tax_match,FALSE
SS1651617013503,US,TD,triads,pigeon,tax_match,TRUE
SS1651617013503,US,TD,triads,bowl,tax_match,TRUE
SS1651617033971,US,TD,triads,boot,tax_match,FALSE
SS1651617033971,US,TD,triads,ring,tax_match,FALSE
SS1651617033971,US,TD,triads,elephant,tax_match,TRUE
SS1651617033971,US,TD,triads,teacher,tax_match,FALSE
SS1651617033971,US,TD,triads,pigeon,tax_match,FALSE
SS1651617033971,US,TD,triads,bowl,tax_match,TRUE
SS1651617071100,US,TD,triads,bee,tax_match,TRUE
SS1651617071100,US,TD,triads,boot,tax_match,TRUE
SS1651617071100,US,TD,triads,legs,tax_match,FALSE
SS1651617071100,US,TD,triads,saw,tax_match,FALSE
SS1651617071100,US,TD,triads,notepad,tax_match,TRUE
SS1651617071100,US,TD,triads,teacher,tax_match,FALSE
SS1651617071100,US,TD,triads,airplane,tax_match,TRUE
SS1651617071100,US,TD,triads,dress,tax_match,TRUE
SS1651617071100,US,TD,triads,spoon,tax_match,TRUE
SS1651617071100,US,TD,triads,teacup,tax_match,TRUE
SS1651617143573,US,TD,triads,boot,tax_match,TRUE
SS1651617143573,US,TD,triads,goat,tax_match,TRUE
SS1651617143573,US,TD,triads,legs,tax_match,FALSE
SS1651617143573,US,TD,triads,notepad,tax_match,TRUE
SS1651617143573,US,TD,triads,spoon,tax_match,TRUE
SS1651617143573,US,TD,triads,teacup,tax_match,FALSE
SS1651617143573,US,TD,triads,pigeon,tax_match,TRUE
SS1651617143573,US,TD,triads,bowl,tax_match,TRUE
SS1651617282312,US,TD,triads,bee,tax_match,TRUE
SS1651617282312,US,TD,triads,boot,tax_match,TRUE
SS1651617282312,US,TD,triads,legs,tax_match,TRUE
SS1651617282312,US,TD,triads,saw,tax_match,FALSE
SS1651617282312,US,TD,triads,notepad,tax_match,FALSE
SS1651617282312,US,TD,triads,ring,tax_match,FALSE
SS1651617282312,US,TD,triads,elephant,tax_match,TRUE
SS1651617282312,US,TD,triads,bowl,tax_match,TRUE
SS1651617310480,US,TD,triads,boot,tax_match,FALSE
SS1651617310480,US,TD,triads,goat,tax_match,FALSE
SS1651617310480,US,TD,triads,saw,tax_match,FALSE
SS1651617310480,US,TD,triads,ring,tax_match,TRUE
SS1651617310480,US,TD,triads,elephant,tax_match,FALSE
SS1651617310480,US,TD,triads,teacher,tax_match,FALSE
SS1651617310480,US,TD,triads,airplane,tax_match,FALSE
SS1651617310480,US,TD,triads,teacup,tax_match,FALSE
SS1651617310480,US,TD,triads,pigeon,tax_match,FALSE
SS1651617310480,US,TD,triads,bowl,tax_match,FALSE
SS1651618567608,US,TD,triads,boot,tax_match,TRUE
SS1651618567608,US,TD,triads,goat,tax_match,TRUE
SS1651618567608,US,TD,triads,legs,tax_match,TRUE
SS1651618567608,US,TD,triads,saw,tax_match,FALSE
SS1651618567608,US,TD,triads,elephant,tax_match,TRUE
SS1651618567608,US,TD,triads,teacher,tax_match,FALSE
SS1651618567608,US,TD,triads,airplane,tax_match,TRUE
SS1651618567608,US,TD,triads,dress,tax_match,TRUE
SS1651618567608,US,TD,triads,pigeon,tax_match,TRUE
SS1651624230659,US,TD,triads,bee,tax_match,TRUE
SS1651624230659,US,TD,triads,goat,tax_match,TRUE
SS1651624230659,US,TD,triads,legs,tax_match,FALSE
SS1651624230659,US,TD,triads,ring,tax_match,FALSE
SS1651624230659,US,TD,triads,dress,tax_match,TRUE
SS1651624230659,US,TD,triads,spoon,tax_match,TRUE
SS1651624230659,US,TD,triads,teacup,tax_match,FALSE
SS1651678150777,US,TD,triads,boot,tax_match,FALSE
SS1651678150777,US,TD,triads,goat,tax_match,FALSE
SS1651678150777,US,TD,triads,legs,tax_match,TRUE
SS1651678150777,US,TD,triads,saw,tax_match,FALSE
SS1651678150777,US,TD,triads,notepad,tax_match,FALSE
SS1651678150777,US,TD,triads,elephant,tax_match,FALSE
SS1651678150777,US,TD,triads,dress,tax_match,FALSE
SS1651678150777,US,TD,triads,teacup,tax_match,TRUE
SS1651678150777,US,TD,triads,bowl,tax_match,FALSE
SS1651678198123,US,TD,triads,legs,tax_match,TRUE
SS1651678198123,US,TD,triads,saw,tax_match,FALSE
SS1651678198123,US,TD,triads,notepad,tax_match,TRUE
SS1651678198123,US,TD,triads,ring,tax_match,FALSE
SS1651678198123,US,TD,triads,elephant,tax_match,TRUE
SS1651678198123,US,TD,triads,teacher,tax_match,FALSE
SS1651678198123,US,TD,triads,airplane,tax_match,TRUE
SS1651678202019,US,TD,triads,bee,tax_match,TRUE
SS1651678202019,US,TD,triads,goat,tax_match,TRUE
SS1651678202019,US,TD,triads,teacher,tax_match,TRUE
SS1651678202019,US,TD,triads,spoon,tax_match,TRUE
SS1651678202019,US,TD,triads,pigeon,tax_match,TRUE
SS1651678202019,US,TD,triads,bowl,tax_match,TRUE
SS1651678206055,US,TD,triads,bee,tax_match,FALSE
SS1651678206055,US,TD,triads,legs,tax_match,FALSE
SS1651678206055,US,TD,triads,saw,tax_match,FALSE
SS1651678206055,US,TD,triads,elephant,tax_match,FALSE
SS1651678206055,US,TD,triads,dress,tax_match,FALSE
SS1651678206055,US,TD,triads,teacup,tax_match,FALSE
SS1651678206055,US,TD,triads,bowl,tax_match,FALSE
SS1651678216185,US,TD,triads,boot,tax_match,TRUE
SS1651678216185,US,TD,triads,legs,tax_match,TRUE
SS1651678216185,US,TD,triads,saw,tax_match,FALSE
SS1651678216185,US,TD,triads,ring,tax_match,TRUE
SS1651678216185,US,TD,triads,elephant,tax_match,TRUE
SS1651678216185,US,TD,triads,airplane,tax_match,TRUE
SS1651678216185,US,TD,triads,dress,tax_match,TRUE
SS1651678216185,US,TD,triads,spoon,tax_match,TRUE
SS1651678216185,US,TD,triads,pigeon,tax_match,TRUE
SS1651678216185,US,TD,triads,bowl,tax_match,TRUE
SS1651678216437,US,TD,triads,boot,tax_match,FALSE
SS1651678216437,US,TD,triads,goat,tax_match,TRUE
SS1651678216437,US,TD,triads,legs,tax_match,FALSE
SS1651678216437,US,TD,triads,teacher,tax_match,TRUE
SS1651678216437,US,TD,triads,airplane,tax_match,FALSE
SS1651678216437,US,TD,triads,dress,tax_match,FALSE
SS1651678216437,US,TD,triads,spoon,tax_match,TRUE
SS1651678216437,US,TD,triads,teacup,tax_match,FALSE
SS1651678218891,US,TD,triads,goat,tax_match,TRUE
SS1651678218891,US,TD,triads,legs,tax_match,FALSE
SS1651678218891,US,TD,triads,saw,tax_match,FALSE
SS1651678218891,US,TD,triads,dress,tax_match,TRUE
SS1651678218891,US,TD,triads,bowl,tax_match,TRUE
SS1651678220434,US,TD,triads,bee,tax_match,TRUE
SS1651678220434,US,TD,triads,goat,tax_match,FALSE
SS1651678220434,US,TD,triads,elephant,tax_match,TRUE
SS1651678220434,US,TD,triads,teacher,tax_match,TRUE
SS1651678220434,US,TD,triads,spoon,tax_match,TRUE
SS1651678220434,US,TD,triads,teacup,tax_match,FALSE
SS1651678220434,US,TD,triads,bowl,tax_match,TRUE
SS1651678224995,US,TD,triads,goat,tax_match,TRUE
SS1651678224995,US,TD,triads,legs,tax_match,TRUE
SS1651678224995,US,TD,triads,notepad,tax_match,TRUE
SS1651678224995,US,TD,triads,ring,tax_match,TRUE
SS1651678224995,US,TD,triads,teacher,tax_match,FALSE
SS1651678224995,US,TD,triads,airplane,tax_match,TRUE
SS1651678224995,US,TD,triads,teacup,tax_match,FALSE
SS1651678226524,US,TD,triads,boot,tax_match,TRUE
SS1651678226524,US,TD,triads,legs,tax_match,FALSE
SS1651678226524,US,TD,triads,saw,tax_match,FALSE
SS1651678226524,US,TD,triads,ring,tax_match,FALSE
SS1651678226524,US,TD,triads,teacher,tax_match,FALSE
SS1651678226524,US,TD,triads,pigeon,tax_match,FALSE
SS1651678226524,US,TD,triads,bowl,tax_match,TRUE
SS1651678227696,US,TD,triads,boot,tax_match,FALSE
SS1651678227696,US,TD,triads,goat,tax_match,FALSE
SS1651678227696,US,TD,triads,legs,tax_match,FALSE
SS1651678227696,US,TD,triads,notepad,tax_match,FALSE
SS1651678227696,US,TD,triads,elephant,tax_match,TRUE
SS1651678227696,US,TD,triads,teacher,tax_match,FALSE
SS1651678227696,US,TD,triads,dress,tax_match,TRUE
SS1651678227696,US,TD,triads,spoon,tax_match,TRUE
SS1651678229872,US,TD,triads,boot,tax_match,TRUE
SS1651678229872,US,TD,triads,goat,tax_match,TRUE
SS1651678229872,US,TD,triads,legs,tax_match,TRUE
SS1651678229872,US,TD,triads,ring,tax_match,TRUE
SS1651678229872,US,TD,triads,elephant,tax_match,TRUE
SS1651678229872,US,TD,triads,spoon,tax_match,TRUE
SS1651678229872,US,TD,triads,bowl,tax_match,TRUE
SS1651678231224,US,TD,triads,boot,tax_match,TRUE
SS1651678231224,US,TD,triads,goat,tax_match,TRUE
SS1651678231224,US,TD,triads,saw,tax_match,FALSE
SS1651678231224,US,TD,triads,notepad,tax_match,TRUE
SS1651678231224,US,TD,triads,airplane,tax_match,TRUE
SS1651678231224,US,TD,triads,dress,tax_match,TRUE
SS1651678231224,US,TD,triads,pigeon,tax_match,TRUE
SS1651678232565,US,TD,triads,legs,tax_match,FALSE
SS1651678232565,US,TD,triads,saw,tax_match,FALSE
SS1651678232565,US,TD,triads,teacher,tax_match,TRUE
SS1651678232565,US,TD,triads,dress,tax_match,TRUE
SS1651678232565,US,TD,triads,spoon,tax_match,TRUE
SS1651678232565,US,TD,triads,pigeon,tax_match,TRUE
SS1651678239759,US,TD,triads,bee,tax_match,TRUE
SS1651678239759,US,TD,triads,boot,tax_match,TRUE
SS1651678239759,US,TD,triads,goat,tax_match,TRUE
SS1651678239759,US,TD,triads,legs,tax_match,TRUE
SS1651678239759,US,TD,triads,ring,tax_match,TRUE
SS1651678239759,US,TD,triads,elephant,tax_match,TRUE
SS1651678239759,US,TD,triads,teacher,tax_match,TRUE
SS1651678239759,US,TD,triads,spoon,tax_match,TRUE
SS1651678239759,US,TD,triads,teacup,tax_match,TRUE
SS1651678242246,US,TD,triads,boot,tax_match,FALSE
SS1651678242246,US,TD,triads,goat,tax_match,FALSE
SS1651678242246,US,TD,triads,legs,tax_match,FALSE
SS1651678242246,US,TD,triads,ring,tax_match,FALSE
SS1651678242246,US,TD,triads,teacher,tax_match,FALSE
SS1651678242246,US,TD,triads,airplane,tax_match,TRUE
SS1651678242246,US,TD,triads,teacup,tax_match,TRUE
SS1651678242246,US,TD,triads,bowl,tax_match,FALSE
SS1651678243882,US,TD,triads,bee,tax_match,FALSE
SS1651678243882,US,TD,triads,legs,tax_match,FALSE
SS1651678243882,US,TD,triads,saw,tax_match,FALSE
SS1651678243882,US,TD,triads,ring,tax_match,FALSE
SS1651678243882,US,TD,triads,elephant,tax_match,TRUE
SS1651678243882,US,TD,triads,teacher,tax_match,FALSE
SS1651678243882,US,TD,triads,teacup,tax_match,FALSE
SS1651678243882,US,TD,triads,bowl,tax_match,FALSE
SS1651678244241,US,TD,triads,bee,tax_match,TRUE
SS1651678244241,US,TD,triads,legs,tax_match,TRUE
SS1651678244241,US,TD,triads,ring,tax_match,TRUE
SS1651678244241,US,TD,triads,spoon,tax_match,TRUE
SS1651678244241,US,TD,triads,teacup,tax_match,FALSE
SS1651678245327,US,TD,triads,bee,tax_match,TRUE
SS1651678245327,US,TD,triads,legs,tax_match,TRUE
SS1651678245327,US,TD,triads,saw,tax_match,FALSE
SS1651678245327,US,TD,triads,notepad,tax_match,TRUE
SS1651678245327,US,TD,triads,elephant,tax_match,TRUE
SS1651678245327,US,TD,triads,teacher,tax_match,FALSE
SS1651678245327,US,TD,triads,airplane,tax_match,TRUE
SS1651678245327,US,TD,triads,pigeon,tax_match,TRUE
SS1651678245327,US,TD,triads,bowl,tax_match,TRUE
SS1651678246113,US,TD,triads,legs,tax_match,TRUE
SS1651678246113,US,TD,triads,saw,tax_match,FALSE
SS1651678246113,US,TD,triads,notepad,tax_match,TRUE
SS1651678246113,US,TD,triads,teacher,tax_match,TRUE
SS1651678246113,US,TD,triads,dress,tax_match,TRUE
SS1651678246113,US,TD,triads,spoon,tax_match,TRUE
SS1651678246113,US,TD,triads,teacup,tax_match,TRUE
SS1651678246113,US,TD,triads,pigeon,tax_match,TRUE
SS1651678246330,US,TD,triads,bee,tax_match,TRUE
SS1651678246330,US,TD,triads,goat,tax_match,TRUE
SS1651678246330,US,TD,triads,teacher,tax_match,FALSE
SS1651678246330,US,TD,triads,airplane,tax_match,TRUE
SS1651678246330,US,TD,triads,dress,tax_match,TRUE
SS1651678246330,US,TD,triads,spoon,tax_match,TRUE
SS1651678246330,US,TD,triads,bowl,tax_match,TRUE
SS1651678248637,US,TD,triads,bee,tax_match,TRUE
SS1651678248637,US,TD,triads,boot,tax_match,FALSE
SS1651678248637,US,TD,triads,legs,tax_match,FALSE
SS1651678248637,US,TD,triads,notepad,tax_match,TRUE
SS1651678248637,US,TD,triads,teacher,tax_match,FALSE
SS1651678248637,US,TD,triads,airplane,tax_match,TRUE
SS1651678248637,US,TD,triads,spoon,tax_match,TRUE
SS1651678248989,US,TD,triads,bee,tax_match,TRUE
SS1651678248989,US,TD,triads,boot,tax_match,FALSE
SS1651678248989,US,TD,triads,goat,tax_match,TRUE
SS1651678248989,US,TD,triads,legs,tax_match,FALSE
SS1651678248989,US,TD,triads,saw,tax_match,FALSE
SS1651678248989,US,TD,triads,ring,tax_match,FALSE
SS1651678248989,US,TD,triads,elephant,tax_match,TRUE
SS1651678248989,US,TD,triads,teacher,tax_match,TRUE
SS1651678248989,US,TD,triads,airplane,tax_match,TRUE
SS1651678248989,US,TD,triads,bowl,tax_match,FALSE
SS1651678249603,US,TD,triads,legs,tax_match,TRUE
SS1651678249603,US,TD,triads,saw,tax_match,FALSE
SS1651678249603,US,TD,triads,notepad,tax_match,TRUE
SS1651678249603,US,TD,triads,ring,tax_match,TRUE
SS1651678249603,US,TD,triads,airplane,tax_match,FALSE
SS1651678249603,US,TD,triads,dress,tax_match,TRUE
SS1651678249603,US,TD,triads,spoon,tax_match,TRUE
SS1651678250397,US,TD,triads,bee,tax_match,FALSE
SS1651678250397,US,TD,triads,boot,tax_match,FALSE
SS1651678250397,US,TD,triads,legs,tax_match,FALSE
SS1651678250397,US,TD,triads,notepad,tax_match,TRUE
SS1651678250397,US,TD,triads,elephant,tax_match,TRUE
SS1651678250397,US,TD,triads,airplane,tax_match,FALSE
SS1651678250397,US,TD,triads,spoon,tax_match,TRUE
SS1651678250397,US,TD,triads,teacup,tax_match,FALSE
SS1651678250397,US,TD,triads,bowl,tax_match,FALSE
SS1651678252363,US,TD,triads,bee,tax_match,TRUE
SS1651678252363,US,TD,triads,boot,tax_match,TRUE
SS1651678252363,US,TD,triads,goat,tax_match,TRUE
SS1651678252363,US,TD,triads,elephant,tax_match,TRUE
SS1651678252363,US,TD,triads,teacher,tax_match,FALSE
SS1651678252363,US,TD,triads,dress,tax_match,TRUE
SS1651678252363,US,TD,triads,spoon,tax_match,TRUE
SS1651678252363,US,TD,triads,teacup,tax_match,TRUE
SS1651678252363,US,TD,triads,pigeon,tax_match,TRUE
SS1651678252363,US,TD,triads,bowl,tax_match,TRUE
SS1651678252935,US,TD,triads,bee,tax_match,TRUE
SS1651678252935,US,TD,triads,ring,tax_match,FALSE
SS1651678252935,US,TD,triads,airplane,tax_match,FALSE
SS1651678252935,US,TD,triads,teacup,tax_match,FALSE
SS1651678252935,US,TD,triads,pigeon,tax_match,FALSE
SS1651678253736,US,TD,triads,boot,tax_match,FALSE
SS1651678253736,US,TD,triads,legs,tax_match,FALSE
SS1651678253736,US,TD,triads,saw,tax_match,FALSE
SS1651678253736,US,TD,triads,notepad,tax_match,FALSE
SS1651678253736,US,TD,triads,ring,tax_match,FALSE
SS1651678253736,US,TD,triads,elephant,tax_match,FALSE
SS1651678253736,US,TD,triads,teacher,tax_match,FALSE
SS1651678253736,US,TD,triads,dress,tax_match,FALSE
SS1651678253736,US,TD,triads,spoon,tax_match,TRUE
SS1651678253736,US,TD,triads,pigeon,tax_match,TRUE
SS1651678253736,US,TD,triads,bowl,tax_match,FALSE
SS1651678256204,US,TD,triads,legs,tax_match,FALSE
SS1651678256204,US,TD,triads,notepad,tax_match,TRUE
SS1651678256204,US,TD,triads,ring,tax_match,FALSE
SS1651678256204,US,TD,triads,teacher,tax_match,FALSE
SS1651678256204,US,TD,triads,dress,tax_match,TRUE
SS1651678256204,US,TD,triads,pigeon,tax_match,TRUE
SS1651678256204,US,TD,triads,bowl,tax_match,FALSE
SS1651678257395,US,TD,triads,saw,tax_match,FALSE
SS1651678257395,US,TD,triads,notepad,tax_match,TRUE
SS1651678257395,US,TD,triads,elephant,tax_match,TRUE
SS1651678257395,US,TD,triads,teacher,tax_match,TRUE
SS1651678257395,US,TD,triads,teacup,tax_match,TRUE
SS1651678258791,US,TD,triads,boot,tax_match,FALSE
SS1651678258791,US,TD,triads,legs,tax_match,FALSE
SS1651678258791,US,TD,triads,saw,tax_match,FALSE
SS1651678258791,US,TD,triads,dress,tax_match,TRUE
SS1651678258791,US,TD,triads,pigeon,tax_match,FALSE
SS1651678259296,US,TD,triads,bee,tax_match,TRUE
SS1651678259296,US,TD,triads,boot,tax_match,TRUE
SS1651678259296,US,TD,triads,goat,tax_match,TRUE
SS1651678259296,US,TD,triads,legs,tax_match,TRUE
SS1651678259296,US,TD,triads,notepad,tax_match,TRUE
SS1651678259296,US,TD,triads,ring,tax_match,TRUE
SS1651678259296,US,TD,triads,dress,tax_match,TRUE
SS1651678259296,US,TD,triads,bowl,tax_match,TRUE
SS1651678260164,US,TD,triads,notepad,tax_match,TRUE
SS1651678260164,US,TD,triads,ring,tax_match,TRUE
SS1651678260164,US,TD,triads,airplane,tax_match,TRUE
SS1651678260164,US,TD,triads,dress,tax_match,TRUE
SS1651678260164,US,TD,triads,spoon,tax_match,FALSE
SS1651678260164,US,TD,triads,teacup,tax_match,TRUE
SS1651678260164,US,TD,triads,bowl,tax_match,TRUE
SS1651678260331,US,TD,triads,boot,tax_match,TRUE
SS1651678260331,US,TD,triads,legs,tax_match,TRUE
SS1651678260331,US,TD,triads,airplane,tax_match,TRUE
SS1651678260331,US,TD,triads,dress,tax_match,TRUE
SS1651678260331,US,TD,triads,spoon,tax_match,TRUE
SS1651678260331,US,TD,triads,pigeon,tax_match,TRUE
SS1651678260331,US,TD,triads,bowl,tax_match,TRUE
SS1651678260663,US,TD,triads,bee,tax_match,TRUE
SS1651678260663,US,TD,triads,goat,tax_match,TRUE
SS1651678260663,US,TD,triads,notepad,tax_match,TRUE
SS1651678260663,US,TD,triads,airplane,tax_match,TRUE
SS1651678260663,US,TD,triads,dress,tax_match,TRUE
SS1651678260663,US,TD,triads,spoon,tax_match,TRUE
SS1651678261063,US,TD,triads,bee,tax_match,FALSE
SS1651678261063,US,TD,triads,boot,tax_match,TRUE
SS1651678261063,US,TD,triads,goat,tax_match,TRUE
SS1651678261063,US,TD,triads,ring,tax_match,FALSE
SS1651678261063,US,TD,triads,elephant,tax_match,TRUE
SS1651678261063,US,TD,triads,airplane,tax_match,TRUE
SS1651678261063,US,TD,triads,teacup,tax_match,FALSE
SS1651678261912,US,TD,triads,legs,tax_match,TRUE
SS1651678261912,US,TD,triads,notepad,tax_match,TRUE
SS1651678261912,US,TD,triads,ring,tax_match,TRUE
SS1651678261912,US,TD,triads,airplane,tax_match,FALSE
SS1651678261912,US,TD,triads,spoon,tax_match,TRUE
SS1651678261912,US,TD,triads,teacup,tax_match,FALSE
SS1651678261912,US,TD,triads,pigeon,tax_match,FALSE
SS1651678261912,US,TD,triads,bowl,tax_match,FALSE
SS1651678262590,US,TD,triads,goat,tax_match,TRUE
SS1651678262590,US,TD,triads,saw,tax_match,FALSE
SS1651678262590,US,TD,triads,ring,tax_match,TRUE
SS1651678262590,US,TD,triads,elephant,tax_match,TRUE
SS1651678262590,US,TD,triads,teacher,tax_match,FALSE
SS1651678262590,US,TD,triads,spoon,tax_match,TRUE
SS1651678262590,US,TD,triads,teacup,tax_match,TRUE
SS1651678262854,US,TD,triads,boot,tax_match,TRUE
SS1651678262854,US,TD,triads,legs,tax_match,FALSE
SS1651678262854,US,TD,triads,saw,tax_match,FALSE
SS1651678262854,US,TD,triads,notepad,tax_match,TRUE
SS1651678262854,US,TD,triads,ring,tax_match,TRUE
SS1651678262854,US,TD,triads,teacher,tax_match,TRUE
SS1651678262854,US,TD,triads,spoon,tax_match,TRUE
SS1651678262854,US,TD,triads,bowl,tax_match,TRUE
SS1651678263725,US,TD,triads,legs,tax_match,TRUE
SS1651678263725,US,TD,triads,saw,tax_match,FALSE
SS1651678263725,US,TD,triads,elephant,tax_match,TRUE
SS1651678263725,US,TD,triads,teacher,tax_match,FALSE
SS1651678263725,US,TD,triads,airplane,tax_match,TRUE
SS1651678263725,US,TD,triads,dress,tax_match,TRUE
SS1651678263725,US,TD,triads,teacup,tax_match,FALSE
SS1651678263725,US,TD,triads,pigeon,tax_match,TRUE
SS1651678263725,US,TD,triads,bowl,tax_match,TRUE
SS1651678265100,US,TD,triads,bee,tax_match,TRUE
SS1651678265100,US,TD,triads,boot,tax_match,TRUE
SS1651678265100,US,TD,triads,goat,tax_match,TRUE
SS1651678265100,US,TD,triads,legs,tax_match,TRUE
SS1651678265100,US,TD,triads,saw,tax_match,FALSE
SS1651678265100,US,TD,triads,notepad,tax_match,TRUE
SS1651678265100,US,TD,triads,ring,tax_match,TRUE
SS1651678265100,US,TD,triads,airplane,tax_match,TRUE
SS1651678265100,US,TD,triads,dress,tax_match,TRUE
SS1651678265263,US,TD,triads,bee,tax_match,TRUE
SS1651678265263,US,TD,triads,saw,tax_match,FALSE
SS1651678265263,US,TD,triads,notepad,tax_match,TRUE
SS1651678265263,US,TD,triads,elephant,tax_match,TRUE
SS1651678265263,US,TD,triads,airplane,tax_match,TRUE
SS1651678265263,US,TD,triads,spoon,tax_match,TRUE
SS1651678267011,US,TD,triads,saw,tax_match,FALSE
SS1651678267011,US,TD,triads,notepad,tax_match,TRUE
SS1651678267011,US,TD,triads,ring,tax_match,TRUE
SS1651678267011,US,TD,triads,elephant,tax_match,TRUE
SS1651678267011,US,TD,triads,teacher,tax_match,TRUE
SS1651678267011,US,TD,triads,dress,tax_match,TRUE
SS1651678267011,US,TD,triads,spoon,tax_match,TRUE
SS1651678267011,US,TD,triads,teacup,tax_match,FALSE
SS1651678267011,US,TD,triads,bowl,tax_match,TRUE
SS1651678267140,US,TD,triads,bee,tax_match,TRUE
SS1651678267140,US,TD,triads,notepad,tax_match,TRUE
SS1651678267140,US,TD,triads,elephant,tax_match,TRUE
SS1651678267140,US,TD,triads,teacher,tax_match,TRUE
SS1651678267140,US,TD,triads,airplane,tax_match,FALSE
SS1651678267140,US,TD,triads,bowl,tax_match,TRUE
SS1651678267405,US,TD,triads,bee,tax_match,TRUE
SS1651678267405,US,TD,triads,goat,tax_match,TRUE
SS1651678267405,US,TD,triads,legs,tax_match,TRUE
SS1651678267405,US,TD,triads,notepad,tax_match,TRUE
SS1651678267405,US,TD,triads,teacher,tax_match,FALSE
SS1651678267405,US,TD,triads,airplane,tax_match,TRUE
SS1651678267405,US,TD,triads,dress,tax_match,TRUE
SS1651678267405,US,TD,triads,spoon,tax_match,TRUE
SS1651678267405,US,TD,triads,teacup,tax_match,TRUE
SS1651678267405,US,TD,triads,pigeon,tax_match,TRUE
SS1651678268119,US,TD,triads,boot,tax_match,FALSE
SS1651678268119,US,TD,triads,saw,tax_match,FALSE
SS1651678268119,US,TD,triads,ring,tax_match,FALSE
SS1651678268119,US,TD,triads,airplane,tax_match,TRUE
SS1651678268119,US,TD,triads,pigeon,tax_match,TRUE
SS1651678268119,US,TD,triads,bowl,tax_match,FALSE
SS1651678270245,US,TD,triads,boot,tax_match,TRUE
SS1651678270245,US,TD,triads,notepad,tax_match,TRUE
SS1651678270245,US,TD,triads,dress,tax_match,TRUE
SS1651678270245,US,TD,triads,teacup,tax_match,TRUE
SS1651678270245,US,TD,triads,pigeon,tax_match,TRUE
SS1651678270524,US,TD,triads,boot,tax_match,TRUE
SS1651678270524,US,TD,triads,goat,tax_match,TRUE
SS1651678270524,US,TD,triads,saw,tax_match,FALSE
SS1651678270524,US,TD,triads,notepad,tax_match,TRUE
SS1651678270524,US,TD,triads,elephant,tax_match,TRUE
SS1651678270524,US,TD,triads,airplane,tax_match,TRUE
SS1651678270524,US,TD,triads,spoon,tax_match,TRUE
SS1651678271326,US,TD,triads,boot,tax_match,TRUE
SS1651678271326,US,TD,triads,goat,tax_match,TRUE
SS1651678271326,US,TD,triads,legs,tax_match,TRUE
SS1651678271326,US,TD,triads,saw,tax_match,FALSE
SS1651678271326,US,TD,triads,notepad,tax_match,TRUE
SS1651678271326,US,TD,triads,elephant,tax_match,TRUE
SS1651678271326,US,TD,triads,teacher,tax_match,TRUE
SS1651678271326,US,TD,triads,dress,tax_match,TRUE
SS1651678271326,US,TD,triads,spoon,tax_match,TRUE
SS1651678271326,US,TD,triads,teacup,tax_match,TRUE
SS1651678271326,US,TD,triads,pigeon,tax_match,TRUE
SS1651678274966,US,TD,triads,bee,tax_match,TRUE
SS1651678274966,US,TD,triads,boot,tax_match,TRUE
SS1651678274966,US,TD,triads,ring,tax_match,TRUE
SS1651678274966,US,TD,triads,airplane,tax_match,TRUE
SS1651678274966,US,TD,triads,teacup,tax_match,TRUE
SS1651678274966,US,TD,triads,pigeon,tax_match,TRUE
SS1651678278178,US,TD,triads,goat,tax_match,TRUE
SS1651678278178,US,TD,triads,notepad,tax_match,TRUE
SS1651678278178,US,TD,triads,teacher,tax_match,TRUE
SS1651678278178,US,TD,triads,airplane,tax_match,TRUE
SS1651678278178,US,TD,triads,spoon,tax_match,TRUE
SS1651678278178,US,TD,triads,teacup,tax_match,TRUE
SS1651678278178,US,TD,triads,pigeon,tax_match,TRUE
SS1651678278178,US,TD,triads,bowl,tax_match,TRUE
SS1651678298946,US,TD,triads,bee,tax_match,TRUE
SS1651678298946,US,TD,triads,boot,tax_match,TRUE
SS1651678298946,US,TD,triads,goat,tax_match,TRUE
SS1651678298946,US,TD,triads,ring,tax_match,TRUE
SS1651678298946,US,TD,triads,dress,tax_match,TRUE
SS1651678298946,US,TD,triads,spoon,tax_match,TRUE
SS1651678298946,US,TD,triads,bowl,tax_match,FALSE
SS1651678302508,US,TD,triads,bee,tax_match,TRUE
SS1651678302508,US,TD,triads,goat,tax_match,TRUE
SS1651678302508,US,TD,triads,legs,tax_match,TRUE
SS1651678302508,US,TD,triads,notepad,tax_match,TRUE
SS1651678302508,US,TD,triads,elephant,tax_match,TRUE
SS1651678302508,US,TD,triads,airplane,tax_match,TRUE
SS1651678302508,US,TD,triads,dress,tax_match,TRUE
SS1651678302508,US,TD,triads,spoon,tax_match,TRUE
SS1651678302508,US,TD,triads,bowl,tax_match,TRUE
SS1651678327719,US,TD,triads,bee,tax_match,TRUE
SS1651678327719,US,TD,triads,goat,tax_match,TRUE
SS1651678327719,US,TD,triads,ring,tax_match,FALSE
SS1651678327719,US,TD,triads,elephant,tax_match,TRUE
SS1651678327719,US,TD,triads,airplane,tax_match,TRUE
SS1651678327719,US,TD,triads,dress,tax_match,TRUE
SS1651678327719,US,TD,triads,spoon,tax_match,TRUE
SS1651678327719,US,TD,triads,pigeon,tax_match,TRUE
SS1651678327719,US,TD,triads,bowl,tax_match,TRUE
SS1651678328286,US,TD,triads,bee,tax_match,TRUE
SS1651678328286,US,TD,triads,boot,tax_match,TRUE
SS1651678328286,US,TD,triads,legs,tax_match,FALSE
SS1651678328286,US,TD,triads,ring,tax_match,TRUE
SS1651678328286,US,TD,triads,elephant,tax_match,TRUE
SS1651678328286,US,TD,triads,airplane,tax_match,TRUE
SS1651678328286,US,TD,triads,pigeon,tax_match,FALSE
SS1651678328286,US,TD,triads,bowl,tax_match,TRUE
SS1651678331156,US,TD,triads,bee,tax_match,TRUE
SS1651678331156,US,TD,triads,saw,tax_match,FALSE
SS1651678331156,US,TD,triads,notepad,tax_match,TRUE
SS1651678331156,US,TD,triads,ring,tax_match,TRUE
SS1651678331156,US,TD,triads,dress,tax_match,TRUE
SS1651678331156,US,TD,triads,teacup,tax_match,FALSE
SS1651678331156,US,TD,triads,pigeon,tax_match,TRUE
SS1651678331156,US,TD,triads,bowl,tax_match,TRUE
SS1651678353530,US,TD,triads,goat,tax_match,TRUE
SS1651678353530,US,TD,triads,legs,tax_match,TRUE
SS1651678353530,US,TD,triads,notepad,tax_match,TRUE
SS1651678353530,US,TD,triads,teacher,tax_match,FALSE
SS1651678353530,US,TD,triads,dress,tax_match,TRUE
SS1651678353530,US,TD,triads,spoon,tax_match,TRUE
SS1651678353530,US,TD,triads,pigeon,tax_match,TRUE
SS1651678384991,US,TD,triads,bee,tax_match,FALSE
SS1651678384991,US,TD,triads,legs,tax_match,TRUE
SS1651678384991,US,TD,triads,saw,tax_match,FALSE
SS1651678384991,US,TD,triads,ring,tax_match,FALSE
SS1651678384991,US,TD,triads,teacher,tax_match,FALSE
SS1651678384991,US,TD,triads,airplane,tax_match,TRUE
SS1651678384991,US,TD,triads,teacup,tax_match,FALSE
SS1651678384991,US,TD,triads,bowl,tax_match,FALSE
SS1651678386286,US,TD,triads,boot,tax_match,TRUE
SS1651678386286,US,TD,triads,goat,tax_match,TRUE
SS1651678386286,US,TD,triads,legs,tax_match,TRUE
SS1651678386286,US,TD,triads,elephant,tax_match,FALSE
SS1651678386286,US,TD,triads,dress,tax_match,TRUE
SS1651678386286,US,TD,triads,teacup,tax_match,FALSE
SS1651678386286,US,TD,triads,bowl,tax_match,FALSE
SS1651678409670,US,TD,triads,bee,tax_match,TRUE
SS1651678409670,US,TD,triads,boot,tax_match,FALSE
SS1651678409670,US,TD,triads,legs,tax_match,FALSE
SS1651678409670,US,TD,triads,saw,tax_match,FALSE
SS1651678409670,US,TD,triads,notepad,tax_match,TRUE
SS1651678409670,US,TD,triads,spoon,tax_match,TRUE
SS1651678409670,US,TD,triads,teacup,tax_match,TRUE
SS1651678434328,US,TD,triads,boot,tax_match,TRUE
SS1651678434328,US,TD,triads,saw,tax_match,FALSE
SS1651678434328,US,TD,triads,notepad,tax_match,TRUE
SS1651678434328,US,TD,triads,ring,tax_match,TRUE
SS1651678434328,US,TD,triads,elephant,tax_match,TRUE
SS1651678434328,US,TD,triads,teacher,tax_match,TRUE
SS1651678434328,US,TD,triads,airplane,tax_match,TRUE
SS1651678434328,US,TD,triads,dress,tax_match,TRUE
SS1651678434328,US,TD,triads,bowl,tax_match,TRUE
SS1651678459452,US,TD,triads,goat,tax_match,FALSE
SS1651678459452,US,TD,triads,legs,tax_match,FALSE
SS1651678459452,US,TD,triads,notepad,tax_match,TRUE
SS1651678459452,US,TD,triads,teacher,tax_match,FALSE
SS1651678459452,US,TD,triads,dress,tax_match,TRUE
SS1651678459452,US,TD,triads,spoon,tax_match,TRUE
SS1651678459452,US,TD,triads,teacup,tax_match,FALSE
SS1651678459452,US,TD,triads,bowl,tax_match,TRUE
SS1651678462364,US,TD,triads,bee,tax_match,TRUE
SS1651678462364,US,TD,triads,boot,tax_match,TRUE
SS1651678462364,US,TD,triads,legs,tax_match,TRUE
SS1651678462364,US,TD,triads,saw,tax_match,FALSE
SS1651678462364,US,TD,triads,notepad,tax_match,TRUE
SS1651678462364,US,TD,triads,ring,tax_match,TRUE
SS1651678462364,US,TD,triads,elephant,tax_match,TRUE
SS1651678462364,US,TD,triads,airplane,tax_match,TRUE
SS1651678462364,US,TD,triads,bowl,tax_match,TRUE
SS1651678474300,US,TD,triads,goat,tax_match,TRUE
SS1651678474300,US,TD,triads,notepad,tax_match,TRUE
SS1651678474300,US,TD,triads,elephant,tax_match,TRUE
SS1651678474300,US,TD,triads,teacher,tax_match,TRUE
SS1651678474300,US,TD,triads,bowl,tax_match,TRUE
SS1651678537895,US,TD,triads,bee,tax_match,TRUE
SS1651678537895,US,TD,triads,boot,tax_match,TRUE
SS1651678537895,US,TD,triads,goat,tax_match,TRUE
SS1651678537895,US,TD,triads,legs,tax_match,TRUE
SS1651678537895,US,TD,triads,teacher,tax_match,TRUE
SS1651678537895,US,TD,triads,dress,tax_match,TRUE
SS1651678537895,US,TD,triads,pigeon,tax_match,TRUE
SS1651678537895,US,TD,triads,bowl,tax_match,TRUE
SS1651678538948,US,TD,triads,boot,tax_match,TRUE
SS1651678538948,US,TD,triads,legs,tax_match,FALSE
SS1651678538948,US,TD,triads,saw,tax_match,FALSE
SS1651678538948,US,TD,triads,notepad,tax_match,TRUE
SS1651678538948,US,TD,triads,ring,tax_match,TRUE
SS1651678538948,US,TD,triads,teacher,tax_match,FALSE
SS1651678538948,US,TD,triads,bowl,tax_match,TRUE
SS1651678556653,US,TD,triads,goat,tax_match,TRUE
SS1651678556653,US,TD,triads,saw,tax_match,FALSE
SS1651678556653,US,TD,triads,notepad,tax_match,TRUE
SS1651678556653,US,TD,triads,ring,tax_match,TRUE
SS1651678556653,US,TD,triads,elephant,tax_match,TRUE
SS1651678556653,US,TD,triads,teacher,tax_match,TRUE
SS1651678556653,US,TD,triads,teacup,tax_match,TRUE
SS1651678559284,US,TD,triads,bee,tax_match,FALSE
SS1651678559284,US,TD,triads,boot,tax_match,FALSE
SS1651678559284,US,TD,triads,legs,tax_match,FALSE
SS1651678559284,US,TD,triads,saw,tax_match,FALSE
SS1651678559284,US,TD,triads,notepad,tax_match,TRUE
SS1651678559284,US,TD,triads,teacher,tax_match,FALSE
SS1651678559284,US,TD,triads,dress,tax_match,FALSE
SS1651678559284,US,TD,triads,teacup,tax_match,FALSE
SS1651678559284,US,TD,triads,bowl,tax_match,TRUE
SS1651678574838,US,TD,triads,boot,tax_match,TRUE
SS1651678574838,US,TD,triads,goat,tax_match,TRUE
SS1651678574838,US,TD,triads,legs,tax_match,TRUE
SS1651678574838,US,TD,triads,saw,tax_match,FALSE
SS1651678574838,US,TD,triads,ring,tax_match,TRUE
SS1651678574838,US,TD,triads,teacher,tax_match,FALSE
SS1651678574838,US,TD,triads,spoon,tax_match,TRUE
SS1651678574838,US,TD,triads,bowl,tax_match,TRUE
SS1651678625157,US,TD,triads,goat,tax_match,TRUE
SS1651678625157,US,TD,triads,legs,tax_match,FALSE
SS1651678625157,US,TD,triads,ring,tax_match,FALSE
SS1651678625157,US,TD,triads,elephant,tax_match,FALSE
SS1651678625157,US,TD,triads,teacher,tax_match,FALSE
SS1651678625157,US,TD,triads,spoon,tax_match,TRUE
SS1651678625157,US,TD,triads,teacup,tax_match,TRUE
SS1651678626616,US,TD,triads,bee,tax_match,TRUE
SS1651678626616,US,TD,triads,legs,tax_match,FALSE
SS1651678626616,US,TD,triads,saw,tax_match,FALSE
SS1651678626616,US,TD,triads,notepad,tax_match,TRUE
SS1651678626616,US,TD,triads,ring,tax_match,FALSE
SS1651678626616,US,TD,triads,elephant,tax_match,FALSE
SS1651678626616,US,TD,triads,bowl,tax_match,TRUE
SS1651678635745,US,TD,triads,bee,tax_match,FALSE
SS1651678635745,US,TD,triads,boot,tax_match,TRUE
SS1651678635745,US,TD,triads,goat,tax_match,FALSE
SS1651678635745,US,TD,triads,ring,tax_match,FALSE
SS1651678635745,US,TD,triads,elephant,tax_match,FALSE
SS1651678635745,US,TD,triads,teacher,tax_match,FALSE
SS1651678635745,US,TD,triads,airplane,tax_match,TRUE
SS1651678635745,US,TD,triads,teacup,tax_match,FALSE
SS1651678635745,US,TD,triads,pigeon,tax_match,TRUE
SS1651678637077,US,TD,triads,bee,tax_match,TRUE
SS1651678637077,US,TD,triads,goat,tax_match,TRUE
SS1651678637077,US,TD,triads,saw,tax_match,FALSE
SS1651678637077,US,TD,triads,elephant,tax_match,TRUE
SS1651678637077,US,TD,triads,teacher,tax_match,TRUE
SS1651678637077,US,TD,triads,airplane,tax_match,TRUE
SS1651678637077,US,TD,triads,teacup,tax_match,TRUE
SS1651678637077,US,TD,triads,pigeon,tax_match,TRUE
SS1651678701050,US,TD,triads,bee,tax_match,TRUE
SS1651678701050,US,TD,triads,boot,tax_match,TRUE
SS1651678701050,US,TD,triads,goat,tax_match,FALSE
SS1651678701050,US,TD,triads,legs,tax_match,FALSE
SS1651678701050,US,TD,triads,notepad,tax_match,TRUE
SS1651678701050,US,TD,triads,ring,tax_match,FALSE
SS1651678701050,US,TD,triads,elephant,tax_match,FALSE
SS1651678701050,US,TD,triads,teacup,tax_match,TRUE
SS1651678717637,US,TD,triads,boot,tax_match,FALSE
SS1651678717637,US,TD,triads,saw,tax_match,FALSE
SS1651678717637,US,TD,triads,notepad,tax_match,TRUE
SS1651678717637,US,TD,triads,teacher,tax_match,TRUE
SS1651678717637,US,TD,triads,dress,tax_match,FALSE
SS1651678717637,US,TD,triads,teacup,tax_match,FALSE
SS1651678717637,US,TD,triads,pigeon,tax_match,TRUE
SS1651678717637,US,TD,triads,bowl,tax_match,TRUE
SS1651678770686,US,TD,triads,boot,tax_match,TRUE
SS1651678770686,US,TD,triads,goat,tax_match,TRUE
SS1651678770686,US,TD,triads,legs,tax_match,TRUE
SS1651678770686,US,TD,triads,saw,tax_match,FALSE
SS1651678770686,US,TD,triads,airplane,tax_match,TRUE
SS1651678770686,US,TD,triads,dress,tax_match,TRUE
SS1651678809453,US,TD,triads,bee,tax_match,TRUE
SS1651678809453,US,TD,triads,boot,tax_match,TRUE
SS1651678809453,US,TD,triads,legs,tax_match,TRUE
SS1651678809453,US,TD,triads,saw,tax_match,FALSE
SS1651678809453,US,TD,triads,ring,tax_match,TRUE
SS1651678809453,US,TD,triads,elephant,tax_match,TRUE
SS1651678809453,US,TD,triads,dress,tax_match,TRUE
SS1651678955017,US,TD,triads,goat,tax_match,TRUE
SS1651678955017,US,TD,triads,saw,tax_match,FALSE
SS1651678955017,US,TD,triads,notepad,tax_match,TRUE
SS1651678955017,US,TD,triads,spoon,tax_match,TRUE
SS1651678955017,US,TD,triads,teacup,tax_match,FALSE
SS1651678955017,US,TD,triads,pigeon,tax_match,TRUE
SS1651679034205,US,TD,triads,bee,tax_match,TRUE
SS1651679034205,US,TD,triads,notepad,tax_match,TRUE
SS1651679034205,US,TD,triads,elephant,tax_match,TRUE
SS1651679034205,US,TD,triads,airplane,tax_match,TRUE
SS1651679034205,US,TD,triads,spoon,tax_match,TRUE
SS1651679034205,US,TD,triads,pigeon,tax_match,TRUE
SS1651679034205,US,TD,triads,bowl,tax_match,FALSE
SS1651679448134,US,TD,triads,bee,tax_match,TRUE
SS1651679448134,US,TD,triads,saw,tax_match,FALSE
SS1651679448134,US,TD,triads,airplane,tax_match,TRUE
SS1651679448134,US,TD,triads,dress,tax_match,TRUE
SS1651679448134,US,TD,triads,spoon,tax_match,TRUE
SS1651679534071,US,TD,triads,bee,tax_match,TRUE
SS1651679534071,US,TD,triads,legs,tax_match,TRUE
SS1651679534071,US,TD,triads,notepad,tax_match,TRUE
SS1651679534071,US,TD,triads,elephant,tax_match,TRUE
SS1651679534071,US,TD,triads,teacher,tax_match,TRUE
SS1651679534071,US,TD,triads,airplane,tax_match,TRUE
SS1651679534071,US,TD,triads,pigeon,tax_match,TRUE
SS1651679569580,US,TD,triads,legs,tax_match,TRUE
SS1651679569580,US,TD,triads,saw,tax_match,FALSE
SS1651679569580,US,TD,triads,notepad,tax_match,TRUE
SS1651679569580,US,TD,triads,ring,tax_match,FALSE
SS1651679569580,US,TD,triads,teacher,tax_match,TRUE
SS1651679569580,US,TD,triads,spoon,tax_match,TRUE
SS1651679569580,US,TD,triads,teacup,tax_match,TRUE
SS1651679629301,US,TD,triads,bee,tax_match,TRUE
SS1651679629301,US,TD,triads,boot,tax_match,TRUE
SS1651679629301,US,TD,triads,saw,tax_match,FALSE
SS1651679629301,US,TD,triads,elephant,tax_match,TRUE
SS1651679629301,US,TD,triads,teacher,tax_match,TRUE
SS1651679629301,US,TD,triads,airplane,tax_match,TRUE
SS1651679629301,US,TD,triads,dress,tax_match,TRUE
SS1651679629301,US,TD,triads,spoon,tax_match,TRUE
SS1651679629301,US,TD,triads,teacup,tax_match,TRUE
SS1651679629301,US,TD,triads,pigeon,tax_match,TRUE
SS1651679984067,US,TD,triads,bee,tax_match,TRUE
SS1651679984067,US,TD,triads,legs,tax_match,FALSE
SS1651679984067,US,TD,triads,saw,tax_match,FALSE
SS1651679984067,US,TD,triads,elephant,tax_match,TRUE
SS1651679984067,US,TD,triads,dress,tax_match,FALSE
SS1651679984067,US,TD,triads,teacup,tax_match,FALSE
SS1651679984067,US,TD,triads,pigeon,tax_match,FALSE
SS1651680129189,US,TD,triads,goat,tax_match,TRUE
SS1651680129189,US,TD,triads,saw,tax_match,FALSE
SS1651680129189,US,TD,triads,notepad,tax_match,TRUE
SS1651680129189,US,TD,triads,ring,tax_match,TRUE
SS1651680129189,US,TD,triads,spoon,tax_match,TRUE
SS1651680129189,US,TD,triads,teacup,tax_match,TRUE
SS1651680129189,US,TD,triads,bowl,tax_match,TRUE
SS1651680530568,US,TD,triads,goat,tax_match,TRUE
SS1651680530568,US,TD,triads,legs,tax_match,FALSE
SS1651680530568,US,TD,triads,saw,tax_match,FALSE
SS1651680530568,US,TD,triads,notepad,tax_match,TRUE
SS1651680530568,US,TD,triads,elephant,tax_match,TRUE
SS1651680530568,US,TD,triads,teacher,tax_match,FALSE
SS1651680530568,US,TD,triads,airplane,tax_match,TRUE
SS1651680530568,US,TD,triads,spoon,tax_match,TRUE
SS1651680530568,US,TD,triads,teacup,tax_match,TRUE
SS1651680530568,US,TD,triads,bowl,tax_match,TRUE
SS1651680818305,US,TD,triads,boot,tax_match,TRUE
SS1651680818305,US,TD,triads,goat,tax_match,TRUE
SS1651680818305,US,TD,triads,saw,tax_match,FALSE
SS1651680818305,US,TD,triads,notepad,tax_match,TRUE
SS1651680818305,US,TD,triads,elephant,tax_match,TRUE
SS1651680818305,US,TD,triads,airplane,tax_match,TRUE
SS1651680818305,US,TD,triads,spoon,tax_match,TRUE
SS1651680994828,US,TD,triads,bee,tax_match,TRUE
SS1651680994828,US,TD,triads,legs,tax_match,TRUE
SS1651680994828,US,TD,triads,notepad,tax_match,TRUE
SS1651680994828,US,TD,triads,ring,tax_match,TRUE
SS1651680994828,US,TD,triads,airplane,tax_match,TRUE
SS1651680994828,US,TD,triads,dress,tax_match,TRUE
SS1651680994828,US,TD,triads,spoon,tax_match,TRUE
SS1651680994828,US,TD,triads,teacup,tax_match,FALSE
SS1651681877580,US,TD,triads,legs,tax_match,FALSE
SS1651681877580,US,TD,triads,saw,tax_match,FALSE
SS1651681877580,US,TD,triads,notepad,tax_match,TRUE
SS1651681877580,US,TD,triads,teacher,tax_match,TRUE
SS1651681877580,US,TD,triads,airplane,tax_match,TRUE
SS1651681877580,US,TD,triads,pigeon,tax_match,FALSE
SS1651681877580,US,TD,triads,bowl,tax_match,TRUE
SS1651682805154,US,TD,triads,goat,tax_match,TRUE
SS1651682805154,US,TD,triads,legs,tax_match,TRUE
SS1651682805154,US,TD,triads,saw,tax_match,FALSE
SS1651682805154,US,TD,triads,ring,tax_match,TRUE
SS1651682805154,US,TD,triads,teacher,tax_match,TRUE
SS1651682805154,US,TD,triads,airplane,tax_match,TRUE
SS1651682805154,US,TD,triads,dress,tax_match,TRUE
SS1651682805154,US,TD,triads,spoon,tax_match,TRUE
SS1651682805154,US,TD,triads,teacup,tax_match,TRUE
SS1651682805154,US,TD,triads,pigeon,tax_match,TRUE
SS1651687447221,US,TD,triads,saw,tax_match,FALSE
SS1651687447221,US,TD,triads,notepad,tax_match,TRUE
SS1651687447221,US,TD,triads,elephant,tax_match,FALSE
SS1651687447221,US,TD,triads,spoon,tax_match,TRUE
SS1651687447221,US,TD,triads,teacup,tax_match,TRUE
SS1651687447221,US,TD,triads,pigeon,tax_match,TRUE
SS1651689857645,US,TD,triads,bee,tax_match,TRUE
SS1651689857645,US,TD,triads,boot,tax_match,FALSE
SS1651689857645,US,TD,triads,legs,tax_match,FALSE
SS1651689857645,US,TD,triads,saw,tax_match,FALSE
SS1651689857645,US,TD,triads,notepad,tax_match,FALSE
SS1651689857645,US,TD,triads,ring,tax_match,FALSE
SS1651689857645,US,TD,triads,airplane,tax_match,TRUE
SS1651689857645,US,TD,triads,pigeon,tax_match,TRUE
SS1651690446636,US,TD,triads,bee,tax_match,FALSE
SS1651690446636,US,TD,triads,legs,tax_match,FALSE
SS1651690446636,US,TD,triads,ring,tax_match,TRUE
SS1651690446636,US,TD,triads,elephant,tax_match,TRUE
SS1651690446636,US,TD,triads,teacher,tax_match,TRUE
SS1651690446636,US,TD,triads,airplane,tax_match,TRUE
SS1651690446636,US,TD,triads,dress,tax_match,FALSE
SS1651690446636,US,TD,triads,pigeon,tax_match,FALSE
SS1651690626669,US,TD,triads,bee,tax_match,FALSE
SS1651690626669,US,TD,triads,goat,tax_match,TRUE
SS1651690626669,US,TD,triads,legs,tax_match,FALSE
SS1651690626669,US,TD,triads,ring,tax_match,FALSE
SS1651690626669,US,TD,triads,dress,tax_match,TRUE
SS1651690626669,US,TD,triads,spoon,tax_match,TRUE
SS1651690626669,US,TD,triads,teacup,tax_match,FALSE
SS1651690672320,US,TD,triads,bee,tax_match,TRUE
SS1651690672320,US,TD,triads,airplane,tax_match,TRUE
SS1651690672320,US,TD,triads,dress,tax_match,TRUE
SS1651690674639,US,TD,triads,legs,tax_match,TRUE
SS1651690674639,US,TD,triads,notepad,tax_match,TRUE
SS1651690674639,US,TD,triads,elephant,tax_match,TRUE
SS1651690674639,US,TD,triads,teacher,tax_match,FALSE
SS1651690674639,US,TD,triads,spoon,tax_match,TRUE
SS1651690674639,US,TD,triads,teacup,tax_match,FALSE
SS1651690678231,US,TD,triads,bee,tax_match,TRUE
SS1651690678231,US,TD,triads,boot,tax_match,TRUE
SS1651690678231,US,TD,triads,legs,tax_match,TRUE
SS1651690678231,US,TD,triads,elephant,tax_match,TRUE
SS1651690678231,US,TD,triads,teacher,tax_match,FALSE
SS1651690678231,US,TD,triads,airplane,tax_match,TRUE
SS1651690678231,US,TD,triads,dress,tax_match,TRUE
SS1651690678231,US,TD,triads,pigeon,tax_match,TRUE
SS1651690678388,US,TD,triads,goat,tax_match,TRUE
SS1651690678388,US,TD,triads,legs,tax_match,TRUE
SS1651690678388,US,TD,triads,ring,tax_match,FALSE
SS1651690678388,US,TD,triads,teacher,tax_match,TRUE
SS1651690678388,US,TD,triads,dress,tax_match,TRUE
SS1651690678388,US,TD,triads,teacup,tax_match,FALSE
SS1651690681690,US,TD,triads,bee,tax_match,TRUE
SS1651690681690,US,TD,triads,goat,tax_match,TRUE
SS1651690681690,US,TD,triads,legs,tax_match,TRUE
SS1651690681690,US,TD,triads,notepad,tax_match,FALSE
SS1651690681690,US,TD,triads,elephant,tax_match,TRUE
SS1651690681690,US,TD,triads,airplane,tax_match,TRUE
SS1651690681690,US,TD,triads,spoon,tax_match,TRUE
SS1651690681690,US,TD,triads,pigeon,tax_match,TRUE
SS1651690681690,US,TD,triads,bowl,tax_match,TRUE
SS1651690683219,US,TD,triads,boot,tax_match,TRUE
SS1651690683219,US,TD,triads,legs,tax_match,TRUE
SS1651690683219,US,TD,triads,saw,tax_match,FALSE
SS1651690683219,US,TD,triads,notepad,tax_match,TRUE
SS1651690683219,US,TD,triads,ring,tax_match,TRUE
SS1651690683219,US,TD,triads,teacher,tax_match,FALSE
SS1651690683219,US,TD,triads,spoon,tax_match,TRUE
SS1651690683219,US,TD,triads,teacup,tax_match,TRUE
SS1651690683219,US,TD,triads,pigeon,tax_match,TRUE
SS1651690683219,US,TD,triads,bowl,tax_match,TRUE
SS1651690685286,US,TD,triads,boot,tax_match,TRUE
SS1651690685286,US,TD,triads,notepad,tax_match,TRUE
SS1651690685286,US,TD,triads,elephant,tax_match,TRUE
SS1651690685286,US,TD,triads,spoon,tax_match,TRUE
SS1651690685286,US,TD,triads,teacup,tax_match,TRUE
SS1651690685286,US,TD,triads,pigeon,tax_match,TRUE
SS1651690687499,US,TD,triads,saw,tax_match,FALSE
SS1651690687499,US,TD,triads,notepad,tax_match,TRUE
SS1651690687499,US,TD,triads,ring,tax_match,TRUE
SS1651690687499,US,TD,triads,teacher,tax_match,FALSE
SS1651690687499,US,TD,triads,pigeon,tax_match,TRUE
SS1651690687499,US,TD,triads,bowl,tax_match,TRUE
SS1651690687538,US,TD,triads,bee,tax_match,TRUE
SS1651690687538,US,TD,triads,boot,tax_match,TRUE
SS1651690687538,US,TD,triads,goat,tax_match,TRUE
SS1651690687538,US,TD,triads,legs,tax_match,TRUE
SS1651690687538,US,TD,triads,saw,tax_match,FALSE
SS1651690687538,US,TD,triads,notepad,tax_match,TRUE
SS1651690687538,US,TD,triads,elephant,tax_match,TRUE
SS1651690687538,US,TD,triads,airplane,tax_match,TRUE
SS1651690687538,US,TD,triads,dress,tax_match,TRUE
SS1651690687538,US,TD,triads,bowl,tax_match,FALSE
SS1651690691047,US,TD,triads,goat,tax_match,FALSE
SS1651690691047,US,TD,triads,notepad,tax_match,TRUE
SS1651690691047,US,TD,triads,ring,tax_match,FALSE
SS1651690691047,US,TD,triads,elephant,tax_match,FALSE
SS1651690691327,US,TD,triads,boot,tax_match,TRUE
SS1651690691327,US,TD,triads,saw,tax_match,FALSE
SS1651690691327,US,TD,triads,notepad,tax_match,TRUE
SS1651690691327,US,TD,triads,airplane,tax_match,TRUE
SS1651690691327,US,TD,triads,dress,tax_match,TRUE
SS1651690691327,US,TD,triads,teacup,tax_match,TRUE
SS1651690691327,US,TD,triads,pigeon,tax_match,TRUE
SS1651690698980,US,TD,triads,boot,tax_match,TRUE
SS1651690698980,US,TD,triads,legs,tax_match,TRUE
SS1651690698980,US,TD,triads,elephant,tax_match,TRUE
SS1651690698980,US,TD,triads,dress,tax_match,FALSE
SS1651690698980,US,TD,triads,teacup,tax_match,FALSE
SS1651690698980,US,TD,triads,pigeon,tax_match,TRUE
SS1651690706045,US,TD,triads,bee,tax_match,TRUE
SS1651690706045,US,TD,triads,boot,tax_match,TRUE
SS1651690706045,US,TD,triads,goat,tax_match,TRUE
SS1651690706045,US,TD,triads,saw,tax_match,FALSE
SS1651690706045,US,TD,triads,airplane,tax_match,TRUE
SS1651690706045,US,TD,triads,dress,tax_match,TRUE
SS1651690706045,US,TD,triads,pigeon,tax_match,TRUE
SS1651690707343,US,TD,triads,bee,tax_match,FALSE
SS1651690707343,US,TD,triads,goat,tax_match,TRUE
SS1651690707343,US,TD,triads,saw,tax_match,FALSE
SS1651690707343,US,TD,triads,ring,tax_match,TRUE
SS1651690707343,US,TD,triads,airplane,tax_match,FALSE
SS1651690707343,US,TD,triads,dress,tax_match,TRUE
SS1651690707343,US,TD,triads,teacup,tax_match,FALSE
SS1651690707343,US,TD,triads,pigeon,tax_match,FALSE
SS1651690707467,US,TD,triads,bee,tax_match,TRUE
SS1651690707467,US,TD,triads,saw,tax_match,FALSE
SS1651690707467,US,TD,triads,notepad,tax_match,TRUE
SS1651690707467,US,TD,triads,ring,tax_match,TRUE
SS1651690707467,US,TD,triads,elephant,tax_match,TRUE
SS1651690707467,US,TD,triads,airplane,tax_match,TRUE
SS1651690707467,US,TD,triads,dress,tax_match,TRUE
SS1651690707467,US,TD,triads,spoon,tax_match,TRUE
SS1651690707467,US,TD,triads,pigeon,tax_match,FALSE
SS1651690708015,US,TD,triads,bee,tax_match,TRUE
SS1651690708015,US,TD,triads,boot,tax_match,TRUE
SS1651690708015,US,TD,triads,goat,tax_match,TRUE
SS1651690708015,US,TD,triads,legs,tax_match,FALSE
SS1651690708015,US,TD,triads,notepad,tax_match,FALSE
SS1651690708015,US,TD,triads,airplane,tax_match,TRUE
SS1651690708015,US,TD,triads,teacup,tax_match,FALSE
SS1651690708015,US,TD,triads,bowl,tax_match,TRUE
SS1651690711805,US,TD,triads,bee,tax_match,FALSE
SS1651690711805,US,TD,triads,goat,tax_match,TRUE
SS1651690711805,US,TD,triads,legs,tax_match,TRUE
SS1651690711805,US,TD,triads,saw,tax_match,FALSE
SS1651690711805,US,TD,triads,ring,tax_match,FALSE
SS1651690711805,US,TD,triads,elephant,tax_match,TRUE
SS1651690711805,US,TD,triads,airplane,tax_match,TRUE
SS1651690711805,US,TD,triads,spoon,tax_match,TRUE
SS1651690711805,US,TD,triads,teacup,tax_match,FALSE
SS1651690711805,US,TD,triads,pigeon,tax_match,FALSE
SS1651690711805,US,TD,triads,bowl,tax_match,FALSE
SS1651690714289,US,TD,triads,boot,tax_match,TRUE
SS1651690714289,US,TD,triads,goat,tax_match,TRUE
SS1651690714289,US,TD,triads,legs,tax_match,TRUE
SS1651690714289,US,TD,triads,saw,tax_match,FALSE
SS1651690714289,US,TD,triads,ring,tax_match,TRUE
SS1651690714289,US,TD,triads,teacher,tax_match,TRUE
SS1651690714289,US,TD,triads,dress,tax_match,TRUE
SS1651690719363,US,TD,triads,bee,tax_match,TRUE
SS1651690719363,US,TD,triads,boot,tax_match,FALSE
SS1651690719363,US,TD,triads,goat,tax_match,TRUE
SS1651690719363,US,TD,triads,legs,tax_match,FALSE
SS1651690719363,US,TD,triads,saw,tax_match,FALSE
SS1651690719363,US,TD,triads,ring,tax_match,TRUE
SS1651690719363,US,TD,triads,teacup,tax_match,FALSE
SS1651690719363,US,TD,triads,pigeon,tax_match,TRUE
SS1651690719363,US,TD,triads,bowl,tax_match,TRUE
SS1651690719510,US,TD,triads,goat,tax_match,TRUE
SS1651690719510,US,TD,triads,legs,tax_match,TRUE
SS1651690719510,US,TD,triads,ring,tax_match,TRUE
SS1651690719510,US,TD,triads,elephant,tax_match,TRUE
SS1651690719510,US,TD,triads,teacher,tax_match,TRUE
SS1651690719510,US,TD,triads,airplane,tax_match,TRUE
SS1651690719510,US,TD,triads,dress,tax_match,TRUE
SS1651690719510,US,TD,triads,teacup,tax_match,FALSE
SS1651690719510,US,TD,triads,bowl,tax_match,TRUE
SS1651690723933,US,TD,triads,goat,tax_match,TRUE
SS1651690723933,US,TD,triads,saw,tax_match,FALSE
SS1651690723933,US,TD,triads,notepad,tax_match,TRUE
SS1651690723933,US,TD,triads,ring,tax_match,TRUE
SS1651690723933,US,TD,triads,elephant,tax_match,TRUE
SS1651690723933,US,TD,triads,dress,tax_match,TRUE
SS1651690723933,US,TD,triads,teacup,tax_match,FALSE
SS1651690723933,US,TD,triads,pigeon,tax_match,TRUE
SS1651690723933,US,TD,triads,bowl,tax_match,TRUE
SS1651690727662,US,TD,triads,bee,tax_match,TRUE
SS1651690727662,US,TD,triads,goat,tax_match,TRUE
SS1651690727662,US,TD,triads,saw,tax_match,FALSE
SS1651690727662,US,TD,triads,elephant,tax_match,TRUE
SS1651690727662,US,TD,triads,teacup,tax_match,TRUE
SS1651690727662,US,TD,triads,pigeon,tax_match,TRUE
SS1651690727662,US,TD,triads,bowl,tax_match,TRUE
SS1651690727759,US,TD,triads,boot,tax_match,TRUE
SS1651690727759,US,TD,triads,goat,tax_match,TRUE
SS1651690727759,US,TD,triads,saw,tax_match,FALSE
SS1651690727759,US,TD,triads,ring,tax_match,TRUE
SS1651690727759,US,TD,triads,elephant,tax_match,TRUE
SS1651690727759,US,TD,triads,airplane,tax_match,TRUE
SS1651690727759,US,TD,triads,spoon,tax_match,TRUE
SS1651690727759,US,TD,triads,teacup,tax_match,TRUE
SS1651690729593,US,TD,triads,bee,tax_match,TRUE
SS1651690729593,US,TD,triads,goat,tax_match,TRUE
SS1651690729593,US,TD,triads,saw,tax_match,FALSE
SS1651690729593,US,TD,triads,airplane,tax_match,TRUE
SS1651690729593,US,TD,triads,dress,tax_match,TRUE
SS1651690729593,US,TD,triads,spoon,tax_match,TRUE
SS1651690730467,US,TD,triads,bee,tax_match,FALSE
SS1651690730467,US,TD,triads,boot,tax_match,TRUE
SS1651690730467,US,TD,triads,goat,tax_match,FALSE
SS1651690730467,US,TD,triads,ring,tax_match,TRUE
SS1651690730467,US,TD,triads,teacher,tax_match,TRUE
SS1651690730467,US,TD,triads,dress,tax_match,TRUE
SS1651690730467,US,TD,triads,pigeon,tax_match,TRUE
SS1651690730467,US,TD,triads,bowl,tax_match,TRUE
SS1651690731537,US,TD,triads,goat,tax_match,TRUE
SS1651690731537,US,TD,triads,legs,tax_match,FALSE
SS1651690731537,US,TD,triads,saw,tax_match,FALSE
SS1651690731537,US,TD,triads,notepad,tax_match,TRUE
SS1651690731537,US,TD,triads,elephant,tax_match,TRUE
SS1651690731537,US,TD,triads,dress,tax_match,TRUE
SS1651690731537,US,TD,triads,spoon,tax_match,TRUE
SS1651690731537,US,TD,triads,teacup,tax_match,TRUE
SS1651690731537,US,TD,triads,bowl,tax_match,TRUE
SS1651690732177,US,TD,triads,bee,tax_match,TRUE
SS1651690732177,US,TD,triads,boot,tax_match,FALSE
SS1651690732177,US,TD,triads,goat,tax_match,TRUE
SS1651690732177,US,TD,triads,notepad,tax_match,TRUE
SS1651690732177,US,TD,triads,teacher,tax_match,TRUE
SS1651690732177,US,TD,triads,spoon,tax_match,TRUE
SS1651690732177,US,TD,triads,teacup,tax_match,FALSE
SS1651690732177,US,TD,triads,pigeon,tax_match,TRUE
SS1651690732177,US,TD,triads,bowl,tax_match,TRUE
SS1651690735020,US,TD,triads,goat,tax_match,TRUE
SS1651690735020,US,TD,triads,legs,tax_match,TRUE
SS1651690735020,US,TD,triads,notepad,tax_match,TRUE
SS1651690735020,US,TD,triads,elephant,tax_match,TRUE
SS1651690735020,US,TD,triads,teacher,tax_match,FALSE
SS1651690735020,US,TD,triads,teacup,tax_match,FALSE
SS1651690737808,US,TD,triads,boot,tax_match,TRUE
SS1651690737808,US,TD,triads,goat,tax_match,TRUE
SS1651690737808,US,TD,triads,saw,tax_match,FALSE
SS1651690737808,US,TD,triads,ring,tax_match,TRUE
SS1651690737808,US,TD,triads,elephant,tax_match,TRUE
SS1651690740366,US,TD,triads,boot,tax_match,FALSE
SS1651690740366,US,TD,triads,goat,tax_match,FALSE
SS1651690740366,US,TD,triads,saw,tax_match,FALSE
SS1651690740366,US,TD,triads,notepad,tax_match,TRUE
SS1651690740366,US,TD,triads,ring,tax_match,FALSE
SS1651690740366,US,TD,triads,airplane,tax_match,FALSE
SS1651690740366,US,TD,triads,dress,tax_match,TRUE
SS1651690741486,US,TD,triads,boot,tax_match,TRUE
SS1651690741486,US,TD,triads,goat,tax_match,TRUE
SS1651690741486,US,TD,triads,saw,tax_match,FALSE
SS1651690741486,US,TD,triads,notepad,tax_match,TRUE
SS1651690741486,US,TD,triads,ring,tax_match,TRUE
SS1651690741486,US,TD,triads,dress,tax_match,TRUE
SS1651690741486,US,TD,triads,teacup,tax_match,FALSE
SS1651690741486,US,TD,triads,pigeon,tax_match,TRUE
SS1651690741486,US,TD,triads,bowl,tax_match,TRUE
SS1651690741942,US,TD,triads,bee,tax_match,FALSE
SS1651690741942,US,TD,triads,legs,tax_match,TRUE
SS1651690741942,US,TD,triads,notepad,tax_match,TRUE
SS1651690741942,US,TD,triads,elephant,tax_match,TRUE
SS1651690741942,US,TD,triads,teacher,tax_match,FALSE
SS1651690741942,US,TD,triads,dress,tax_match,TRUE
SS1651690741942,US,TD,triads,spoon,tax_match,TRUE
SS1651690741942,US,TD,triads,pigeon,tax_match,TRUE
SS1651690741942,US,TD,triads,bowl,tax_match,TRUE
SS1651690743939,US,TD,triads,goat,tax_match,TRUE
SS1651690743939,US,TD,triads,saw,tax_match,FALSE
SS1651690743939,US,TD,triads,notepad,tax_match,TRUE
SS1651690743939,US,TD,triads,ring,tax_match,TRUE
SS1651690743939,US,TD,triads,teacher,tax_match,FALSE
SS1651690743939,US,TD,triads,dress,tax_match,TRUE
SS1651690743939,US,TD,triads,teacup,tax_match,FALSE
SS1651690743939,US,TD,triads,pigeon,tax_match,TRUE
SS1651690743939,US,TD,triads,bowl,tax_match,TRUE
SS1651690748106,US,TD,triads,bee,tax_match,TRUE
SS1651690748106,US,TD,triads,boot,tax_match,TRUE
SS1651690748106,US,TD,triads,notepad,tax_match,TRUE
SS1651690748106,US,TD,triads,ring,tax_match,TRUE
SS1651690748106,US,TD,triads,airplane,tax_match,TRUE
SS1651690748106,US,TD,triads,bowl,tax_match,TRUE
SS1651690758188,US,TD,triads,legs,tax_match,TRUE
SS1651690758188,US,TD,triads,notepad,tax_match,TRUE
SS1651690758188,US,TD,triads,teacher,tax_match,FALSE
SS1651690758188,US,TD,triads,airplane,tax_match,TRUE
SS1651690758188,US,TD,triads,dress,tax_match,TRUE
SS1651690758188,US,TD,triads,spoon,tax_match,TRUE
SS1651690762770,US,TD,triads,boot,tax_match,TRUE
SS1651690762770,US,TD,triads,goat,tax_match,TRUE
SS1651690762770,US,TD,triads,elephant,tax_match,TRUE
SS1651690762770,US,TD,triads,airplane,tax_match,TRUE
SS1651690762770,US,TD,triads,bowl,tax_match,TRUE
SS1651690768899,US,TD,triads,goat,tax_match,TRUE
SS1651690768899,US,TD,triads,legs,tax_match,FALSE
SS1651690768899,US,TD,triads,notepad,tax_match,TRUE
SS1651690768899,US,TD,triads,ring,tax_match,TRUE
SS1651690768899,US,TD,triads,elephant,tax_match,TRUE
SS1651690768899,US,TD,triads,teacher,tax_match,FALSE
SS1651690768899,US,TD,triads,spoon,tax_match,TRUE
SS1651690768899,US,TD,triads,teacup,tax_match,FALSE
SS1651690768899,US,TD,triads,bowl,tax_match,TRUE
SS1651690782524,US,TD,triads,goat,tax_match,TRUE
SS1651690782524,US,TD,triads,legs,tax_match,TRUE
SS1651690782524,US,TD,triads,saw,tax_match,FALSE
SS1651690782524,US,TD,triads,elephant,tax_match,TRUE
SS1651690782524,US,TD,triads,teacher,tax_match,FALSE
SS1651690782524,US,TD,triads,spoon,tax_match,TRUE
SS1651690782524,US,TD,triads,teacup,tax_match,TRUE
SS1651690782524,US,TD,triads,bowl,tax_match,TRUE
SS1651690793463,US,TD,triads,boot,tax_match,TRUE
SS1651690793463,US,TD,triads,legs,tax_match,TRUE
SS1651690793463,US,TD,triads,saw,tax_match,FALSE
SS1651690793463,US,TD,triads,elephant,tax_match,TRUE
SS1651690793463,US,TD,triads,teacher,tax_match,TRUE
SS1651690793463,US,TD,triads,dress,tax_match,TRUE
SS1651690793463,US,TD,triads,spoon,tax_match,TRUE
SS1651690793463,US,TD,triads,pigeon,tax_match,TRUE
SS1651690793463,US,TD,triads,bowl,tax_match,TRUE
SS1651690802568,US,TD,triads,boot,tax_match,FALSE
SS1651690802568,US,TD,triads,legs,tax_match,TRUE
SS1651690802568,US,TD,triads,teacher,tax_match,FALSE
SS1651690802568,US,TD,triads,airplane,tax_match,TRUE
SS1651690802568,US,TD,triads,dress,tax_match,TRUE
SS1651690802568,US,TD,triads,spoon,tax_match,TRUE
SS1651690802568,US,TD,triads,teacup,tax_match,FALSE
SS1651690802568,US,TD,triads,bowl,tax_match,TRUE
SS1651690810190,US,TD,triads,bee,tax_match,TRUE
SS1651690810190,US,TD,triads,boot,tax_match,TRUE
SS1651690810190,US,TD,triads,legs,tax_match,TRUE
SS1651690810190,US,TD,triads,notepad,tax_match,TRUE
SS1651690810190,US,TD,triads,teacher,tax_match,TRUE
SS1651690810190,US,TD,triads,dress,tax_match,TRUE
SS1651690810190,US,TD,triads,spoon,tax_match,TRUE
SS1651690810190,US,TD,triads,pigeon,tax_match,TRUE
SS1651690858692,US,TD,triads,boot,tax_match,FALSE
SS1651690858692,US,TD,triads,legs,tax_match,FALSE
SS1651690858692,US,TD,triads,teacher,tax_match,FALSE
SS1651690858692,US,TD,triads,dress,tax_match,TRUE
SS1651690858692,US,TD,triads,teacup,tax_match,FALSE
SS1651690858692,US,TD,triads,pigeon,tax_match,FALSE
SS1651690858692,US,TD,triads,bowl,tax_match,TRUE
SS1651690873357,US,TD,triads,bee,tax_match,TRUE
SS1651690873357,US,TD,triads,boot,tax_match,FALSE
SS1651690873357,US,TD,triads,notepad,tax_match,TRUE
SS1651690873357,US,TD,triads,teacher,tax_match,FALSE
SS1651690873357,US,TD,triads,airplane,tax_match,TRUE
SS1651690873357,US,TD,triads,dress,tax_match,TRUE
SS1651690873357,US,TD,triads,teacup,tax_match,TRUE
SS1651690873357,US,TD,triads,pigeon,tax_match,TRUE
SS1651690892118,US,TD,triads,bee,tax_match,TRUE
SS1651690892118,US,TD,triads,goat,tax_match,TRUE
SS1651690892118,US,TD,triads,legs,tax_match,FALSE
SS1651690892118,US,TD,triads,elephant,tax_match,FALSE
SS1651690892118,US,TD,triads,airplane,tax_match,TRUE
SS1651690892118,US,TD,triads,dress,tax_match,TRUE
SS1651690892118,US,TD,triads,spoon,tax_match,TRUE
SS1651690892118,US,TD,triads,bowl,tax_match,TRUE
SS1651690926515,US,TD,triads,bee,tax_match,TRUE
SS1651690926515,US,TD,triads,boot,tax_match,TRUE
SS1651690926515,US,TD,triads,ring,tax_match,TRUE
SS1651690926515,US,TD,triads,teacher,tax_match,TRUE
SS1651690926515,US,TD,triads,airplane,tax_match,TRUE
SS1651690926515,US,TD,triads,dress,tax_match,TRUE
SS1651690926515,US,TD,triads,spoon,tax_match,TRUE
SS1651690926515,US,TD,triads,bowl,tax_match,TRUE
SS1651690932141,US,TD,triads,legs,tax_match,TRUE
SS1651690932141,US,TD,triads,ring,tax_match,FALSE
SS1651690932141,US,TD,triads,elephant,tax_match,TRUE
SS1651690932141,US,TD,triads,airplane,tax_match,TRUE
SS1651690932141,US,TD,triads,teacup,tax_match,FALSE
SS1651690932141,US,TD,triads,pigeon,tax_match,TRUE
SS1651690932141,US,TD,triads,bowl,tax_match,TRUE
SS1651690949027,US,TD,triads,bee,tax_match,FALSE
SS1651690949027,US,TD,triads,boot,tax_match,TRUE
SS1651690949027,US,TD,triads,legs,tax_match,FALSE
SS1651690949027,US,TD,triads,notepad,tax_match,TRUE
SS1651690949027,US,TD,triads,teacher,tax_match,FALSE
SS1651690949027,US,TD,triads,spoon,tax_match,TRUE
SS1651690949027,US,TD,triads,teacup,tax_match,FALSE
SS1651690949027,US,TD,triads,bowl,tax_match,FALSE
SS1651691043519,US,TD,triads,bee,tax_match,TRUE
SS1651691043519,US,TD,triads,boot,tax_match,TRUE
SS1651691043519,US,TD,triads,goat,tax_match,TRUE
SS1651691043519,US,TD,triads,ring,tax_match,TRUE
SS1651691043519,US,TD,triads,elephant,tax_match,TRUE
SS1651691043519,US,TD,triads,dress,tax_match,TRUE
SS1651691043519,US,TD,triads,spoon,tax_match,TRUE
SS1651691175620,US,TD,triads,boot,tax_match,TRUE
SS1651691175620,US,TD,triads,legs,tax_match,TRUE
SS1651691175620,US,TD,triads,ring,tax_match,TRUE
SS1651691175620,US,TD,triads,elephant,tax_match,TRUE
SS1651691175620,US,TD,triads,dress,tax_match,FALSE
SS1651691175620,US,TD,triads,spoon,tax_match,TRUE
SS1651691207769,US,TD,triads,legs,tax_match,TRUE
SS1651691207769,US,TD,triads,saw,tax_match,FALSE
SS1651691207769,US,TD,triads,elephant,tax_match,TRUE
SS1651691207769,US,TD,triads,teacher,tax_match,FALSE
SS1651691207769,US,TD,triads,airplane,tax_match,TRUE
SS1651691207769,US,TD,triads,teacup,tax_match,TRUE
SS1651691673018,US,TD,triads,bee,tax_match,TRUE
SS1651691673018,US,TD,triads,boot,tax_match,TRUE
SS1651691673018,US,TD,triads,legs,tax_match,FALSE
SS1651691673018,US,TD,triads,saw,tax_match,FALSE
SS1651691673018,US,TD,triads,ring,tax_match,TRUE
SS1651691673018,US,TD,triads,elephant,tax_match,TRUE
SS1651691673018,US,TD,triads,teacher,tax_match,TRUE
SS1651691673018,US,TD,triads,pigeon,tax_match,TRUE
SS1651692016531,US,TD,triads,bee,tax_match,TRUE
SS1651692016531,US,TD,triads,goat,tax_match,TRUE
SS1651692016531,US,TD,triads,saw,tax_match,FALSE
SS1651692016531,US,TD,triads,ring,tax_match,TRUE
SS1651692016531,US,TD,triads,teacher,tax_match,TRUE
SS1651692016531,US,TD,triads,airplane,tax_match,TRUE
SS1651692016531,US,TD,triads,spoon,tax_match,TRUE
SS1651692016531,US,TD,triads,pigeon,tax_match,TRUE
SS1651692160397,US,TD,triads,goat,tax_match,TRUE
SS1651692160397,US,TD,triads,elephant,tax_match,TRUE
SS1651692160397,US,TD,triads,spoon,tax_match,FALSE
SS1651692160397,US,TD,triads,teacup,tax_match,FALSE
SS1651692160397,US,TD,triads,pigeon,tax_match,TRUE
SS1651692160397,US,TD,triads,bowl,tax_match,TRUE
SS1651694070275,US,TD,triads,goat,tax_match,TRUE
SS1651694070275,US,TD,triads,legs,tax_match,TRUE
SS1651694070275,US,TD,triads,notepad,tax_match,TRUE
SS1651694070275,US,TD,triads,airplane,tax_match,TRUE
SS1651694070275,US,TD,triads,spoon,tax_match,TRUE
SS1651694070275,US,TD,triads,teacup,tax_match,TRUE
SS1651694070275,US,TD,triads,pigeon,tax_match,TRUE
SS1651694070275,US,TD,triads,bowl,tax_match,TRUE
SS1651697396411,US,TD,triads,bee,tax_match,FALSE
SS1651697396411,US,TD,triads,legs,tax_match,TRUE
SS1651697396411,US,TD,triads,elephant,tax_match,TRUE
SS1651697396411,US,TD,triads,spoon,tax_match,TRUE
SS1651697396411,US,TD,triads,teacup,tax_match,FALSE
SS1651697396411,US,TD,triads,pigeon,tax_match,TRUE
SS1651868487521,US,TD,triads,bee,tax_match,TRUE
SS1651868487521,US,TD,triads,boot,tax_match,TRUE
SS1651868487521,US,TD,triads,notepad,tax_match,TRUE
SS1651868487521,US,TD,triads,airplane,tax_match,TRUE
SS1651868487521,US,TD,triads,teacup,tax_match,TRUE
SS1651868699067,US,TD,triads,boot,tax_match,TRUE
SS1651868699067,US,TD,triads,goat,tax_match,TRUE
SS1651868699067,US,TD,triads,saw,tax_match,FALSE
SS1651868699067,US,TD,triads,elephant,tax_match,TRUE
SS1651868699067,US,TD,triads,dress,tax_match,TRUE
SS1651868699067,US,TD,triads,bowl,tax_match,TRUE
SS1651868701012,US,TD,triads,legs,tax_match,FALSE
SS1651868701012,US,TD,triads,notepad,tax_match,FALSE
SS1651868701012,US,TD,triads,elephant,tax_match,TRUE
SS1651868701012,US,TD,triads,airplane,tax_match,FALSE
SS1651868701012,US,TD,triads,dress,tax_match,FALSE
SS1651868701012,US,TD,triads,teacup,tax_match,FALSE
SS1651868701012,US,TD,triads,bowl,tax_match,TRUE
SS1651868705438,US,TD,triads,boot,tax_match,FALSE
SS1651868705438,US,TD,triads,ring,tax_match,FALSE
SS1651868705438,US,TD,triads,dress,tax_match,TRUE
SS1651868705438,US,TD,triads,spoon,tax_match,TRUE
SS1651868705438,US,TD,triads,teacup,tax_match,FALSE
SS1651868705438,US,TD,triads,pigeon,tax_match,FALSE
SS1651868707186,US,TD,triads,boot,tax_match,FALSE
SS1651868707186,US,TD,triads,legs,tax_match,FALSE
SS1651868707186,US,TD,triads,saw,tax_match,FALSE
SS1651868707186,US,TD,triads,ring,tax_match,FALSE
SS1651868707186,US,TD,triads,elephant,tax_match,TRUE
SS1651868707186,US,TD,triads,teacher,tax_match,FALSE
SS1651868707186,US,TD,triads,airplane,tax_match,FALSE
SS1651868707186,US,TD,triads,dress,tax_match,TRUE
SS1651868707186,US,TD,triads,pigeon,tax_match,TRUE
SS1651868707186,US,TD,triads,bowl,tax_match,TRUE
SS1651868708760,US,TD,triads,bee,tax_match,TRUE
SS1651868708760,US,TD,triads,goat,tax_match,TRUE
SS1651868708760,US,TD,triads,legs,tax_match,TRUE
SS1651868708760,US,TD,triads,ring,tax_match,TRUE
SS1651868708760,US,TD,triads,elephant,tax_match,TRUE
SS1651868708760,US,TD,triads,teacher,tax_match,TRUE
SS1651868708760,US,TD,triads,pigeon,tax_match,TRUE
SS1651868708760,US,TD,triads,bowl,tax_match,TRUE
SS1651868710355,US,TD,triads,bee,tax_match,TRUE
SS1651868710355,US,TD,triads,boot,tax_match,TRUE
SS1651868710355,US,TD,triads,goat,tax_match,TRUE
SS1651868710355,US,TD,triads,elephant,tax_match,TRUE
SS1651868710355,US,TD,triads,dress,tax_match,TRUE
SS1651868710355,US,TD,triads,pigeon,tax_match,TRUE
SS1651868712524,US,TD,triads,boot,tax_match,FALSE
SS1651868712524,US,TD,triads,goat,tax_match,FALSE
SS1651868712524,US,TD,triads,legs,tax_match,TRUE
SS1651868712524,US,TD,triads,saw,tax_match,FALSE
SS1651868712524,US,TD,triads,teacher,tax_match,TRUE
SS1651868712524,US,TD,triads,airplane,tax_match,TRUE
SS1651868712524,US,TD,triads,dress,tax_match,TRUE
SS1651868712524,US,TD,triads,pigeon,tax_match,FALSE
SS1651868713554,US,TD,triads,bee,tax_match,FALSE
SS1651868713554,US,TD,triads,boot,tax_match,FALSE
SS1651868713554,US,TD,triads,saw,tax_match,FALSE
SS1651868713554,US,TD,triads,ring,tax_match,FALSE
SS1651868713554,US,TD,triads,spoon,tax_match,FALSE
SS1651868713554,US,TD,triads,pigeon,tax_match,FALSE
SS1651868713554,US,TD,triads,bowl,tax_match,FALSE
SS1651868714312,US,TD,triads,boot,tax_match,TRUE
SS1651868714312,US,TD,triads,saw,tax_match,FALSE
SS1651868714312,US,TD,triads,notepad,tax_match,TRUE
SS1651868714312,US,TD,triads,elephant,tax_match,TRUE
SS1651868714312,US,TD,triads,dress,tax_match,TRUE
SS1651868714312,US,TD,triads,spoon,tax_match,TRUE
SS1651868714312,US,TD,triads,teacup,tax_match,FALSE
SS1651868714404,US,TD,triads,bee,tax_match,TRUE
SS1651868714404,US,TD,triads,boot,tax_match,TRUE
SS1651868714404,US,TD,triads,goat,tax_match,TRUE
SS1651868714404,US,TD,triads,legs,tax_match,TRUE
SS1651868714404,US,TD,triads,saw,tax_match,FALSE
SS1651868714404,US,TD,triads,teacher,tax_match,TRUE
SS1651868714404,US,TD,triads,dress,tax_match,TRUE
SS1651868714404,US,TD,triads,spoon,tax_match,TRUE
SS1651868714404,US,TD,triads,teacup,tax_match,TRUE
SS1651868714404,US,TD,triads,pigeon,tax_match,TRUE
SS1651868716048,US,TD,triads,bee,tax_match,TRUE
SS1651868716048,US,TD,triads,boot,tax_match,FALSE
SS1651868716048,US,TD,triads,goat,tax_match,TRUE
SS1651868716048,US,TD,triads,ring,tax_match,FALSE
SS1651868716048,US,TD,triads,teacher,tax_match,FALSE
SS1651868716048,US,TD,triads,pigeon,tax_match,TRUE
SS1651868717843,US,TD,triads,boot,tax_match,TRUE
SS1651868717843,US,TD,triads,goat,tax_match,TRUE
SS1651868717843,US,TD,triads,elephant,tax_match,TRUE
SS1651868717843,US,TD,triads,teacher,tax_match,TRUE
SS1651868717843,US,TD,triads,dress,tax_match,TRUE
SS1651868717843,US,TD,triads,spoon,tax_match,TRUE
SS1651868717843,US,TD,triads,bowl,tax_match,FALSE
SS1651868718682,US,TD,triads,saw,tax_match,FALSE
SS1651868718682,US,TD,triads,teacher,tax_match,TRUE
SS1651868718682,US,TD,triads,airplane,tax_match,TRUE
SS1651868718682,US,TD,triads,dress,tax_match,TRUE
SS1651868718682,US,TD,triads,teacup,tax_match,FALSE
SS1651868718682,US,TD,triads,bowl,tax_match,FALSE
SS1651868720723,US,TD,triads,saw,tax_match,FALSE
SS1651868720723,US,TD,triads,notepad,tax_match,TRUE
SS1651868720723,US,TD,triads,teacher,tax_match,TRUE
SS1651868720723,US,TD,triads,airplane,tax_match,TRUE
SS1651868720723,US,TD,triads,dress,tax_match,TRUE
SS1651868720723,US,TD,triads,bowl,tax_match,TRUE
SS1651868725160,US,TD,triads,goat,tax_match,TRUE
SS1651868725160,US,TD,triads,ring,tax_match,TRUE
SS1651868725160,US,TD,triads,elephant,tax_match,TRUE
SS1651868725160,US,TD,triads,teacher,tax_match,TRUE
SS1651868725160,US,TD,triads,airplane,tax_match,TRUE
SS1651868725160,US,TD,triads,dress,tax_match,TRUE
SS1651868725160,US,TD,triads,spoon,tax_match,TRUE
SS1651868725160,US,TD,triads,teacup,tax_match,TRUE
SS1651868725160,US,TD,triads,pigeon,tax_match,TRUE
SS1651868736601,US,TD,triads,bee,tax_match,TRUE
SS1651868736601,US,TD,triads,boot,tax_match,FALSE
SS1651868736601,US,TD,triads,goat,tax_match,TRUE
SS1651868736601,US,TD,triads,elephant,tax_match,TRUE
SS1651868736601,US,TD,triads,teacher,tax_match,FALSE
SS1651868736601,US,TD,triads,dress,tax_match,TRUE
SS1651868736601,US,TD,triads,spoon,tax_match,TRUE
SS1651868738305,US,TD,triads,boot,tax_match,FALSE
SS1651868738305,US,TD,triads,goat,tax_match,TRUE
SS1651868738305,US,TD,triads,saw,tax_match,FALSE
SS1651868738305,US,TD,triads,elephant,tax_match,TRUE
SS1651868738305,US,TD,triads,airplane,tax_match,TRUE
SS1651868738305,US,TD,triads,dress,tax_match,TRUE
SS1651868738305,US,TD,triads,teacup,tax_match,FALSE
SS1651868738305,US,TD,triads,pigeon,tax_match,TRUE
SS1651868738305,US,TD,triads,bowl,tax_match,TRUE
SS1651868744832,US,TD,triads,boot,tax_match,TRUE
SS1651868744832,US,TD,triads,saw,tax_match,FALSE
SS1651868744832,US,TD,triads,notepad,tax_match,TRUE
SS1651868744832,US,TD,triads,ring,tax_match,FALSE
SS1651868744832,US,TD,triads,elephant,tax_match,FALSE
SS1651868744832,US,TD,triads,teacher,tax_match,FALSE
SS1651868744832,US,TD,triads,airplane,tax_match,TRUE
SS1651868744832,US,TD,triads,pigeon,tax_match,TRUE
SS1651868744832,US,TD,triads,bowl,tax_match,FALSE
SS1651868744957,US,TD,triads,bee,tax_match,FALSE
SS1651868744957,US,TD,triads,goat,tax_match,TRUE
SS1651868744957,US,TD,triads,saw,tax_match,FALSE
SS1651868744957,US,TD,triads,notepad,tax_match,FALSE
SS1651868744957,US,TD,triads,elephant,tax_match,FALSE
SS1651868744957,US,TD,triads,airplane,tax_match,TRUE
SS1651868744957,US,TD,triads,teacup,tax_match,TRUE
SS1651868744957,US,TD,triads,pigeon,tax_match,TRUE
SS1651868744957,US,TD,triads,bowl,tax_match,FALSE
SS1651868745180,US,TD,triads,bee,tax_match,TRUE
SS1651868745180,US,TD,triads,saw,tax_match,FALSE
SS1651868745180,US,TD,triads,dress,tax_match,TRUE
SS1651868745180,US,TD,triads,spoon,tax_match,TRUE
SS1651868745180,US,TD,triads,bowl,tax_match,TRUE
SS1651868745703,US,TD,triads,boot,tax_match,FALSE
SS1651868745703,US,TD,triads,goat,tax_match,TRUE
SS1651868745703,US,TD,triads,legs,tax_match,FALSE
SS1651868745703,US,TD,triads,teacher,tax_match,FALSE
SS1651868745703,US,TD,triads,airplane,tax_match,TRUE
SS1651868745703,US,TD,triads,dress,tax_match,FALSE
SS1651868745703,US,TD,triads,spoon,tax_match,TRUE
SS1651868745703,US,TD,triads,teacup,tax_match,TRUE
SS1651868745703,US,TD,triads,pigeon,tax_match,FALSE
SS1651868751261,US,TD,triads,goat,tax_match,TRUE
SS1651868751261,US,TD,triads,legs,tax_match,FALSE
SS1651868751261,US,TD,triads,saw,tax_match,FALSE
SS1651868751261,US,TD,triads,ring,tax_match,FALSE
SS1651868751261,US,TD,triads,airplane,tax_match,TRUE
SS1651868751261,US,TD,triads,dress,tax_match,TRUE
SS1651868751261,US,TD,triads,spoon,tax_match,TRUE
SS1651868751261,US,TD,triads,bowl,tax_match,TRUE
SS1651868754302,US,TD,triads,bee,tax_match,FALSE
SS1651868754302,US,TD,triads,boot,tax_match,FALSE
SS1651868754302,US,TD,triads,goat,tax_match,FALSE
SS1651868754302,US,TD,triads,legs,tax_match,FALSE
SS1651868754302,US,TD,triads,saw,tax_match,FALSE
SS1651868754302,US,TD,triads,elephant,tax_match,FALSE
SS1651868754302,US,TD,triads,teacher,tax_match,FALSE
SS1651868754302,US,TD,triads,dress,tax_match,TRUE
SS1651868754302,US,TD,triads,teacup,tax_match,FALSE
SS1651868754302,US,TD,triads,pigeon,tax_match,FALSE
SS1651868756130,US,TD,triads,goat,tax_match,TRUE
SS1651868756130,US,TD,triads,legs,tax_match,TRUE
SS1651868756130,US,TD,triads,notepad,tax_match,TRUE
SS1651868756130,US,TD,triads,ring,tax_match,TRUE
SS1651868756130,US,TD,triads,airplane,tax_match,TRUE
SS1651868756130,US,TD,triads,dress,tax_match,TRUE
SS1651868756130,US,TD,triads,spoon,tax_match,TRUE
SS1651868756130,US,TD,triads,pigeon,tax_match,TRUE
SS1651868757005,US,TD,triads,bee,tax_match,TRUE
SS1651868757005,US,TD,triads,goat,tax_match,TRUE
SS1651868757005,US,TD,triads,saw,tax_match,FALSE
SS1651868757005,US,TD,triads,notepad,tax_match,TRUE
SS1651868757005,US,TD,triads,ring,tax_match,TRUE
SS1651868757005,US,TD,triads,teacher,tax_match,FALSE
SS1651868757005,US,TD,triads,airplane,tax_match,TRUE
SS1651868757005,US,TD,triads,spoon,tax_match,TRUE
SS1651868757005,US,TD,triads,teacup,tax_match,TRUE
SS1651868767690,US,TD,triads,bee,tax_match,TRUE
SS1651868767690,US,TD,triads,legs,tax_match,TRUE
SS1651868767690,US,TD,triads,notepad,tax_match,TRUE
SS1651868767690,US,TD,triads,ring,tax_match,TRUE
SS1651868767690,US,TD,triads,elephant,tax_match,TRUE
SS1651868767690,US,TD,triads,teacher,tax_match,TRUE
SS1651868767690,US,TD,triads,dress,tax_match,TRUE
SS1651868767690,US,TD,triads,spoon,tax_match,TRUE
SS1651868767690,US,TD,triads,teacup,tax_match,FALSE
SS1651868767690,US,TD,triads,bowl,tax_match,TRUE
SS1651868773205,US,TD,triads,bee,tax_match,TRUE
SS1651868773205,US,TD,triads,boot,tax_match,TRUE
SS1651868773205,US,TD,triads,goat,tax_match,TRUE
SS1651868773205,US,TD,triads,saw,tax_match,FALSE
SS1651868773205,US,TD,triads,elephant,tax_match,TRUE
SS1651868773205,US,TD,triads,spoon,tax_match,TRUE
SS1651868773205,US,TD,triads,pigeon,tax_match,TRUE
SS1651868773205,US,TD,triads,bowl,tax_match,TRUE
SS1651868778604,US,TD,triads,saw,tax_match,FALSE
SS1651868778604,US,TD,triads,notepad,tax_match,TRUE
SS1651868778604,US,TD,triads,ring,tax_match,FALSE
SS1651868778604,US,TD,triads,elephant,tax_match,TRUE
SS1651868778604,US,TD,triads,teacher,tax_match,FALSE
SS1651868778604,US,TD,triads,bowl,tax_match,TRUE
SS1651868779378,US,TD,triads,bee,tax_match,TRUE
SS1651868779378,US,TD,triads,boot,tax_match,TRUE
SS1651868779378,US,TD,triads,legs,tax_match,TRUE
SS1651868779378,US,TD,triads,saw,tax_match,FALSE
SS1651868779378,US,TD,triads,notepad,tax_match,TRUE
SS1651868779378,US,TD,triads,teacher,tax_match,TRUE
SS1651868779378,US,TD,triads,dress,tax_match,TRUE
SS1651868779378,US,TD,triads,spoon,tax_match,TRUE
SS1651868779378,US,TD,triads,teacup,tax_match,TRUE
SS1651868779378,US,TD,triads,bowl,tax_match,TRUE
SS1651868780067,US,TD,triads,bee,tax_match,TRUE
SS1651868780067,US,TD,triads,goat,tax_match,TRUE
SS1651868780067,US,TD,triads,legs,tax_match,FALSE
SS1651868780067,US,TD,triads,notepad,tax_match,TRUE
SS1651868780067,US,TD,triads,dress,tax_match,TRUE
SS1651868780067,US,TD,triads,teacup,tax_match,FALSE
SS1651868780067,US,TD,triads,pigeon,tax_match,TRUE
SS1651868780067,US,TD,triads,bowl,tax_match,TRUE
SS1651868782330,US,TD,triads,bee,tax_match,TRUE
SS1651868782330,US,TD,triads,boot,tax_match,TRUE
SS1651868782330,US,TD,triads,goat,tax_match,TRUE
SS1651868782330,US,TD,triads,notepad,tax_match,TRUE
SS1651868782330,US,TD,triads,elephant,tax_match,TRUE
SS1651868782330,US,TD,triads,teacher,tax_match,FALSE
SS1651868782330,US,TD,triads,pigeon,tax_match,TRUE
SS1651868782330,US,TD,triads,bowl,tax_match,TRUE
SS1651868783532,US,TD,triads,legs,tax_match,TRUE
SS1651868783532,US,TD,triads,saw,tax_match,FALSE
SS1651868783532,US,TD,triads,ring,tax_match,TRUE
SS1651868783532,US,TD,triads,elephant,tax_match,TRUE
SS1651868783532,US,TD,triads,airplane,tax_match,TRUE
SS1651868783532,US,TD,triads,dress,tax_match,TRUE
SS1651868783532,US,TD,triads,teacup,tax_match,FALSE
SS1651868783532,US,TD,triads,pigeon,tax_match,TRUE
SS1651868784777,US,TD,triads,bee,tax_match,TRUE
SS1651868784777,US,TD,triads,saw,tax_match,FALSE
SS1651868784777,US,TD,triads,elephant,tax_match,TRUE
SS1651868784777,US,TD,triads,spoon,tax_match,TRUE
SS1651868784777,US,TD,triads,bowl,tax_match,TRUE
SS1651868788340,US,TD,triads,bee,tax_match,TRUE
SS1651868788340,US,TD,triads,legs,tax_match,TRUE
SS1651868788340,US,TD,triads,saw,tax_match,FALSE
SS1651868788340,US,TD,triads,elephant,tax_match,FALSE
SS1651868788340,US,TD,triads,pigeon,tax_match,FALSE
SS1651868788402,US,TD,triads,boot,tax_match,TRUE
SS1651868788402,US,TD,triads,goat,tax_match,TRUE
SS1651868788402,US,TD,triads,legs,tax_match,TRUE
SS1651868788402,US,TD,triads,ring,tax_match,TRUE
SS1651868788402,US,TD,triads,elephant,tax_match,FALSE
SS1651868788402,US,TD,triads,teacher,tax_match,FALSE
SS1651868788402,US,TD,triads,spoon,tax_match,TRUE
SS1651868788402,US,TD,triads,teacup,tax_match,TRUE
SS1651868788402,US,TD,triads,pigeon,tax_match,TRUE
SS1651868793732,US,TD,triads,bee,tax_match,TRUE
SS1651868793732,US,TD,triads,boot,tax_match,FALSE
SS1651868793732,US,TD,triads,saw,tax_match,FALSE
SS1651868793732,US,TD,triads,notepad,tax_match,TRUE
SS1651868793732,US,TD,triads,dress,tax_match,TRUE
SS1651868793732,US,TD,triads,spoon,tax_match,TRUE
SS1651868793732,US,TD,triads,teacup,tax_match,FALSE
SS1651868793732,US,TD,triads,bowl,tax_match,TRUE
SS1651868796147,US,TD,triads,bee,tax_match,TRUE
SS1651868796147,US,TD,triads,goat,tax_match,TRUE
SS1651868796147,US,TD,triads,legs,tax_match,TRUE
SS1651868796147,US,TD,triads,ring,tax_match,TRUE
SS1651868796147,US,TD,triads,elephant,tax_match,TRUE
SS1651868796147,US,TD,triads,airplane,tax_match,TRUE
SS1651868796147,US,TD,triads,dress,tax_match,TRUE
SS1651868796147,US,TD,triads,bowl,tax_match,TRUE
SS1651868796810,US,TD,triads,bee,tax_match,TRUE
SS1651868796810,US,TD,triads,boot,tax_match,TRUE
SS1651868796810,US,TD,triads,goat,tax_match,TRUE
SS1651868796810,US,TD,triads,dress,tax_match,TRUE
SS1651868796810,US,TD,triads,spoon,tax_match,TRUE
SS1651868796810,US,TD,triads,teacup,tax_match,TRUE
SS1651868796810,US,TD,triads,pigeon,tax_match,TRUE
SS1651868799606,US,TD,triads,bee,tax_match,TRUE
SS1651868799606,US,TD,triads,notepad,tax_match,FALSE
SS1651868799606,US,TD,triads,ring,tax_match,TRUE
SS1651868799606,US,TD,triads,airplane,tax_match,TRUE
SS1651868799606,US,TD,triads,teacup,tax_match,TRUE
SS1651868799606,US,TD,triads,bowl,tax_match,TRUE
SS1651868800189,US,TD,triads,goat,tax_match,TRUE
SS1651868800189,US,TD,triads,legs,tax_match,FALSE
SS1651868800189,US,TD,triads,saw,tax_match,FALSE
SS1651868800189,US,TD,triads,notepad,tax_match,TRUE
SS1651868802451,US,TD,triads,boot,tax_match,TRUE
SS1651868802451,US,TD,triads,saw,tax_match,FALSE
SS1651868802451,US,TD,triads,notepad,tax_match,TRUE
SS1651868802451,US,TD,triads,elephant,tax_match,TRUE
SS1651868802451,US,TD,triads,teacup,tax_match,FALSE
SS1651868802451,US,TD,triads,pigeon,tax_match,TRUE
SS1651868810933,US,TD,triads,bee,tax_match,FALSE
SS1651868810933,US,TD,triads,goat,tax_match,FALSE
SS1651868810933,US,TD,triads,legs,tax_match,FALSE
SS1651868810933,US,TD,triads,notepad,tax_match,TRUE
SS1651868810933,US,TD,triads,ring,tax_match,FALSE
SS1651868810933,US,TD,triads,teacher,tax_match,FALSE
SS1651868810933,US,TD,triads,airplane,tax_match,TRUE
SS1651868810933,US,TD,triads,bowl,tax_match,FALSE
SS1651868811761,US,TD,triads,boot,tax_match,TRUE
SS1651868811761,US,TD,triads,goat,tax_match,TRUE
SS1651868811761,US,TD,triads,legs,tax_match,FALSE
SS1651868811761,US,TD,triads,saw,tax_match,FALSE
SS1651868811761,US,TD,triads,airplane,tax_match,TRUE
SS1651868811761,US,TD,triads,dress,tax_match,TRUE
SS1651868811761,US,TD,triads,spoon,tax_match,TRUE
SS1651868811761,US,TD,triads,pigeon,tax_match,TRUE
SS1651868811761,US,TD,triads,bowl,tax_match,TRUE
SS1651868811860,US,TD,triads,bee,tax_match,TRUE
SS1651868811860,US,TD,triads,legs,tax_match,TRUE
SS1651868811860,US,TD,triads,notepad,tax_match,TRUE
SS1651868811860,US,TD,triads,ring,tax_match,TRUE
SS1651868811860,US,TD,triads,elephant,tax_match,TRUE
SS1651868811860,US,TD,triads,teacher,tax_match,TRUE
SS1651868811860,US,TD,triads,spoon,tax_match,TRUE
SS1651868812123,US,TD,triads,bee,tax_match,TRUE
SS1651868812123,US,TD,triads,boot,tax_match,FALSE
SS1651868812123,US,TD,triads,ring,tax_match,FALSE
SS1651868812123,US,TD,triads,elephant,tax_match,FALSE
SS1651868812123,US,TD,triads,airplane,tax_match,FALSE
SS1651868812123,US,TD,triads,dress,tax_match,FALSE
SS1651868812123,US,TD,triads,spoon,tax_match,FALSE
SS1651868816028,US,TD,triads,bee,tax_match,TRUE
SS1651868816028,US,TD,triads,boot,tax_match,TRUE
SS1651868816028,US,TD,triads,goat,tax_match,TRUE
SS1651868816028,US,TD,triads,notepad,tax_match,TRUE
SS1651868816028,US,TD,triads,airplane,tax_match,TRUE
SS1651868816028,US,TD,triads,spoon,tax_match,TRUE
SS1651868817160,US,TD,triads,boot,tax_match,TRUE
SS1651868817160,US,TD,triads,goat,tax_match,TRUE
SS1651868817160,US,TD,triads,legs,tax_match,TRUE
SS1651868817160,US,TD,triads,notepad,tax_match,TRUE
SS1651868817160,US,TD,triads,ring,tax_match,TRUE
SS1651868817160,US,TD,triads,bowl,tax_match,FALSE
SS1651868817171,US,TD,triads,goat,tax_match,TRUE
SS1651868817171,US,TD,triads,legs,tax_match,FALSE
SS1651868817171,US,TD,triads,saw,tax_match,FALSE
SS1651868817171,US,TD,triads,notepad,tax_match,TRUE
SS1651868817171,US,TD,triads,teacher,tax_match,FALSE
SS1651868817171,US,TD,triads,dress,tax_match,FALSE
SS1651868817171,US,TD,triads,spoon,tax_match,TRUE
SS1651868817171,US,TD,triads,teacup,tax_match,FALSE
SS1651868817171,US,TD,triads,pigeon,tax_match,FALSE
SS1651868817171,US,TD,triads,bowl,tax_match,TRUE
SS1651868820237,US,TD,triads,boot,tax_match,TRUE
SS1651868820237,US,TD,triads,goat,tax_match,TRUE
SS1651868820237,US,TD,triads,saw,tax_match,FALSE
SS1651868820237,US,TD,triads,notepad,tax_match,TRUE
SS1651868820237,US,TD,triads,ring,tax_match,TRUE
SS1651868820237,US,TD,triads,teacher,tax_match,TRUE
SS1651868820237,US,TD,triads,airplane,tax_match,TRUE
SS1651868820237,US,TD,triads,spoon,tax_match,TRUE
SS1651868820237,US,TD,triads,bowl,tax_match,TRUE
SS1651868826063,US,TD,triads,bee,tax_match,TRUE
SS1651868826063,US,TD,triads,saw,tax_match,FALSE
SS1651868826063,US,TD,triads,elephant,tax_match,TRUE
SS1651868826063,US,TD,triads,airplane,tax_match,TRUE
SS1651868826063,US,TD,triads,dress,tax_match,TRUE
SS1651868826063,US,TD,triads,teacup,tax_match,FALSE
SS1651868826063,US,TD,triads,pigeon,tax_match,TRUE
SS1651868827795,US,TD,triads,bee,tax_match,TRUE
SS1651868827795,US,TD,triads,goat,tax_match,TRUE
SS1651868827795,US,TD,triads,legs,tax_match,FALSE
SS1651868827795,US,TD,triads,saw,tax_match,FALSE
SS1651868827795,US,TD,triads,notepad,tax_match,TRUE
SS1651868827795,US,TD,triads,ring,tax_match,TRUE
SS1651868827795,US,TD,triads,teacher,tax_match,FALSE
SS1651868827795,US,TD,triads,airplane,tax_match,TRUE
SS1651868827795,US,TD,triads,spoon,tax_match,TRUE
SS1651868827795,US,TD,triads,pigeon,tax_match,TRUE
SS1651868828049,US,TD,triads,bee,tax_match,TRUE
SS1651868828049,US,TD,triads,boot,tax_match,TRUE
SS1651868828049,US,TD,triads,goat,tax_match,TRUE
SS1651868828049,US,TD,triads,saw,tax_match,FALSE
SS1651868828049,US,TD,triads,ring,tax_match,FALSE
SS1651868828049,US,TD,triads,teacher,tax_match,FALSE
SS1651868828049,US,TD,triads,airplane,tax_match,TRUE
SS1651868828049,US,TD,triads,dress,tax_match,TRUE
SS1651868828049,US,TD,triads,teacup,tax_match,FALSE
SS1651868830966,US,TD,triads,bee,tax_match,TRUE
SS1651868830966,US,TD,triads,boot,tax_match,TRUE
SS1651868830966,US,TD,triads,goat,tax_match,TRUE
SS1651868830966,US,TD,triads,legs,tax_match,TRUE
SS1651868830966,US,TD,triads,saw,tax_match,FALSE
SS1651868830966,US,TD,triads,elephant,tax_match,TRUE
SS1651868830966,US,TD,triads,airplane,tax_match,TRUE
SS1651868830966,US,TD,triads,dress,tax_match,TRUE
SS1651868830966,US,TD,triads,pigeon,tax_match,TRUE
SS1651868830966,US,TD,triads,bowl,tax_match,TRUE
SS1651868834466,US,TD,triads,bee,tax_match,TRUE
SS1651868834466,US,TD,triads,boot,tax_match,TRUE
SS1651868834466,US,TD,triads,legs,tax_match,TRUE
SS1651868834466,US,TD,triads,saw,tax_match,FALSE
SS1651868834466,US,TD,triads,teacher,tax_match,TRUE
SS1651868834466,US,TD,triads,airplane,tax_match,TRUE
SS1651868834466,US,TD,triads,dress,tax_match,TRUE
SS1651868834466,US,TD,triads,spoon,tax_match,TRUE
SS1651868834466,US,TD,triads,teacup,tax_match,TRUE
SS1651868834466,US,TD,triads,bowl,tax_match,TRUE
SS1651868837282,US,TD,triads,boot,tax_match,TRUE
SS1651868837282,US,TD,triads,legs,tax_match,FALSE
SS1651868837282,US,TD,triads,notepad,tax_match,TRUE
SS1651868837282,US,TD,triads,ring,tax_match,FALSE
SS1651868837282,US,TD,triads,dress,tax_match,TRUE
SS1651868837282,US,TD,triads,spoon,tax_match,TRUE
SS1651868837282,US,TD,triads,teacup,tax_match,FALSE
SS1651868837282,US,TD,triads,bowl,tax_match,TRUE
SS1651868839147,US,TD,triads,bee,tax_match,TRUE
SS1651868839147,US,TD,triads,boot,tax_match,FALSE
SS1651868839147,US,TD,triads,goat,tax_match,TRUE
SS1651868839147,US,TD,triads,ring,tax_match,FALSE
SS1651868839147,US,TD,triads,spoon,tax_match,TRUE
SS1651868839147,US,TD,triads,pigeon,tax_match,TRUE
SS1651868839906,US,TD,triads,bee,tax_match,FALSE
SS1651868839906,US,TD,triads,ring,tax_match,FALSE
SS1651868839906,US,TD,triads,teacher,tax_match,FALSE
SS1651868839906,US,TD,triads,airplane,tax_match,TRUE
SS1651868839906,US,TD,triads,teacup,tax_match,FALSE
SS1651868839906,US,TD,triads,bowl,tax_match,FALSE
SS1651868840289,US,TD,triads,boot,tax_match,TRUE
SS1651868840289,US,TD,triads,goat,tax_match,TRUE
SS1651868840289,US,TD,triads,legs,tax_match,TRUE
SS1651868840289,US,TD,triads,saw,tax_match,FALSE
SS1651868840289,US,TD,triads,notepad,tax_match,TRUE
SS1651868840289,US,TD,triads,elephant,tax_match,TRUE
SS1651868840289,US,TD,triads,airplane,tax_match,TRUE
SS1651868840289,US,TD,triads,pigeon,tax_match,TRUE
SS1651868840289,US,TD,triads,bowl,tax_match,TRUE
SS1651868840790,US,TD,triads,goat,tax_match,TRUE
SS1651868840790,US,TD,triads,ring,tax_match,TRUE
SS1651868840790,US,TD,triads,elephant,tax_match,TRUE
SS1651868840790,US,TD,triads,airplane,tax_match,TRUE
SS1651868840790,US,TD,triads,dress,tax_match,TRUE
SS1651868840790,US,TD,triads,teacup,tax_match,TRUE
SS1651868840790,US,TD,triads,bowl,tax_match,TRUE
SS1651868850581,US,TD,triads,bee,tax_match,TRUE
SS1651868850581,US,TD,triads,boot,tax_match,TRUE
SS1651868850581,US,TD,triads,goat,tax_match,TRUE
SS1651868850581,US,TD,triads,legs,tax_match,TRUE
SS1651868850581,US,TD,triads,ring,tax_match,TRUE
SS1651868850581,US,TD,triads,teacher,tax_match,TRUE
SS1651868850581,US,TD,triads,dress,tax_match,TRUE
SS1651868852345,US,TD,triads,goat,tax_match,TRUE
SS1651868852345,US,TD,triads,legs,tax_match,TRUE
SS1651868852345,US,TD,triads,teacher,tax_match,TRUE
SS1651868852345,US,TD,triads,airplane,tax_match,TRUE
SS1651868852345,US,TD,triads,spoon,tax_match,TRUE
SS1651868852345,US,TD,triads,teacup,tax_match,TRUE
SS1651868852345,US,TD,triads,bowl,tax_match,TRUE
SS1651868868975,US,TD,triads,boot,tax_match,TRUE
SS1651868868975,US,TD,triads,saw,tax_match,FALSE
SS1651868868975,US,TD,triads,ring,tax_match,TRUE
SS1651868868975,US,TD,triads,spoon,tax_match,TRUE
SS1651868868975,US,TD,triads,teacup,tax_match,TRUE
SS1651868868975,US,TD,triads,pigeon,tax_match,TRUE
SS1651868873914,US,TD,triads,boot,tax_match,TRUE
SS1651868873914,US,TD,triads,legs,tax_match,FALSE
SS1651868873914,US,TD,triads,saw,tax_match,FALSE
SS1651868873914,US,TD,triads,notepad,tax_match,TRUE
SS1651868873914,US,TD,triads,elephant,tax_match,TRUE
SS1651868873914,US,TD,triads,dress,tax_match,TRUE
SS1651868873914,US,TD,triads,spoon,tax_match,TRUE
SS1651868873914,US,TD,triads,teacup,tax_match,TRUE
SS1651868873914,US,TD,triads,pigeon,tax_match,TRUE
SS1651868873914,US,TD,triads,bowl,tax_match,TRUE
SS1651868876318,US,TD,triads,boot,tax_match,FALSE
SS1651868876318,US,TD,triads,goat,tax_match,TRUE
SS1651868876318,US,TD,triads,saw,tax_match,FALSE
SS1651868876318,US,TD,triads,notepad,tax_match,TRUE
SS1651868876318,US,TD,triads,ring,tax_match,FALSE
SS1651868876318,US,TD,triads,airplane,tax_match,TRUE
SS1651868876318,US,TD,triads,dress,tax_match,TRUE
SS1651868876318,US,TD,triads,bowl,tax_match,FALSE
SS1651868901145,US,TD,triads,bee,tax_match,TRUE
SS1651868901145,US,TD,triads,legs,tax_match,TRUE
SS1651868901145,US,TD,triads,notepad,tax_match,TRUE
SS1651868901145,US,TD,triads,airplane,tax_match,TRUE
SS1651868901145,US,TD,triads,spoon,tax_match,TRUE
SS1651868901145,US,TD,triads,bowl,tax_match,TRUE
SS1651868924360,US,TD,triads,boot,tax_match,TRUE
SS1651868924360,US,TD,triads,legs,tax_match,TRUE
SS1651868924360,US,TD,triads,saw,tax_match,FALSE
SS1651868924360,US,TD,triads,notepad,tax_match,TRUE
SS1651868924360,US,TD,triads,elephant,tax_match,TRUE
SS1651868924360,US,TD,triads,airplane,tax_match,TRUE
SS1651868924360,US,TD,triads,dress,tax_match,TRUE
SS1651868924360,US,TD,triads,teacup,tax_match,TRUE
SS1651868924360,US,TD,triads,bowl,tax_match,FALSE
SS1651868966456,US,TD,triads,bee,tax_match,FALSE
SS1651868966456,US,TD,triads,legs,tax_match,TRUE
SS1651868966456,US,TD,triads,ring,tax_match,FALSE
SS1651868966456,US,TD,triads,elephant,tax_match,FALSE
SS1651868966456,US,TD,triads,dress,tax_match,TRUE
SS1651868966456,US,TD,triads,spoon,tax_match,TRUE
SS1651868966456,US,TD,triads,bowl,tax_match,FALSE
SS1651869014963,US,TD,triads,goat,tax_match,TRUE
SS1651869014963,US,TD,triads,legs,tax_match,FALSE
SS1651869014963,US,TD,triads,notepad,tax_match,TRUE
SS1651869014963,US,TD,triads,elephant,tax_match,TRUE
SS1651869014963,US,TD,triads,airplane,tax_match,FALSE
SS1651869014963,US,TD,triads,pigeon,tax_match,FALSE
SS1651869014963,US,TD,triads,bowl,tax_match,FALSE
SS1651869017878,US,TD,triads,legs,tax_match,TRUE
SS1651869017878,US,TD,triads,saw,tax_match,FALSE
SS1651869017878,US,TD,triads,ring,tax_match,FALSE
SS1651869017878,US,TD,triads,elephant,tax_match,FALSE
SS1651869017878,US,TD,triads,airplane,tax_match,TRUE
SS1651869017878,US,TD,triads,spoon,tax_match,TRUE
SS1651869017878,US,TD,triads,teacup,tax_match,FALSE
SS1651869021473,US,TD,triads,boot,tax_match,TRUE
SS1651869021473,US,TD,triads,saw,tax_match,FALSE
SS1651869021473,US,TD,triads,ring,tax_match,TRUE
SS1651869021473,US,TD,triads,elephant,tax_match,TRUE
SS1651869021473,US,TD,triads,teacher,tax_match,TRUE
SS1651869021473,US,TD,triads,dress,tax_match,TRUE
SS1651869021473,US,TD,triads,spoon,tax_match,TRUE
SS1651869024622,US,TD,triads,bee,tax_match,FALSE
SS1651869024622,US,TD,triads,boot,tax_match,TRUE
SS1651869024622,US,TD,triads,goat,tax_match,TRUE
SS1651869024622,US,TD,triads,ring,tax_match,FALSE
SS1651869024622,US,TD,triads,teacup,tax_match,FALSE
SS1651869024622,US,TD,triads,pigeon,tax_match,FALSE
SS1651869024622,US,TD,triads,bowl,tax_match,TRUE
SS1651869038791,US,TD,triads,goat,tax_match,TRUE
SS1651869038791,US,TD,triads,saw,tax_match,FALSE
SS1651869038791,US,TD,triads,notepad,tax_match,TRUE
SS1651869038791,US,TD,triads,dress,tax_match,TRUE
SS1651869038791,US,TD,triads,spoon,tax_match,TRUE
SS1651869038791,US,TD,triads,bowl,tax_match,TRUE
SS1651869076619,US,TD,triads,goat,tax_match,TRUE
SS1651869076619,US,TD,triads,airplane,tax_match,TRUE
SS1651869076619,US,TD,triads,dress,tax_match,TRUE
SS1651869076619,US,TD,triads,spoon,tax_match,TRUE
SS1651869076619,US,TD,triads,teacup,tax_match,FALSE
SS1651869076619,US,TD,triads,pigeon,tax_match,TRUE
SS1651869076619,US,TD,triads,bowl,tax_match,TRUE
SS1651869096666,US,TD,triads,bee,tax_match,TRUE
SS1651869096666,US,TD,triads,goat,tax_match,TRUE
SS1651869096666,US,TD,triads,legs,tax_match,TRUE
SS1651869096666,US,TD,triads,saw,tax_match,FALSE
SS1651869096666,US,TD,triads,notepad,tax_match,TRUE
SS1651869096666,US,TD,triads,elephant,tax_match,TRUE
SS1651869096666,US,TD,triads,teacher,tax_match,TRUE
SS1651869096666,US,TD,triads,teacup,tax_match,TRUE
SS1651869096666,US,TD,triads,pigeon,tax_match,TRUE
SS1651869107778,US,TD,triads,boot,tax_match,FALSE
SS1651869107778,US,TD,triads,goat,tax_match,FALSE
SS1651869107778,US,TD,triads,saw,tax_match,FALSE
SS1651869107778,US,TD,triads,ring,tax_match,TRUE
SS1651869107778,US,TD,triads,airplane,tax_match,TRUE
SS1651869107778,US,TD,triads,spoon,tax_match,TRUE
SS1651869107778,US,TD,triads,pigeon,tax_match,FALSE
SS1651869115143,US,TD,triads,bee,tax_match,FALSE
SS1651869115143,US,TD,triads,goat,tax_match,TRUE
SS1651869115143,US,TD,triads,saw,tax_match,FALSE
SS1651869115143,US,TD,triads,notepad,tax_match,TRUE
SS1651869115143,US,TD,triads,ring,tax_match,TRUE
SS1651869115143,US,TD,triads,elephant,tax_match,TRUE
SS1651869115143,US,TD,triads,airplane,tax_match,TRUE
SS1651869115143,US,TD,triads,dress,tax_match,FALSE
SS1651869115143,US,TD,triads,teacup,tax_match,FALSE
SS1651869115143,US,TD,triads,pigeon,tax_match,FALSE
SS1651869117517,US,TD,triads,bee,tax_match,TRUE
SS1651869117517,US,TD,triads,boot,tax_match,TRUE
SS1651869117517,US,TD,triads,saw,tax_match,FALSE
SS1651869117517,US,TD,triads,teacher,tax_match,FALSE
SS1651869117517,US,TD,triads,dress,tax_match,TRUE
SS1651869117517,US,TD,triads,spoon,tax_match,TRUE
SS1651869117517,US,TD,triads,bowl,tax_match,TRUE
SS1651869119140,US,TD,triads,bee,tax_match,TRUE
SS1651869119140,US,TD,triads,boot,tax_match,TRUE
SS1651869119140,US,TD,triads,notepad,tax_match,TRUE
SS1651869119140,US,TD,triads,ring,tax_match,TRUE
SS1651869119140,US,TD,triads,teacher,tax_match,FALSE
SS1651869119140,US,TD,triads,airplane,tax_match,TRUE
SS1651869119140,US,TD,triads,pigeon,tax_match,TRUE
SS1651869128913,US,TD,triads,saw,tax_match,FALSE
SS1651869128913,US,TD,triads,notepad,tax_match,TRUE
SS1651869128913,US,TD,triads,teacher,tax_match,FALSE
SS1651869128913,US,TD,triads,spoon,tax_match,TRUE
SS1651869128913,US,TD,triads,teacup,tax_match,FALSE
SS1651869128913,US,TD,triads,bowl,tax_match,FALSE
SS1651869192697,US,TD,triads,bee,tax_match,TRUE
SS1651869192697,US,TD,triads,boot,tax_match,FALSE
SS1651869192697,US,TD,triads,legs,tax_match,FALSE
SS1651869192697,US,TD,triads,saw,tax_match,FALSE
SS1651869192697,US,TD,triads,elephant,tax_match,FALSE
SS1651869192697,US,TD,triads,teacher,tax_match,FALSE
SS1651869192697,US,TD,triads,teacup,tax_match,TRUE
SS1651869192697,US,TD,triads,pigeon,tax_match,TRUE
SS1651869192697,US,TD,triads,bowl,tax_match,FALSE
SS1651869198002,US,TD,triads,goat,tax_match,TRUE
SS1651869198002,US,TD,triads,legs,tax_match,TRUE
SS1651869198002,US,TD,triads,teacher,tax_match,FALSE
SS1651869198002,US,TD,triads,airplane,tax_match,TRUE
SS1651869198002,US,TD,triads,dress,tax_match,TRUE
SS1651869198002,US,TD,triads,spoon,tax_match,TRUE
SS1651869198002,US,TD,triads,teacup,tax_match,FALSE
SS1651869198002,US,TD,triads,pigeon,tax_match,TRUE
SS1651869198002,US,TD,triads,bowl,tax_match,TRUE
SS1651869512955,US,TD,triads,boot,tax_match,TRUE
SS1651869512955,US,TD,triads,legs,tax_match,TRUE
SS1651869512955,US,TD,triads,ring,tax_match,TRUE
SS1651869512955,US,TD,triads,elephant,tax_match,TRUE
SS1651869512955,US,TD,triads,airplane,tax_match,TRUE
SS1651869512955,US,TD,triads,spoon,tax_match,TRUE
SS1651869512955,US,TD,triads,teacup,tax_match,TRUE
SS1651869512955,US,TD,triads,pigeon,tax_match,TRUE
SS1651869512955,US,TD,triads,bowl,tax_match,TRUE
SS1651869609511,US,TD,triads,boot,tax_match,TRUE
SS1651869609511,US,TD,triads,saw,tax_match,FALSE
SS1651869609511,US,TD,triads,notepad,tax_match,TRUE
SS1651869609511,US,TD,triads,ring,tax_match,TRUE
SS1651869609511,US,TD,triads,teacher,tax_match,TRUE
SS1651869609511,US,TD,triads,airplane,tax_match,TRUE
SS1651869609511,US,TD,triads,spoon,tax_match,TRUE
SS1651869609511,US,TD,triads,pigeon,tax_match,TRUE
SS1651869609511,US,TD,triads,bowl,tax_match,TRUE
SS1651869808693,US,TD,triads,boot,tax_match,TRUE
SS1651869808693,US,TD,triads,saw,tax_match,FALSE
SS1651869808693,US,TD,triads,elephant,tax_match,TRUE
SS1651869808693,US,TD,triads,bowl,tax_match,TRUE
SS1651869849200,US,TD,triads,boot,tax_match,TRUE
SS1651869849200,US,TD,triads,ring,tax_match,TRUE
SS1651869849200,US,TD,triads,elephant,tax_match,TRUE
SS1651869849200,US,TD,triads,teacher,tax_match,FALSE
SS1651869849200,US,TD,triads,airplane,tax_match,TRUE
SS1651869849200,US,TD,triads,dress,tax_match,TRUE
SS1651869849200,US,TD,triads,spoon,tax_match,TRUE
SS1651869849200,US,TD,triads,teacup,tax_match,TRUE
SS1651869849200,US,TD,triads,bowl,tax_match,TRUE
SS1651870014949,US,TD,triads,bee,tax_match,TRUE
SS1651870014949,US,TD,triads,boot,tax_match,TRUE
SS1651870014949,US,TD,triads,notepad,tax_match,TRUE
SS1651870014949,US,TD,triads,ring,tax_match,FALSE
SS1651870014949,US,TD,triads,elephant,tax_match,TRUE
SS1651870014949,US,TD,triads,airplane,tax_match,TRUE
SS1651870014949,US,TD,triads,dress,tax_match,TRUE
SS1651870014949,US,TD,triads,teacup,tax_match,FALSE
SS1651870014949,US,TD,triads,pigeon,tax_match,TRUE
SS1651870014949,US,TD,triads,bowl,tax_match,TRUE
SS1651870238624,US,TD,triads,bee,tax_match,FALSE
SS1651870238624,US,TD,triads,legs,tax_match,TRUE
SS1651870238624,US,TD,triads,saw,tax_match,FALSE
SS1651870238624,US,TD,triads,elephant,tax_match,TRUE
SS1651870238624,US,TD,triads,dress,tax_match,FALSE
SS1651870238624,US,TD,triads,pigeon,tax_match,FALSE
SS1651870376242,US,TD,triads,boot,tax_match,TRUE
SS1651870376242,US,TD,triads,saw,tax_match,FALSE
SS1651870376242,US,TD,triads,elephant,tax_match,TRUE
SS1651870376242,US,TD,triads,teacher,tax_match,TRUE
SS1651870376242,US,TD,triads,dress,tax_match,TRUE
SS1651870376242,US,TD,triads,bowl,tax_match,TRUE
SS1651870443746,US,TD,triads,boot,tax_match,FALSE
SS1651870443746,US,TD,triads,legs,tax_match,FALSE
SS1651870443746,US,TD,triads,ring,tax_match,FALSE
SS1651870443746,US,TD,triads,dress,tax_match,TRUE
SS1651870443746,US,TD,triads,spoon,tax_match,FALSE
SS1651870443746,US,TD,triads,pigeon,tax_match,FALSE
SS1651871550730,US,TD,triads,notepad,tax_match,TRUE
SS1651871550730,US,TD,triads,ring,tax_match,TRUE
SS1651871550730,US,TD,triads,airplane,tax_match,TRUE
SS1651871550730,US,TD,triads,dress,tax_match,TRUE
SS1651871550730,US,TD,triads,teacup,tax_match,TRUE
SS1651871841115,US,TD,triads,bee,tax_match,TRUE
SS1651871841115,US,TD,triads,saw,tax_match,FALSE
SS1651871841115,US,TD,triads,ring,tax_match,TRUE
SS1651871841115,US,TD,triads,elephant,tax_match,TRUE
SS1651871841115,US,TD,triads,teacup,tax_match,FALSE
SS1651871889261,US,TD,triads,boot,tax_match,TRUE
SS1651871889261,US,TD,triads,elephant,tax_match,TRUE
SS1651871889261,US,TD,triads,teacher,tax_match,FALSE
SS1651871889261,US,TD,triads,spoon,tax_match,TRUE
SS1651871889261,US,TD,triads,teacup,tax_match,TRUE
SS1651871889261,US,TD,triads,bowl,tax_match,TRUE
SS1651872480719,US,TD,triads,goat,tax_match,TRUE
SS1651872480719,US,TD,triads,legs,tax_match,TRUE
SS1651872480719,US,TD,triads,notepad,tax_match,TRUE
SS1651872480719,US,TD,triads,elephant,tax_match,TRUE
SS1651872480719,US,TD,triads,teacup,tax_match,TRUE
SS1651872480719,US,TD,triads,pigeon,tax_match,TRUE
SS1651873332890,US,TD,triads,goat,tax_match,FALSE
SS1651873332890,US,TD,triads,legs,tax_match,TRUE
SS1651873332890,US,TD,triads,saw,tax_match,FALSE
SS1651873332890,US,TD,triads,ring,tax_match,FALSE
SS1651873332890,US,TD,triads,teacher,tax_match,FALSE
SS1651873332890,US,TD,triads,dress,tax_match,TRUE
SS1651873332890,US,TD,triads,teacup,tax_match,FALSE
SS1651873332890,US,TD,triads,pigeon,tax_match,FALSE
SS1651873359386,US,TD,triads,goat,tax_match,TRUE
SS1651873359386,US,TD,triads,legs,tax_match,FALSE
SS1651873359386,US,TD,triads,notepad,tax_match,TRUE
SS1651873359386,US,TD,triads,teacher,tax_match,TRUE
SS1651873359386,US,TD,triads,airplane,tax_match,TRUE
SS1651873359386,US,TD,triads,dress,tax_match,TRUE
SS1651873359386,US,TD,triads,spoon,tax_match,FALSE
SS1651873359386,US,TD,triads,pigeon,tax_match,TRUE
SS1651878926426,US,TD,triads,bee,tax_match,TRUE
SS1651878926426,US,TD,triads,goat,tax_match,TRUE
SS1651878926426,US,TD,triads,ring,tax_match,TRUE
SS1651878926426,US,TD,triads,elephant,tax_match,TRUE
SS1651878926426,US,TD,triads,teacher,tax_match,TRUE
SS1651878926426,US,TD,triads,dress,tax_match,TRUE
SS1651878926426,US,TD,triads,pigeon,tax_match,TRUE
SS1651878928252,US,TD,triads,boot,tax_match,TRUE
SS1651878928252,US,TD,triads,goat,tax_match,TRUE
SS1651878928252,US,TD,triads,legs,tax_match,FALSE
SS1651878928252,US,TD,triads,saw,tax_match,FALSE
SS1651878928252,US,TD,triads,elephant,tax_match,TRUE
SS1651878928252,US,TD,triads,airplane,tax_match,FALSE
SS1651878928252,US,TD,triads,dress,tax_match,TRUE
SS1651878928252,US,TD,triads,spoon,tax_match,TRUE
SS1651544690789,CN,TD,triads,锯子,tax_match,FALSE
SS1651544690789,CN,TD,triads,大象,tax_match,FALSE
SS1651544690789,CN,TD,triads,靴子,tax_match,FALSE
SS1651544690789,CN,TD,triads,连衣裙,tax_match,FALSE
SS1651544690789,CN,TD,triads,鸽子,tax_match,FALSE
SS1651544690789,CN,TD,triads,飞机,tax_match,FALSE
SS1651544690789,CN,TD,triads,山羊,tax_match,FALSE
SS1651544913549,CN,TD,triads,锯子,tax_match,FALSE
SS1651544913549,CN,TD,triads,大象,tax_match,TRUE
SS1651544913549,CN,TD,triads,连衣裙,tax_match,FALSE
SS1651544913549,CN,TD,triads,鸽子,tax_match,FALSE
SS1651544913549,CN,TD,triads,山羊,tax_match,FALSE
SS1651544913549,CN,TD,triads,老师,tax_match,FALSE
SS1651544913549,CN,TD,triads,茶杯,tax_match,FALSE
SS1651544929438,CN,TD,triads,锯子,tax_match,FALSE
SS1651544929438,CN,TD,triads,连衣裙,tax_match,FALSE
SS1651544929438,CN,TD,triads,鸽子,tax_match,TRUE
SS1651544929438,CN,TD,triads,山羊,tax_match,FALSE
SS1651544929438,CN,TD,triads,蜜蜂,tax_match,FALSE
SS1651544929438,CN,TD,triads,老师,tax_match,FALSE
SS1651544929438,CN,TD,triads,草稿本,tax_match,TRUE
SS1651544929438,CN,TD,triads,锯子,tax_match,TRUE
SS1651544929438,CN,TD,triads,碗,tax_match,TRUE
SS1651545081461,CN,TD,triads,大象,tax_match,FALSE
SS1651545081461,CN,TD,triads,老师,tax_match,FALSE
SS1651545081461,CN,TD,triads,草稿本,tax_match,TRUE
SS1651545081461,CN,TD,triads,勺子,tax_match,TRUE
SS1651545081461,CN,TD,triads,碗,tax_match,FALSE
SS1651545081461,CN,TD,triads,婚戒,tax_match,FALSE
SS1651545105150,CN,TD,triads,锯子,tax_match,FALSE
SS1651545105150,CN,TD,triads,大象,tax_match,FALSE
SS1651545105150,CN,TD,triads,鸽子,tax_match,FALSE
SS1651545105150,CN,TD,triads,飞机,tax_match,FALSE
SS1651545105150,CN,TD,triads,山羊,tax_match,FALSE
SS1651545105150,CN,TD,triads,茶杯,tax_match,TRUE
SS1651545105150,CN,TD,triads,碗,tax_match,TRUE
SS1651545105150,CN,TD,triads,婚戒,tax_match,FALSE
SS1651545107281,CN,TD,triads,大象,tax_match,TRUE
SS1651545107281,CN,TD,triads,山羊,tax_match,TRUE
SS1651545107281,CN,TD,triads,锯子,tax_match,TRUE
SS1651545107281,CN,TD,triads,草稿本,tax_match,TRUE
SS1651545107281,CN,TD,triads,茶杯,tax_match,TRUE
SS1651545107281,CN,TD,triads,婚戒,tax_match,TRUE
SS1651545123067,CN,TD,triads,锯子,tax_match,FALSE
SS1651545123067,CN,TD,triads,大象,tax_match,FALSE
SS1651545123067,CN,TD,triads,靴子,tax_match,TRUE
SS1651545123067,CN,TD,triads,连衣裙,tax_match,FALSE
SS1651545123067,CN,TD,triads,鸽子,tax_match,FALSE
SS1651545123067,CN,TD,triads,飞机,tax_match,FALSE
SS1651545123067,CN,TD,triads,蜜蜂,tax_match,TRUE
SS1651545123067,CN,TD,triads,老师,tax_match,FALSE
SS1651545123067,CN,TD,triads,草稿本,tax_match,FALSE
SS1651545188145,CN,TD,triads,锯子,tax_match,FALSE
SS1651545188145,CN,TD,triads,飞机,tax_match,TRUE
SS1651545188145,CN,TD,triads,老师,tax_match,FALSE
SS1651545188145,CN,TD,triads,勺子,tax_match,TRUE
SS1651545279588,CN,TD,triads,锯子,tax_match,FALSE
SS1651545279588,CN,TD,triads,连衣裙,tax_match,FALSE
SS1651545279588,CN,TD,triads,飞机,tax_match,TRUE
SS1651545279588,CN,TD,triads,蜜蜂,tax_match,TRUE
SS1651545279588,CN,TD,triads,豱羊,tax_match,FALSE
SS1651545279588,CN,TD,triads,茶杯,tax_match,TRUE
SS1651545279588,CN,TD,triads,鸽子,tax_match,FALSE
SS1651545285513,CN,TD,triads,山羊,tax_match,FALSE
SS1651545285513,CN,TD,triads,蜜蜂,tax_match,FALSE
SS1651545285513,CN,TD,triads,草稿本,tax_match,TRUE
SS1651545285513,CN,TD,triads,茶杯,tax_match,TRUE
SS1651545285513,CN,TD,triads,腿,tax_match,FALSE
SS1651545357097,CN,TD,triads,大象,tax_match,FALSE
SS1651545357097,CN,TD,triads,靴子,tax_match,FALSE
SS1651545357097,CN,TD,triads,连衣裙,tax_match,TRUE
SS1651545357097,CN,TD,triads,鸽子,tax_match,FALSE
SS1651545357097,CN,TD,triads,山羊,tax_match,FALSE
SS1651545357097,CN,TD,triads,老师,tax_match,FALSE
SS1651545357097,CN,TD,triads,勺子,tax_match,FALSE
SS1651545357097,CN,TD,triads,碗,tax_match,FALSE
SS1651545357097,CN,TD,triads,婚戒,tax_match,FALSE
SS1651545751233,CN,TD,triads,大象,tax_match,TRUE
SS1651545751233,CN,TD,triads,靴子,tax_match,TRUE
SS1651545751233,CN,TD,triads,连衣裙,tax_match,TRUE
SS1651545751233,CN,TD,triads,鸽子,tax_match,TRUE
SS1651545751233,CN,TD,triads,山羊,tax_match,TRUE
SS1651545751233,CN,TD,triads,勺子,tax_match,TRUE
SS1651545751233,CN,TD,triads,婚戒,tax_match,TRUE
SS1651546122639,CN,TD,triads,连衣裙,tax_match,TRUE
SS1651546122639,CN,TD,triads,鸽子,tax_match,TRUE
SS1651546122639,CN,TD,triads,飞机,tax_match,TRUE
SS1651546122639,CN,TD,triads,山羊,tax_match,TRUE
SS1651546122639,CN,TD,triads,老师,tax_match,TRUE
SS1651546122639,CN,TD,triads,草稿本,tax_match,TRUE
SS1651546122639,CN,TD,triads,茶杯,tax_match,TRUE
SS1651546122639,CN,TD,triads,婚戒,tax_match,TRUE
SS1651546827542,CN,TD,triads,大象,tax_match,FALSE
SS1651546827542,CN,TD,triads,靴子,tax_match,FALSE
SS1651546827542,CN,TD,triads,连衣裙,tax_match,TRUE
SS1651546827542,CN,TD,triads,飞机,tax_match,FALSE
SS1651546827542,CN,TD,triads,山羊,tax_match,FALSE
SS1651546827542,CN,TD,triads,草稿本,tax_match,TRUE
SS1651546827542,CN,TD,triads,碗,tax_match,TRUE
SS1651546827542,CN,TD,triads,婚戒,tax_match,FALSE
SS1651546915326,CN,TD,triads,锯子,tax_match,FALSE
SS1651546915326,CN,TD,triads,靴子,tax_match,FALSE
SS1651546915326,CN,TD,triads,连衣裙,tax_match,FALSE
SS1651546915326,CN,TD,triads,飞机,tax_match,FALSE
SS1651546915326,CN,TD,triads,山羊,tax_match,FALSE
SS1651546915326,CN,TD,triads,老师,tax_match,FALSE
SS1651546915326,CN,TD,triads,草稿本,tax_match,TRUE
SS1651546915326,CN,TD,triads,勺子,tax_match,TRUE
SS1651547162777,CN,TD,triads,大象,tax_match,FALSE
SS1651547162777,CN,TD,triads,靴子,tax_match,FALSE
SS1651547162777,CN,TD,triads,连衣裙,tax_match,FALSE
SS1651547162777,CN,TD,triads,飞机,tax_match,FALSE
SS1651547162777,CN,TD,triads,勺子,tax_match,FALSE
SS1651547162777,CN,TD,triads,腿,tax_match,FALSE
SS1651548143005,CN,TD,triads,勺子,tax_match,FALSE
SS1651548143005,CN,TD,triads,茶杯,tax_match,FALSE
SS1651548143005,CN,TD,triads,飞机,tax_match,FALSE
SS1651548143005,CN,TD,triads,蜜蜂,tax_match,FALSE
SS1651548143005,CN,TD,triads,老师,tax_match,FALSE
SS1651548143005,CN,TD,triads,勺子,tax_match,TRUE
SS1651548143005,CN,TD,triads,婚戒,tax_match,FALSE
SS1651548143005,CN,TD,triads,腿,tax_match,FALSE
SS1651552362039,CN,TD,triads,锯子,tax_match,FALSE
SS1651552362039,CN,TD,triads,靴子,tax_match,FALSE
SS1651552362039,CN,TD,triads,老师,tax_match,FALSE
SS1651552362039,CN,TD,triads,草稿本,tax_match,TRUE
SS1651552362039,CN,TD,triads,茶杯,tax_match,TRUE
SS1651552362039,CN,TD,triads,腿,tax_match,FALSE
SS1651552837542,CN,TD,triads,锯子,tax_match,FALSE
SS1651552837542,CN,TD,triads,大象,tax_match,TRUE
SS1651552837542,CN,TD,triads,连衣裙,tax_match,TRUE
SS1651552837542,CN,TD,triads,山羊,tax_match,TRUE
SS1651552837542,CN,TD,triads,茶杯,tax_match,FALSE
SS1651552837542,CN,TD,triads,婚戒,tax_match,FALSE
SS1651552837542,CN,TD,triads,腿,tax_match,TRUE
SS1651553474432,CN,TD,triads,锯子,tax_match,FALSE
SS1651553474432,CN,TD,triads,靴子,tax_match,FALSE
SS1651553474432,CN,TD,triads,连衣裙,tax_match,FALSE
SS1651553474432,CN,TD,triads,蜜蜂,tax_match,FALSE
SS1651553474432,CN,TD,triads,老师,tax_match,FALSE
SS1651553474432,CN,TD,triads,草稿本,tax_match,FALSE
SS1651553474432,CN,TD,triads,靴子,tax_match,TRUE
SS1651553474432,CN,TD,triads,婚戒,tax_match,TRUE
SS1651553913160,CN,TD,triads,连衣裙,tax_match,FALSE
SS1651553913160,CN,TD,triads,蜜蜂,tax_match,FALSE
SS1651553913160,CN,TD,triads,勺子,tax_match,TRUE
SS1651553913160,CN,TD,triads,碗,tax_match,TRUE
SS1651553969715,CN,TD,triads,锯子,tax_match,FALSE
SS1651553969715,CN,TD,triads,靴子,tax_match,FALSE
SS1651553969715,CN,TD,triads,连衣裙,tax_match,FALSE
SS1651553969715,CN,TD,triads,勺子,tax_match,TRUE
SS1651553969715,CN,TD,triads,碗,tax_match,FALSE
SS1651553969715,CN,TD,triads,勺子,tax_match,TRUE
SS1651554145523,CN,TD,triads,大象,tax_match,TRUE
SS1651554145523,CN,TD,triads,山羊,tax_match,TRUE
SS1651554145523,CN,TD,triads,老师,tax_match,FALSE
SS1651554145523,CN,TD,triads,草稿本,tax_match,TRUE
SS1651554145523,CN,TD,triads,碗,tax_match,TRUE
SS1651554145523,CN,TD,triads,碗,tax_match,TRUE
SS1651554145523,CN,TD,triads,婚戒,tax_match,TRUE
SS1651554184228,CN,TD,triads,锯子,tax_match,FALSE
SS1651554184228,CN,TD,triads,靴子,tax_match,TRUE
SS1651554184228,CN,TD,triads,鸽子,tax_match,TRUE
SS1651554184228,CN,TD,triads,飞机,tax_match,TRUE
SS1651554184228,CN,TD,triads,山羊,tax_match,TRUE
SS1651554184228,CN,TD,triads,老师,tax_match,TRUE
SS1651554184228,CN,TD,triads,草稿本,tax_match,TRUE
SS1651554184228,CN,TD,triads,勺子,tax_match,TRUE
SS1651554184228,CN,TD,triads,茶杯,tax_match,TRUE
SS1651554284065,CN,TD,triads,锯子,tax_match,FALSE
SS1651554284065,CN,TD,triads,连衣裙,tax_match,TRUE
SS1651554284065,CN,TD,triads,鸽子,tax_match,FALSE
SS1651554284065,CN,TD,triads,山羊,tax_match,FALSE
SS1651554284065,CN,TD,triads,蜜蜂,tax_match,TRUE
SS1651554284065,CN,TD,triads,勺子,tax_match,TRUE
SS1651554284065,CN,TD,triads,茶杯,tax_match,TRUE
SS1651554284065,CN,TD,triads,碗,tax_match,TRUE
SS1651554284065,CN,TD,triads,婚戒,tax_match,FALSE
SS1651554809980,CN,TD,triads,锯子,tax_match,FALSE
SS1651554809980,CN,TD,triads,婚戒,tax_match,FALSE
SS1651554809980,CN,TD,triads,靴子,tax_match,FALSE
SS1651554809980,CN,TD,triads,连衣裙,tax_match,TRUE
SS1651554809980,CN,TD,triads,鸽子,tax_match,FALSE
SS1651554809980,CN,TD,triads,山羊,tax_match,TRUE
SS1651554809980,CN,TD,triads,草稿本,tax_match,TRUE
SS1651554809980,CN,TD,triads,腿,tax_match,FALSE
SS1651555233128,CN,TD,triads,大象,tax_match,FALSE
SS1651555233128,CN,TD,triads,靴子,tax_match,FALSE
SS1651555233128,CN,TD,triads,鸽子,tax_match,FALSE
SS1651555233128,CN,TD,triads,飞机,tax_match,TRUE
SS1651555233128,CN,TD,triads,勺子,tax_match,TRUE
SS1651555233128,CN,TD,triads,碗,tax_match,FALSE
SS1651555233128,CN,TD,triads,婚戒,tax_match,FALSE
SS1651555233128,CN,TD,triads,腿,tax_match,FALSE
SS1651559729763,CN,TD,triads,鸽子,tax_match,FALSE
SS1651559729763,CN,TD,triads,飞机,tax_match,FALSE
SS1651559729763,CN,TD,triads,勺子,tax_match,TRUE
SS1651559729763,CN,TD,triads,茶杯,tax_match,FALSE
SS1651559729763,CN,TD,triads,碗,tax_match,FALSE
SS1651559729763,CN,TD,triads,腿,tax_match,FALSE
SS1651560025455,CN,TD,triads,锯子,tax_match,FALSE
SS1651560025455,CN,TD,triads,靴子,tax_match,TRUE
SS1651560025455,CN,TD,triads,连衣裙,tax_match,TRUE
SS1651560025455,CN,TD,triads,鸽子,tax_match,TRUE
SS1651560025455,CN,TD,triads,勺子,tax_match,TRUE
SS1651560025455,CN,TD,triads,碗,tax_match,TRUE
SS1651560025455,CN,TD,triads,腗,tax_match,TRUE
SS1651561685665,CN,TD,triads,大象,tax_match,TRUE
SS1651561685665,CN,TD,triads,连衣裙,tax_match,FALSE
SS1651561685665,CN,TD,triads,鸽子,tax_match,TRUE
SS1651561685665,CN,TD,triads,飞机,tax_match,TRUE
SS1651561685665,CN,TD,triads,蜜蜂,tax_match,TRUE
SS1651561685665,CN,TD,triads,碗,tax_match,TRUE
SS1651561685665,CN,TD,triads,腿,tax_match,TRUE
SS1651562034956,CN,TD,triads,大象,tax_match,FALSE
SS1651562034956,CN,TD,triads,靴子,tax_match,FALSE
SS1651562034956,CN,TD,triads,飞机,tax_match,FALSE
SS1651562034956,CN,TD,triads,蜜蜂,tax_match,FALSE
SS1651562034956,CN,TD,triads,老师,tax_match,FALSE
SS1651562034956,CN,TD,triads,勺子,tax_match,FALSE
SS1651562034956,CN,TD,triads,碗,tax_match,FALSE
SS1651562034956,CN,TD,triads,婚戒,tax_match,FALSE
SS1651562034956,CN,TD,triads,腿,tax_match,FALSE
SS1651562868228,CN,TD,triads,锯子,tax_match,FALSE
SS1651562868228,CN,TD,triads,大象,tax_match,FALSE
SS1651562868228,CN,TD,triads,靴子,tax_match,FALSE
SS1651562868228,CN,TD,triads,鸽子,tax_match,FALSE
SS1651562868228,CN,TD,triads,山羊,tax_match,FALSE
SS1651562868228,CN,TD,triads,勺子,tax_match,TRUE
SS1651562868228,CN,TD,triads,茶杯,tax_match,TRUE
SS1651562868228,CN,TD,triads,碗,tax_match,TRUE
SS1651562868228,CN,TD,triads,腿,tax_match,FALSE
SS1651564260438,CN,TD,triads,靴子,tax_match,TRUE
SS1651564260438,CN,TD,triads,连衣裙,tax_match,TRUE
SS1651564260438,CN,TD,triads,山羊,tax_match,FALSE
SS1651564260438,CN,TD,triads,蜜蜂,tax_match,FALSE
SS1651564260438,CN,TD,triads,勺子,tax_match,TRUE
SS1651564260438,CN,TD,triads,山羊,tax_match,FALSE
SS1651564260438,CN,TD,triads,腿,tax_match,TRUE
SS1651564308340,CN,TD,triads,大象,tax_match,FALSE
SS1651564308340,CN,TD,triads,连衣裙,tax_match,FALSE
SS1651564308340,CN,TD,triads,飞机,tax_match,FALSE
SS1651564308340,CN,TD,triads,茶杯,tax_match,FALSE
SS1651564308340,CN,TD,triads,碗,tax_match,FALSE
SS1651564308340,CN,TD,triads,婚戒,tax_match,FALSE
SS1651565828518,CN,TD,triads,锯子,tax_match,FALSE
SS1651565828518,CN,TD,triads,大象,tax_match,TRUE
SS1651565828518,CN,TD,triads,连衣裙,tax_match,TRUE
SS1651565828518,CN,TD,triads,鸽子,tax_match,TRUE
SS1651565828518,CN,TD,triads,勺子,tax_match,TRUE
SS1651565828518,CN,TD,triads,碗,tax_match,TRUE
SS1651565828518,CN,TD,triads,婚戒,tax_match,TRUE
SS1651565828518,CN,TD,triads,腿,tax_match,TRUE
SS1651568252846,CN,TD,triads,连衣裙,tax_match,FALSE
SS1651568252846,CN,TD,triads,鸽子,tax_match,FALSE
SS1651568252846,CN,TD,triads,山羊,tax_match,FALSE
SS1651568252846,CN,TD,triads,老师,tax_match,FALSE
SS1651568252846,CN,TD,triads,勺子,tax_match,TRUE
SS1651568252846,CN,TD,triads,碗,tax_match,FALSE
SS1651568252846,CN,TD,triads,腿,tax_match,FALSE
SS1651568382617,CN,TD,triads,大象,tax_match,TRUE
SS1651568382617,CN,TD,triads,靴子,tax_match,TRUE
SS1651568382617,CN,TD,triads,连衣裙,tax_match,TRUE
SS1651568382617,CN,TD,triads,飞机,tax_match,TRUE
SS1651568382617,CN,TD,triads,老师,tax_match,FALSE
SS1651568382617,CN,TD,triads,勺子,tax_match,TRUE
SS1651568382617,CN,TD,triads,茶杯,tax_match,TRUE
SS1651568918829,CN,TD,triads,锯子,tax_match,FALSE
SS1651568918829,CN,TD,triads,连衣裙,tax_match,FALSE
SS1651568918829,CN,TD,triads,蜜蜂,tax_match,TRUE
SS1651568918829,CN,TD,triads,老师,tax_match,TRUE
SS1651568918829,CN,TD,triads,草稿本,tax_match,TRUE
SS1651568918829,CN,TD,triads,勺子,tax_match,TRUE
SS1651568918829,CN,TD,triads,婚戒,tax_match,FALSE
SS1651570752111,CN,TD,triads,锯子,tax_match,FALSE
SS1651570752111,CN,TD,triads,鸽子,tax_match,TRUE
SS1651570752111,CN,TD,triads,山羊,tax_match,TRUE
SS1651570752111,CN,TD,triads,蜜蜂,tax_match,TRUE
SS1651570752111,CN,TD,triads,老师,tax_match,TRUE
SS1651570752111,CN,TD,triads,草稿本,tax_match,TRUE
SS1651570752111,CN,TD,triads,茶杯,tax_match,TRUE
SS1651570752111,CN,TD,triads,碗,tax_match,TRUE
SS1651571509239,CN,TD,triads,锯子,tax_match,FALSE
SS1651571509239,CN,TD,triads,连衣裙,tax_match,FALSE
SS1651571509239,CN,TD,triads,鸽子,tax_match,FALSE
SS1651571509239,CN,TD,triads,飞机,tax_match,FALSE
SS1651571509239,CN,TD,triads,老师,tax_match,FALSE
SS1651571509239,CN,TD,triads,茶杯,tax_match,FALSE
SS1651571509239,CN,TD,triads,婚戒,tax_match,FALSE
SS1651571509239,CN,TD,triads,腿,tax_match,FALSE
SS1651572914976,CN,TD,triads,锯子,tax_match,FALSE
SS1651572914976,CN,TD,triads,连衣裙,tax_match,TRUE
SS1651572914976,CN,TD,triads,飞机,tax_match,TRUE
SS1651572914976,CN,TD,triads,山羊,tax_match,TRUE
SS1651572914976,CN,TD,triads,蜜蜂,tax_match,TRUE
SS1651572914976,CN,TD,triads,老师,tax_match,TRUE
SS1651572914976,CN,TD,triads,腿,tax_match,TRUE
SS1651576408487,CN,TD,triads,锯子,tax_match,FALSE
SS1651576408487,CN,TD,triads,靴子,tax_match,FALSE
SS1651576408487,CN,TD,triads,腿 ��,tax_match,TRUE
SS1651576408487,CN,TD,triads,山羊,tax_match,FALSE
SS1651576408487,CN,TD,triads,老师,tax_match,FALSE
SS1651576408487,CN,TD,triads,草稿本,tax_match,TRUE
SS1651576408487,CN,TD,triads,勺子,tax_match,TRUE
SS1651576408487,CN,TD,triads,茶杯,tax_match,TRUE
SS1651576408487,CN,TD,triads,婚戒,tax_match,TRUE
SS1651578940027,CN,TD,triads,靴子,tax_match,TRUE
SS1651578940027,CN,TD,triads,连衣裙,tax_match,TRUE
SS1651578940027,CN,TD,triads,飞机,tax_match,FALSE
SS1651578940027,CN,TD,triads,蜜蜂,tax_match,TRUE
SS1651578940027,CN,TD,triads,老师,tax_match,TRUE
SS1651578940027,CN,TD,triads,草稿本,tax_match,TRUE
SS1651578940027,CN,TD,triads,勺子,tax_match,TRUE
SS1651578940027,CN,TD,triads,茶杯,tax_match,FALSE
SS1651578940027,CN,TD,triads,碗,tax_match,TRUE
SS1651579399729,CN,TD,triads,锯子,tax_match,FALSE
SS1651579399729,CN,TD,triads,靴子,tax_match,FALSE
SS1651579399729,CN,TD,triads,鸽子,tax_match,FALSE
SS1651579399729,CN,TD,triads,蜜蜂,tax_match,FALSE
SS1651579399729,CN,TD,triads,老师,tax_match,FALSE
SS1651579399729,CN,TD,triads,勺子,tax_match,FALSE
SS1651579399729,CN,TD,triads,茶杯,tax_match,TRUE
SS1651579399729,CN,TD,triads,婚戒,tax_match,FALSE
SS1651579399729,CN,TD,triads,腿,tax_match,FALSE
SS1651582669897,CN,TD,triads,锯子,tax_match,FALSE
SS1651582669897,CN,TD,triads,大象,tax_match,TRUE
SS1651582669897,CN,TD,triads,连衣裙,tax_match,TRUE
SS1651582669897,CN,TD,triads,鸽子,tax_match,TRUE
SS1651582669897,CN,TD,triads,飞机,tax_match,TRUE
SS1651582669897,CN,TD,triads,蜜蜂,tax_match,TRUE
SS1651582669897,CN,TD,triads,勺子,tax_match,TRUE
SS1651582669897,CN,TD,triads,婚戒,tax_match,TRUE
SS1651582669897,CN,TD,triads,腿,tax_match,TRUE
SS1651620046254,CN,TD,triads,大象,tax_match,TRUE
SS1651620046254,CN,TD,triads,靴子,tax_match,FALSE
SS1651620046254,CN,TD,triads,鸽子,tax_match,FALSE
SS1651620046254,CN,TD,triads,老师,tax_match,FALSE
SS1651620046254,CN,TD,triads,草稿本,tax_match,TRUE
SS1651620046254,CN,TD,triads,勺子,tax_match,TRUE
SS1651620046254,CN,TD,triads,茶杯,tax_match,FALSE
SS1651620046254,CN,TD,triads,腿,tax_match,FALSE
SS1651623308643,CN,TD,triads,大象,tax_match,FALSE
SS1651623308643,CN,TD,triads,靴子,tax_match,TRUE
SS1651623308643,CN,TD,triads,飞机,tax_match,FALSE
SS1651623308643,CN,TD,triads,茶杯,tax_match,FALSE
SS1651623308643,CN,TD,triads,老师,tax_match,FALSE
SS1651623308643,CN,TD,triads,草稿本,tax_match,TRUE
SS1651623308643,CN,TD,triads,勺子,tax_match,TRUE
SS1651623308643,CN,TD,triads,碗,tax_match,TRUE
SS1651625504097,CN,TD,triads,锯子,tax_match,FALSE
SS1651625504097,CN,TD,triads,山羊,tax_match,TRUE
SS1651625504097,CN,TD,triads,蜜蜂,tax_match,TRUE
SS1651625504097,CN,TD,triads,老师,tax_match,TRUE
SS1651625504097,CN,TD,triads,勺子,tax_match,TRUE
SS1651625504097,CN,TD,triads,茶杯,tax_match,TRUE
SS1651629675682,CN,TD,triads,锯子,tax_match,FALSE
SS1651629675682,CN,TD,triads,靴子,tax_match,FALSE
SS1651629675682,CN,TD,triads,蜜蜂,tax_match,FALSE
SS1651629675682,CN,TD,triads,草稿本,tax_match,TRUE
SS1651629675682,CN,TD,triads,勺子,tax_match,FALSE
SS1651629675682,CN,TD,triads,碗,tax_match,FALSE
SS1651631038398,CN,TD,triads,靴子,tax_match,FALSE
SS1651631038398,CN,TD,triads,飞机,tax_match,TRUE
SS1651631038398,CN,TD,triads,袗 ��,tax_match,FALSE
SS1651631038398,CN,TD,triads,老师,tax_match,FALSE
SS1651631038398,CN,TD,triads,草稿本,tax_match,TRUE
SS1651631038398,CN,TD,triads,勺子,tax_match,TRUE
SS1651631038398,CN,TD,triads,腿,tax_match,TRUE
SS1651631374290,CN,TD,triads,锯子,tax_match,FALSE
SS1651631374290,CN,TD,triads,大象,tax_match,FALSE
SS1651631374290,CN,TD,triads,连衣裙,tax_match,FALSE
SS1651631374290,CN,TD,triads,飞机,tax_match,FALSE
SS1651631374290,CN,TD,triads,蜜蜂,tax_match,FALSE
SS1651631374290,CN,TD,triads,碗,tax_match,FALSE
SS1651632269384,CN,TD,triads,大象,tax_match,FALSE
SS1651632269384,CN,TD,triads,连衣裙,tax_match,FALSE
SS1651632269384,CN,TD,triads,飞机,tax_match,FALSE
SS1651632269384,CN,TD,triads,山羊,tax_match,FALSE
SS1651632269384,CN,TD,triads,蜜蜂,tax_match,FALSE
SS1651632269384,CN,TD,triads,老师,tax_match,FALSE
SS1651632269384,CN,TD,triads,草稿本,tax_match,TRUE
SS1651632269384,CN,TD,triads,茶杯,tax_match,FALSE
SS1651632269384,CN,TD,triads,腿,tax_match,FALSE
SS1651633449820,CN,TD,triads,连衣裙,tax_match,FALSE
SS1651633449820,CN,TD,triads,鸽子,tax_match,FALSE
SS1651633449820,CN,TD,triads,靴子,tax_match,FALSE
SS1651633449820,CN,TD,triads,老师,tax_match,FALSE
SS1651633449820,CN,TD,triads,勺子,tax_match,TRUE
SS1651633449820,CN,TD,triads,茶杯,tax_match,FALSE
SS1651634088254,CN,TD,triads,大象,tax_match,TRUE
SS1651634088254,CN,TD,triads,靴子,tax_match,TRUE
SS1651634088254,CN,TD,triads,鸽子,tax_match,TRUE
SS1651634088254,CN,TD,triads,蜜蜂,tax_match,TRUE
SS1651634088254,CN,TD,triads,锯子,tax_match,TRUE
SS1651634088254,CN,TD,triads,草稿本,tax_match,TRUE
SS1651634088254,CN,TD,triads,勺子,tax_match,TRUE
SS1651634088254,CN,TD,triads,碗,tax_match,TRUE
SS1651634616537,CN,TD,triads,大象,tax_match,TRUE
SS1651634616537,CN,TD,triads,靴子,tax_match,TRUE
SS1651634616537,CN,TD,triads,锯子,tax_match,TRUE
SS1651634616537,CN,TD,triads,蜜蜂,tax_match,TRUE
SS1651634616537,CN,TD,triads,连衣裙,tax_match,TRUE
SS1651634616537,CN,TD,triads,碗,tax_match,TRUE
SS1651634616537,CN,TD,triads,婚戒,tax_match,TRUE
SS1651634772197,CN,TD,triads,鸽子,tax_match,FALSE
SS1651634772197,CN,TD,triads,草稿本,tax_match,TRUE
SS1651634772197,CN,TD,triads,蜜蜂,tax_match,TRUE
SS1651634772197,CN,TD,triads,婚戒,tax_match,FALSE
SS1651636059839,CN,TD,triads,锯子,tax_match,FALSE
SS1651636059839,CN,TD,triads,大象,tax_match,FALSE
SS1651636059839,CN,TD,triads,靴子,tax_match,FALSE
SS1651636059839,CN,TD,triads,飞机,tax_match,FALSE
SS1651636059839,CN,TD,triads,蜜蜂,tax_match,FALSE
SS1651636059839,CN,TD,triads,锯子,tax_match,FALSE
SS1651636059839,CN,TD,triads,茶杯,tax_match,FALSE
SS1651636059839,CN,TD,triads,碗,tax_match,FALSE
SS1651637972613,CN,TD,triads,连衣裙,tax_match,TRUE
SS1651637972613,CN,TD,triads,鸽子,tax_match,TRUE
SS1651637972613,CN,TD,triads,蜜蜂,tax_match,TRUE
SS1651637972613,CN,TD,triads,老师,tax_match,TRUE
SS1651637972613,CN,TD,triads,勺子,tax_match,TRUE
SS1651637972613,CN,TD,triads,茶杯,tax_match,TRUE
SS1651637972613,CN,TD,triads,碗,tax_match,TRUE
SS1651642739005,CN,TD,triads,靴子,tax_match,FALSE
SS1651642739005,CN,TD,triads,鸽子,tax_match,FALSE
SS1651642739005,CN,TD,triads,靴子,tax_match,FALSE
SS1651642739005,CN,TD,triads,蜜蜂,tax_match,FALSE
SS1651642739005,CN,TD,triads,老师,tax_match,FALSE
SS1651642739005,CN,TD,triads,草稿本,tax_match,TRUE
SS1651642739005,CN,TD,triads,茶杯,tax_match,TRUE
SS1651642739005,CN,TD,triads,碗,tax_match,FALSE
SS1651644576691,CN,TD,triads,锯子,tax_match,FALSE
SS1651644576691,CN,TD,triads,连衣裙,tax_match,FALSE
SS1651644576691,CN,TD,triads,鸽子,tax_match,FALSE
SS1651644576691,CN,TD,triads,山羊,tax_match,FALSE
SS1651644576691,CN,TD,triads,蜜蜂,tax_match,FALSE
SS1651644576691,CN,TD,triads,老师,tax_match,FALSE
SS1651644576691,CN,TD,triads,草稿本,tax_match,TRUE
SS1651644576691,CN,TD,triads,茶杯,tax_match,FALSE
SS1651645903803,CN,TD,triads,锯子,tax_match,FALSE
SS1651645903803,CN,TD,triads,连衣裙,tax_match,FALSE
SS1651645903803,CN,TD,triads,飞机,tax_match,FALSE
SS1651645903803,CN,TD,triads,山羊,tax_match,FALSE
SS1651645903803,CN,TD,triads,茶杯,tax_match,FALSE
SS1651645903803,CN,TD,triads,腿,tax_match,FALSE
SS1651648364635,CN,TD,triads,大象,tax_match,FALSE
SS1651648364635,CN,TD,triads,连衣裙,tax_match,TRUE
SS1651648364635,CN,TD,triads,山羊,tax_match,TRUE
SS1651648364635,CN,TD,triads,草稿本,tax_match,TRUE
SS1651648364635,CN,TD,triads,茶杯,tax_match,FALSE
SS1651648364635,CN,TD,triads,碗,tax_match,TRUE
SS1651648364635,CN,TD,triads,婚戒,tax_match,FALSE
SS1651648364635,CN,TD,triads,腿,tax_match,FALSE
SS1651649525276,CN,TD,triads,锯子,tax_match,FALSE
SS1651649525276,CN,TD,triads,大象,tax_match,TRUE
SS1651649525276,CN,TD,triads,靴子,tax_match,FALSE
SS1651649525276,CN,TD,triads,鸽子,tax_match,FALSE
SS1651649525276,CN,TD,triads,蜜蜂,tax_match,FALSE
SS1651649525276,CN,TD,triads,老师,tax_match,TRUE
SS1651649525276,CN,TD,triads,茶杯,tax_match,FALSE
SS1651649525276,CN,TD,triads,婚戒,tax_match,FALSE
SS1651649525276,CN,TD,triads,腿,tax_match,TRUE
SS1651652206023,CN,TD,triads,锯子,tax_match,FALSE
SS1651652206023,CN,TD,triads,靴子,tax_match,FALSE
SS1651652206023,CN,TD,triads,连衣裙,tax_match,FALSE
SS1651652206023,CN,TD,triads,鸽子,tax_match,FALSE
SS1651652206023,CN,TD,triads,山羊,tax_match,FALSE
SS1651652206023,CN,TD,triads,老师,tax_match,FALSE
SS1651652206023,CN,TD,triads,茶杯,tax_match,FALSE
SS1651652206023,CN,TD,triads,婚戒,tax_match,TRUE
SS1651652979760,CN,TD,triads,大象,tax_match,FALSE
SS1651652979760,CN,TD,triads,茶杯,tax_match,TRUE
SS1651652979760,CN,TD,triads,连衣裙,tax_match,TRUE
SS1651652979760,CN,TD,triads,山羊,tax_match,FALSE
SS1651652979760,CN,TD,triads,山羊,tax_match,FALSE
SS1651652979760,CN,TD,triads,蜜蜂,tax_match,FALSE
SS1651652979760,CN,TD,triads,草稿本,tax_match,TRUE
SS1651652979760,CN,TD,triads,婚戒,tax_match,FALSE
SS1651654468673,CN,TD,triads,锯子,tax_match,FALSE
SS1651654468673,CN,TD,triads,连衣裙,tax_match,TRUE
SS1651654468673,CN,TD,triads,鸽子,tax_match,TRUE
SS1651654468673,CN,TD,triads,碗,tax_match,TRUE
SS1651654468673,CN,TD,triads,山羊,tax_match,FALSE
SS1651654468673,CN,TD,triads,蜜蜂,tax_match,TRUE
SS1651654468673,CN,TD,triads,老师,tax_match,TRUE
SS1651654468673,CN,TD,triads,碗,tax_match,FALSE
SS1651654992618,CN,TD,triads,锯子,tax_match,FALSE
SS1651654992618,CN,TD,triads,大象,tax_match,FALSE
SS1651654992618,CN,TD,triads,连衣裙,tax_match,FALSE
SS1651654992618,CN,TD,triads,鸽子,tax_match,FALSE
SS1651654992618,CN,TD,triads,蜜蜂,tax_match,TRUE
SS1651654992618,CN,TD,triads,老师,tax_match,FALSE
SS1651654992618,CN,TD,triads,勺子,tax_match,TRUE
SS1651654992618,CN,TD,triads,茶杯,tax_match,FALSE
SS1651654992618,CN,TD,triads,碗,tax_match,TRUE
SS1651654992618,CN,TD,triads,腿,tax_match,TRUE
SS1651655612985,CN,TD,triads,锯子,tax_match,FALSE
SS1651655612985,CN,TD,triads,鸽子,tax_match,FALSE
SS1651655612985,CN,TD,triads,蜜蜂,tax_match,TRUE
SS1651655612985,CN,TD,triads,老师,tax_match,FALSE
SS1651655612985,CN,TD,triads,茶杯,tax_match,FALSE
SS1651660777144,CN,TD,triads,靴子,tax_match,TRUE
SS1651660777144,CN,TD,triads,连衣裙,tax_match,FALSE
SS1651660777144,CN,TD,triads,鸽子,tax_match,FALSE
SS1651660777144,CN,TD,triads,飞机,tax_match,TRUE
SS1651660777144,CN,TD,triads,山羊,tax_match,FALSE
SS1651661370426,CN,TD,triads,连衣裙,tax_match,FALSE
SS1651661370426,CN,TD,triads,飞机,tax_match,FALSE
SS1651661370426,CN,TD,triads,山羊,tax_match,FALSE
SS1651661370426,CN,TD,triads,蜜蜂,tax_match,FALSE
SS1651661370426,CN,TD,triads,草稿本,tax_match,TRUE
SS1651661370426,CN,TD,triads,勺子,tax_match,TRUE
SS1651661370426,CN,TD,triads,茶杯,tax_match,FALSE
SS1651661370426,CN,TD,triads,碗,tax_match,FALSE
SS1651661370426,CN,TD,triads,婚戒,tax_match,FALSE
SS1651661370426,CN,TD,triads,腿,tax_match,FALSE
SS1651662575870,CN,TD,triads,大象,tax_match,TRUE
SS1651662575870,CN,TD,triads,靴子,tax_match,FALSE
SS1651662575870,CN,TD,triads,飞机,tax_match,FALSE
SS1651662575870,CN,TD,triads,蜜蜂,tax_match,FALSE
SS1651662575870,CN,TD,triads,草稿本,tax_match,TRUE
SS1651662575870,CN,TD,triads,茶杯,tax_match,FALSE
SS1651662575870,CN,TD,triads,碗,tax_match,TRUE
SS1651662575870,CN,TD,triads,腿,tax_match,FALSE
SS1651663394470,CN,TD,triads,大象,tax_match,TRUE
SS1651663394470,CN,TD,triads,连衣裙,tax_match,TRUE
SS1651663394470,CN,TD,triads,鸽子,tax_match,TRUE
SS1651663394470,CN,TD,triads,锯子,tax_match,FALSE
SS1651663394470,CN,TD,triads,大象,tax_match,FALSE
SS1651663394470,CN,TD,triads,茶杯,tax_match,TRUE
SS1651663394470,CN,TD,triads,婚戒,tax_match,TRUE
SS1651664105704,CN,TD,triads,锯子,tax_match,FALSE
SS1651664105704,CN,TD,triads,靴子,tax_match,FALSE
SS1651664105704,CN,TD,triads,鸽子,tax_match,TRUE
SS1651664105704,CN,TD,triads,飞机,tax_match,TRUE
SS1651664105704,CN,TD,triads,山羊,tax_match,FALSE
SS1651664105704,CN,TD,triads,蜜蜂,tax_match,FALSE
SS1651664105704,CN,TD,triads,老师,tax_match,TRUE
SS1651664105704,CN,TD,triads,勺子,tax_match,TRUE
SS1651665034176,CN,TD,triads,锯子,tax_match,FALSE
SS1651665034176,CN,TD,triads,大象,tax_match,TRUE
SS1651665034176,CN,TD,triads,鸽子,tax_match,TRUE
SS1651665034176,CN,TD,triads,飞机,tax_match,TRUE
SS1651665034176,CN,TD,triads,蜜蜂,tax_match,TRUE
SS1651665034176,CN,TD,triads,草稿本,tax_match,TRUE
SS1651665034176,CN,TD,triads,茶杯,tax_match,FALSE
SS1651665034176,CN,TD,triads,碗,tax_match,TRUE
SS1651665034176,CN,TD,triads,婚戒,tax_match,FALSE
SS1651665034176,CN,TD,triads,腿,tax_match,TRUE
SS1651666650135,CN,TD,triads,大象,tax_match,TRUE
SS1651666650135,CN,TD,triads,靴子,tax_match,TRUE
SS1651666650135,CN,TD,triads,连衣裙,tax_match,TRUE
SS1651666650135,CN,TD,triads,鸽子,tax_match,TRUE
SS1651666650135,CN,TD,triads,山羊,tax_match,TRUE
SS1651666650135,CN,TD,triads,勺子,tax_match,TRUE
SS1651666650135,CN,TD,triads,婚戒,tax_match,TRUE
SS1651666650135,CN,TD,triads,腿,tax_match,TRUE
SS1651669607417,CN,TD,triads,大象,tax_match,FALSE
SS1651669607417,CN,TD,triads,靴子,tax_match,FALSE
SS1651669607417,CN,TD,triads,飞机,tax_match,FALSE
SS1651669607417,CN,TD,triads,蜜蜂,tax_match,TRUE
SS1651669607417,CN,TD,triads,老师,tax_match,FALSE
SS1651669607417,CN,TD,triads,草稿本,tax_match,TRUE
SS1651669607417,CN,TD,triads,勺子,tax_match,TRUE
SS1651669607417,CN,TD,triads,茶杯,tax_match,FALSE
SS1651669856701,CN,TD,triads,锯子,tax_match,FALSE
SS1651669856701,CN,TD,triads,大象,tax_match,FALSE
SS1651669856701,CN,TD,triads,连衣裙,tax_match,TRUE
SS1651669856701,CN,TD,triads,鸽子,tax_match,TRUE
SS1651669856701,CN,TD,triads,山羊,tax_match,FALSE
SS1651669856701,CN,TD,triads,蜜蜂,tax_match,TRUE
SS1651669856701,CN,TD,triads,勺子,tax_match,TRUE
SS1651669856701,CN,TD,triads,腿,tax_match,TRUE
SS1651672824225,CN,TD,triads,锯子,tax_match,FALSE
SS1651672824225,CN,TD,triads,大象,tax_match,TRUE
SS1651672824225,CN,TD,triads,蜜蜂,tax_match,FALSE
SS1651672824225,CN,TD,triads,老师,tax_match,FALSE
SS1651672824225,CN,TD,triads,草稿本,tax_match,TRUE
SS1651672824225,CN,TD,triads,勺子,tax_match,TRUE
SS1651672824225,CN,TD,triads,婚戒,tax_match,TRUE
SS1651672824225,CN,TD,triads,腿,tax_match,TRUE
SS1651674999028,CN,TD,triads,大象,tax_match,TRUE
SS1651674999028,CN,TD,triads,靴子,tax_match,FALSE
SS1651674999028,CN,TD,triads,鸽子,tax_match,TRUE
SS1651674999028,CN,TD,triads,山羊,tax_match,FALSE
SS1651674999028,CN,TD,triads,勺子,tax_match,TRUE
SS1651674999028,CN,TD,triads,碗,tax_match,TRUE
SS1651674999028,CN,TD,triads,腿,tax_match,FALSE
SS1651675575564,CN,TD,triads,锯子,tax_match,FALSE
SS1651675575564,CN,TD,triads,大象,tax_match,TRUE
SS1651675575564,CN,TD,triads,靴子,tax_match,FALSE
SS1651675575564,CN,TD,triads,山羊,tax_match,FALSE
SS1651675575564,CN,TD,triads,老师,tax_match,FALSE
SS1651675575564,CN,TD,triads,勺子,tax_match,TRUE
SS1651675575564,CN,TD,triads,茶杯,tax_match,FALSE
SS1651675575564,CN,TD,triads,茶杯,tax_match,FALSE
SS1651675739437,CN,TD,triads,锯子,tax_match,FALSE
SS1651675739437,CN,TD,triads,大象,tax_match,TRUE
SS1651675739437,CN,TD,triads,靴子,tax_match,FALSE
SS1651675739437,CN,TD,triads,连衣裙,tax_match,FALSE
SS1651675739437,CN,TD,triads,飞机,tax_match,FALSE
SS1651675739437,CN,TD,triads,山羊,tax_match,FALSE
SS1651682617757,CN,TD,triads,锯子,tax_match,FALSE
SS1651682617757,CN,TD,triads,大象,tax_match,TRUE
SS1651682617757,CN,TD,triads,靴子,tax_match,FALSE
SS1651682617757,CN,TD,triads,山羊,tax_match,TRUE
SS1651682617757,CN,TD,triads,茶杯,tax_match,TRUE
SS1651682617757,CN,TD,triads,婚戒,tax_match,FALSE
SS1651682617757,CN,TD,triads,腿,tax_match,FALSE
SS1651705155608,CN,TD,triads,锯子,tax_match,FALSE
SS1651705155608,CN,TD,triads,大象,tax_match,FALSE
SS1651705155608,CN,TD,triads,靴子,tax_match,FALSE
SS1651705155608,CN,TD,triads,飞机,tax_match,TRUE
SS1651705155608,CN,TD,triads,蜜蜂,tax_match,FALSE
SS1651705155608,CN,TD,triads,草稿本,tax_match,TRUE
SS1651705155608,CN,TD,triads,腿,tax_match,FALSE
SS1651713128281,CN,TD,triads,锯子,tax_match,FALSE
SS1651713128281,CN,TD,triads,靴子,tax_match,TRUE
SS1651713128281,CN,TD,triads,连衣裙,tax_match,TRUE
SS1651713128281,CN,TD,triads,山羊,tax_match,FALSE
SS1651713128281,CN,TD,triads,蜜蜂,tax_match,FALSE
SS1651713128281,CN,TD,triads,老师,tax_match,FALSE
SS1651713128281,CN,TD,triads,勺子,tax_match,TRUE
SS1651713128281,CN,TD,triads,茶杯,tax_match,FALSE
SS1651713128281,CN,TD,triads,碗,tax_match,TRUE
SS1651721379726,CN,TD,triads,连衣裙,tax_match,TRUE
SS1651721379726,CN,TD,triads,鸽子,tax_match,FALSE
SS1651721379726,CN,TD,triads,老师,tax_match,FALSE
SS1651721379726,CN,TD,triads,草稿本,tax_match,FALSE
SS1651721379726,CN,TD,triads,勺子,tax_match,TRUE
SS1651721379726,CN,TD,triads,碗,tax_match,TRUE
SS1651721379726,CN,TD,triads,婚戒,tax_match,FALSE
SS1651724542208,CN,TD,triads,靴子,tax_match,FALSE
SS1651724542208,CN,TD,triads,鸽子,tax_match,FALSE
SS1651724542208,CN,TD,triads,勺圐,tax_match,FALSE
SS1651724542208,CN,TD,triads,山羊,tax_match,FALSE
SS1651724542208,CN,TD,triads,蜜蜂,tax_match,FALSE
SS1651724542208,CN,TD,triads,草稿本,tax_match,FALSE
SS1651724542208,CN,TD,triads,碗,tax_match,FALSE
SS1651724542208,CN,TD,triads,婚戒,tax_match,FALSE
SS1651724542208,CN,TD,triads,腿,tax_match,FALSE
SS1651726203467,CN,TD,triads,锯子,tax_match,FALSE
SS1651726203467,CN,TD,triads,大象,tax_match,TRUE
SS1651726203467,CN,TD,triads,鸽子,tax_match,FALSE
SS1651726203467,CN,TD,triads,山羊,tax_match,FALSE
SS1651726203467,CN,TD,triads,草稿本,tax_match,TRUE
SS1651726203467,CN,TD,triads,茶杯,tax_match,TRUE
SS1651726203467,CN,TD,triads,腿,tax_match,FALSE
SS1651727116955,CN,TD,triads,大象,tax_match,FALSE
SS1651727116955,CN,TD,triads,飞机,tax_match,FALSE
SS1651727116955,CN,TD,triads,蜜蜂,tax_match,FALSE
SS1651727116955,CN,TD,triads,老师,tax_match,FALSE
SS1651727116955,CN,TD,triads,茶杯,tax_match,FALSE
SS1651727116955,CN,TD,triads,婚戒,tax_match,FALSE
SS1651727116955,CN,TD,triads,腿,tax_match,FALSE
SS1651727696486,CN,TD,triads,锯子,tax_match,FALSE
SS1651727696486,CN,TD,triads,靴子,tax_match,FALSE
SS1651727696486,CN,TD,triads,连衣裙,tax_match,FALSE
SS1651727696486,CN,TD,triads,飞机,tax_match,FALSE
SS1651727696486,CN,TD,triads,山羊,tax_match,FALSE
SS1651727696486,CN,TD,triads,茶杯,tax_match,FALSE
SS1651727696486,CN,TD,triads,茶杯,tax_match,TRUE
SS1651727696486,CN,TD,triads,碗,tax_match,FALSE
SS1651727696486,CN,TD,triads,婚戒,tax_match,FALSE
SS1651727696486,CN,TD,triads,腿,tax_match,FALSE
SS1651728177417,CN,TD,triads,锯子,tax_match,FALSE
SS1651728177417,CN,TD,triads,靴子,tax_match,FALSE
SS1651728177417,CN,TD,triads,草稿本,tax_match,FALSE
SS1651728177417,CN,TD,triads,山羊,tax_match,FALSE
SS1651728177417,CN,TD,triads,蜜蜂,tax_match,TRUE
SS1651728177417,CN,TD,triads,老师,tax_match,FALSE
SS1651728177417,CN,TD,triads,碗,tax_match,FALSE
SS1651728177417,CN,TD,triads,婚戒,tax_match,FALSE
SS1651729682124,CN,TD,triads,靴子,tax_match,FALSE
SS1651729682124,CN,TD,triads,飞机,tax_match,TRUE
SS1651729682124,CN,TD,triads,锯子,tax_match,TRUE
SS1651729682124,CN,TD,triads,草稿本,tax_match,FALSE
SS1651729682124,CN,TD,triads,勺子,tax_match,TRUE
SS1651729682124,CN,TD,triads,婚戒,tax_match,FALSE
SS1651729682124,CN,TD,triads,茶杯,tax_match,FALSE
SS1651729792731,CN,TD,triads,大象,tax_match,FALSE
SS1651729792731,CN,TD,triads,靴子,tax_match,FALSE
SS1651729792731,CN,TD,triads,连衣裙,tax_match,FALSE
SS1651729792731,CN,TD,triads,鸽子,tax_match,FALSE
SS1651729792731,CN,TD,triads,靴子,tax_match,FALSE
SS1651729792731,CN,TD,triads,草稿本,tax_match,FALSE
SS1651729792731,CN,TD,triads,山羊,tax_match,TRUE
SS1651729792731,CN,TD,triads,茶杯,tax_match,FALSE
SS1651731235827,CN,TD,triads,大象,tax_match,FALSE
SS1651731235827,CN,TD,triads,连衣裙,tax_match,TRUE
SS1651731235827,CN,TD,triads,鸽子,tax_match,FALSE
SS1651731235827,CN,TD,triads,飞机,tax_match,TRUE
SS1651731235827,CN,TD,triads,山羊,tax_match,FALSE
SS1651731235827,CN,TD,triads,蜜蜂,tax_match,FALSE
SS1651731235827,CN,TD,triads,草稿本,tax_match,TRUE
SS1651731235827,CN,TD,triads,碗,tax_match,FALSE
SS1651732296508,CN,TD,triads,靴子,tax_match,TRUE
SS1651732296508,CN,TD,triads,鸽子,tax_match,FALSE
SS1651732296508,CN,TD,triads,飞机,tax_match,TRUE
SS1651732296508,CN,TD,triads,山羊,tax_match,FALSE
SS1651732296508,CN,TD,triads,勺子,tax_match,TRUE
SS1651732296508,CN,TD,triads,碗,tax_match,FALSE
SS1651732296508,CN,TD,triads,婚戒,tax_match,FALSE
SS1651737005457,CN,TD,triads,大象,tax_match,TRUE
SS1651737005457,CN,TD,triads,飞机,tax_match,TRUE
SS1651737005457,CN,TD,triads,山羊,tax_match,TRUE
SS1651737005457,CN,TD,triads,草稿本,tax_match,TRUE
SS1651737005457,CN,TD,triads,勺子,tax_match,TRUE
SS1651737005457,CN,TD,triads,茶杯,tax_match,TRUE
SS1651737005457,CN,TD,triads,婚戒,tax_match,TRUE
SS1651737005457,CN,TD,triads,腿,tax_match,FALSE
SS1651737139245,CN,TD,triads,大象,tax_match,FALSE
SS1651737139245,CN,TD,triads,鸽子,tax_match,FALSE
SS1651737139245,CN,TD,triads,飞机,tax_match,FALSE
SS1651737139245,CN,TD,triads,茶杯,tax_match,FALSE
SS1651737139245,CN,TD,triads,碗,tax_match,FALSE
SS1651737139245,CN,TD,triads,婚戒,tax_match,FALSE
SS1651739183035,CN,TD,triads,连衣裙,tax_match,TRUE
SS1651739183035,CN,TD,triads,山羊,tax_match,FALSE
SS1651739183035,CN,TD,triads,蜜蜂,tax_match,FALSE
SS1651739183035,CN,TD,triads,老师,tax_match,TRUE
SS1651739183035,CN,TD,triads,草稿本,tax_match,TRUE
SS1651739183035,CN,TD,triads,山羊,tax_match,TRUE
SS1651739183035,CN,TD,triads,茶杯,tax_match,FALSE
SS1651739183035,CN,TD,triads,婚戒,tax_match,FALSE
SS1651740018095,CN,TD,triads,腿,tax_match,FALSE
SS1651740018095,CN,TD,triads,连衣裙,tax_match,FALSE
SS1651740018095,CN,TD,triads,靴子,tax_match,FALSE
SS1651740018095,CN,TD,triads,山羊,tax_match,FALSE
SS1651740018095,CN,TD,triads,蜜蜂,tax_match,FALSE
SS1651740018095,CN,TD,triads,老师,tax_match,FALSE
SS1651740018095,CN,TD,triads,碗,tax_match,TRUE
SS1651740018095,CN,TD,triads,腿,tax_match,FALSE
SS1651742060593,CN,TD,triads,锯子,tax_match,FALSE
SS1651742060593,CN,TD,triads,靴子,tax_match,FALSE
SS1651742060593,CN,TD,triads,连衣裙,tax_match,FALSE
SS1651742060593,CN,TD,triads,老师,tax_match,FALSE
SS1651742060593,CN,TD,triads,草稿本,tax_match,FALSE
SS1651742060593,CN,TD,triads,腿,tax_match,FALSE
SS1651743246534,CN,TD,triads,大象,tax_match,FALSE
SS1651743246534,CN,TD,triads,靴子,tax_match,FALSE
SS1651743246534,CN,TD,triads,鸽子,tax_match,FALSE
SS1651743246534,CN,TD,triads,飞机,tax_match,TRUE
SS1651743246534,CN,TD,triads,蜜蜂,tax_match,FALSE
SS1651743246534,CN,TD,triads,老师,tax_match,FALSE
SS1651743246534,CN,TD,triads,茶杯,tax_match,TRUE
SS1651744688510,CN,TD,triads,锯子,tax_match,FALSE
SS1651744688510,CN,TD,triads,大象,tax_match,TRUE
SS1651744688510,CN,TD,triads,连衣裙,tax_match,TRUE
SS1651744688510,CN,TD,triads,碗,tax_match,TRUE
SS1651744688510,CN,TD,triads,婚戒,tax_match,FALSE
SS1651744829480,CN,TD,triads,锯子,tax_match,FALSE
SS1651744829480,CN,TD,triads,鸽子,tax_match,TRUE
SS1651744829480,CN,TD,triads,山羊,tax_match,TRUE
SS1651744829480,CN,TD,triads,蜜蜂,tax_match,TRUE
SS1651744829480,CN,TD,triads,老师,tax_match,TRUE
SS1651744829480,CN,TD,triads,茶杯,tax_match,FALSE
SS1651744829480,CN,TD,triads,碗,tax_match,TRUE
SS1651747335475,CN,TD,triads,锯子,tax_match,FALSE
SS1651747335475,CN,TD,triads,靴子,tax_match,FALSE
SS1651747335475,CN,TD,triads,飞机,tax_match,TRUE
SS1651747335475,CN,TD,triads,蜜蜂,tax_match,FALSE
SS1651747335475,CN,TD,triads,老师,tax_match,FALSE
SS1651747335475,CN,TD,triads,草稿本,tax_match,TRUE
SS1651747335475,CN,TD,triads,勺子,tax_match,TRUE
SS1651747335475,CN,TD,triads,茶杯,tax_match,FALSE
SS1651747335475,CN,TD,triads,碗,tax_match,FALSE
SS1651748703908,CN,TD,triads,锯子,tax_match,FALSE
SS1651748703908,CN,TD,triads,大象,tax_match,FALSE
SS1651748703908,CN,TD,triads,靴子,tax_match,TRUE
SS1651748703908,CN,TD,triads,飞机,tax_match,TRUE
SS1651748703908,CN,TD,triads,勺子,tax_match,TRUE
SS1651748703908,CN,TD,triads,碗,tax_match,TRUE
SS1651748703908,CN,TD,triads,婚戒,tax_match,TRUE
SS1651751338853,CN,TD,triads,鸽子,tax_match,FALSE
SS1651751338853,CN,TD,triads,山羊,tax_match,FALSE
SS1651751338853,CN,TD,triads,草稿本,tax_match,TRUE
SS1651751338853,CN,TD,triads,茶杯,tax_match,TRUE
SS1651751338853,CN,TD,triads,碗,tax_match,TRUE
SS1651751338853,CN,TD,triads,腿,tax_match,FALSE
SS1651751579584,CN,TD,triads,鸽子,tax_match,FALSE
SS1651751579584,CN,TD,triads,飞机,tax_match,FALSE
SS1651751579584,CN,TD,triads,山羊,tax_match,FALSE
SS1651751579584,CN,TD,triads,老师,tax_match,FALSE
SS1651751579584,CN,TD,triads,碗,tax_match,TRUE
SS1651751579584,CN,TD,triads,婚戒,tax_match,FALSE
SS1651751579584,CN,TD,triads,腿,tax_match,FALSE
SS1651761786814,CN,TD,triads,连衣裙,tax_match,FALSE
SS1651761786814,CN,TD,triads,鸽子,tax_match,FALSE
SS1651761786814,CN,TD,triads,飞机,tax_match,FALSE
SS1651761786814,CN,TD,triads,腿,tax_match,FALSE
SS1651762141455,CN,TD,triads,锯子,tax_match,FALSE
SS1651762141455,CN,TD,triads,连衣裙,tax_match,TRUE
SS1651762141455,CN,TD,triads,飞机,tax_match,FALSE
SS1651762141455,CN,TD,triads,山羊,tax_match,FALSE
SS1651762141455,CN,TD,triads,草稿本,tax_match,TRUE
SS1651762141455,CN,TD,triads,勺子,tax_match,FALSE
SS1651762141455,CN,TD,triads,碗,tax_match,FALSE
SS1651762141455,CN,TD,triads,腿,tax_match,FALSE
SS1651763037034,CN,TD,triads,大象,tax_match,FALSE
SS1651763037034,CN,TD,triads,靴子,tax_match,FALSE
SS1651763037034,CN,TD,triads,飞机,tax_match,FALSE
SS1651763037034,CN,TD,triads,老师,tax_match,FALSE
SS1651763037034,CN,TD,triads,碗,tax_match,FALSE
SS1651763037034,CN,TD,triads,婚戒,tax_match,FALSE
SS1651764193629,CN,TD,triads,靴子,tax_match,FALSE
SS1651764193629,CN,TD,triads,鸽子,tax_match,FALSE
SS1651764193629,CN,TD,triads,婚戒,tax_match,FALSE
SS1651764193629,CN,TD,triads,老师,tax_match,FALSE
SS1651764193629,CN,TD,triads,草稿本,tax_match,TRUE
SS1651764193629,CN,TD,triads,碗,tax_match,FALSE
SS1651765169248,CN,TD,triads,锯子,tax_match,FALSE
SS1651765169248,CN,TD,triads,大象,tax_match,FALSE
SS1651765169248,CN,TD,triads,蜜蜂,tax_match,FALSE
SS1651765169248,CN,TD,triads,老师,tax_match,FALSE
SS1651765169248,CN,TD,triads,碗,tax_match,TRUE
SS1651765469703,CN,TD,triads,锯子,tax_match,FALSE
SS1651765469703,CN,TD,triads,连衣裙,tax_match,FALSE
SS1651765469703,CN,TD,triads,山羊,tax_match,FALSE
SS1651765469703,CN,TD,triads,蜜蜂,tax_match,FALSE
SS1651765469703,CN,TD,triads,老师,tax_match,FALSE
SS1651765469703,CN,TD,triads,勺子,tax_match,TRUE
SS1651765469703,CN,TD,triads,碗,tax_match,TRUE
SS1651765894743,CN,TD,triads,锯子,tax_match,FALSE
SS1651765894743,CN,TD,triads,靴子,tax_match,FALSE
SS1651765894743,CN,TD,triads,连衣裙,tax_match,FALSE
SS1651765894743,CN,TD,triads,大象,tax_match,FALSE
SS1651765894743,CN,TD,triads,老师,tax_match,TRUE
SS1651765894743,CN,TD,triads,草稿本,tax_match,TRUE
SS1651765894743,CN,TD,triads,勺子,tax_match,TRUE
SS1651765894743,CN,TD,triads,鸽子,tax_match,TRUE
SS1651765894743,CN,TD,triads,婚戒,tax_match,FALSE
SS1651765911820,CN,TD,triads,大象,tax_match,FALSE
SS1651765911820,CN,TD,triads,山羊,tax_match,FALSE
SS1651765911820,CN,TD,triads,蜜蜂,tax_match,FALSE
SS1651765911820,CN,TD,triads,老师,tax_match,FALSE
SS1651765911820,CN,TD,triads,草稿本,tax_match,TRUE
SS1651765911820,CN,TD,triads,碗,tax_match,FALSE
SS1651767555827,CN,TD,triads,锯子,tax_match,FALSE
SS1651767555827,CN,TD,triads,鸽子,tax_match,TRUE
SS1651767555827,CN,TD,triads,老师,tax_match,TRUE
SS1651767555827,CN,TD,triads,草稿本,tax_match,TRUE
SS1651767555827,CN,TD,triads,勺子,tax_match,TRUE
SS1651767555827,CN,TD,triads,茶杯,tax_match,TRUE
SS1651767555827,CN,TD,triads,碗,tax_match,TRUE
SS1651767555827,CN,TD,triads,婚戒,tax_match,TRUE
SS1651769304707,CN,TD,triads,锯子,tax_match,FALSE
SS1651769304707,CN,TD,triads,靴子,tax_match,TRUE
SS1651769304707,CN,TD,triads,连衣裙,tax_match,TRUE
SS1651769304707,CN,TD,triads,鸽子,tax_match,FALSE
SS1651769304707,CN,TD,triads,飞机,tax_match,TRUE
SS1651769304707,CN,TD,triads,老师,tax_match,TRUE
SS1651769304707,CN,TD,triads,草稿本,tax_match,TRUE
SS1651769304707,CN,TD,triads,勺子,tax_match,FALSE
SS1651771465459,CN,TD,triads,锯子,tax_match,FALSE
SS1651771465459,CN,TD,triads,老师,tax_match,FALSE
SS1651771465459,CN,TD,triads,鸽子,tax_match,FALSE
SS1651771465459,CN,TD,triads,山羊,tax_match,TRUE
SS1651771465459,CN,TD,triads,蜜蜂,tax_match,FALSE
SS1651771465459,CN,TD,triads,老师,tax_match,FALSE
SS1651771465459,CN,TD,triads,草稿本,tax_match,TRUE
SS1651771465459,CN,TD,triads,茶杯,tax_match,FALSE
SS1651771465459,CN,TD,triads,婚戒,tax_match,FALSE
SS1651771465459,CN,TD,triads,腿,tax_match,FALSE
SS1651783487150,CN,TD,triads,大象,tax_match,TRUE
SS1651783487150,CN,TD,triads,连衣裙,tax_match,TRUE
SS1651783487150,CN,TD,triads,鸽子,tax_match,FALSE
SS1651783487150,CN,TD,triads,飞机,tax_match,TRUE
SS1651783487150,CN,TD,triads,山羊,tax_match,TRUE
SS1651783487150,CN,TD,triads,勺子,tax_match,TRUE
SS1651783487150,CN,TD,triads,茶杯,tax_match,FALSE
SS1651783487150,CN,TD,triads,蜜蜂,tax_match,TRUE
SS1651783487150,CN,TD,triads,腿 ��,tax_match,FALSE
SS1651798074227,CN,TD,triads,大象,tax_match,FALSE
SS1651798074227,CN,TD,triads,鸽子,tax_match,FALSE
SS1651798074227,CN,TD,triads,飞机,tax_match,FALSE
SS1651798074227,CN,TD,triads,老师,tax_match,FALSE
SS1651798074227,CN,TD,triads,草稿本,tax_match,TRUE
SS1651798074227,CN,TD,triads,勺子,tax_match,TRUE
SS1651798074227,CN,TD,triads,婚戒,tax_match,FALSE
SS1651799596238,CN,TD,triads,蜜蜂,tax_match,TRUE
SS1651799596238,CN,TD,triads,草稿本,tax_match,TRUE
SS1651799596238,CN,TD,triads,勺子,tax_match,TRUE
SS1651799596238,CN,TD,triads,茶杯,tax_match,TRUE
SS1651799596238,CN,TD,triads,碗,tax_match,TRUE
SS1651799596238,CN,TD,triads,腿,tax_match,TRUE
SS1651802919199,CN,TD,triads,锯子,tax_match,FALSE
SS1651802919199,CN,TD,triads,靴子,tax_match,FALSE
SS1651802919199,CN,TD,triads,连衣裙,tax_match,TRUE
SS1651802919199,CN,TD,triads,蜜蜂,tax_match,FALSE
SS1651802919199,CN,TD,triads,老师,tax_match,FALSE
SS1651802919199,CN,TD,triads,勺子,tax_match,TRUE
SS1651802919199,CN,TD,triads,婚戒,tax_match,FALSE
SS1651802919199,CN,TD,triads,腿,tax_match,FALSE
SS1651804378273,CN,TD,triads,婚戒,tax_match,FALSE
SS1651804378273,CN,TD,triads,鸽子,tax_match,FALSE
SS1651804378273,CN,TD,triads,飞机,tax_match,FALSE
SS1651804378273,CN,TD,triads,山羊,tax_match,FALSE
SS1651804378273,CN,TD,triads,老师,tax_match,FALSE
SS1651804378273,CN,TD,triads,勺子,tax_match,TRUE
SS1651804378273,CN,TD,triads,婚戒,tax_match,FALSE
SS1651804378273,CN,TD,triads,腿,tax_match,FALSE
SS1651804729362,CN,TD,triads,大象,tax_match,TRUE
SS1651804729362,CN,TD,triads,连衣裙,tax_match,TRUE
SS1651804729362,CN,TD,triads,鸽子,tax_match,FALSE
SS1651804729362,CN,TD,triads,茶杯,tax_match,TRUE
SS1651804729362,CN,TD,triads,碗,tax_match,TRUE
SS1651804768520,CN,TD,triads,靴子,tax_match,TRUE
SS1651804768520,CN,TD,triads,连衣裙,tax_match,TRUE
SS1651804768520,CN,TD,triads,飞机,tax_match,TRUE
SS1651804768520,CN,TD,triads,老师,tax_match,TRUE
SS1651804768520,CN,TD,triads,勺子,tax_match,TRUE
SS1651804768520,CN,TD,triads,婚戒,tax_match,TRUE
SS1651806183814,CN,TD,triads,锯子,tax_match,FALSE
SS1651806183814,CN,TD,triads,靴子,tax_match,FALSE
SS1651806183814,CN,TD,triads,连衣裙,tax_match,TRUE
SS1651806183814,CN,TD,triads,鸽子,tax_match,FALSE
SS1651806183814,CN,TD,triads,蜜蜂,tax_match,FALSE
SS1651806183814,CN,TD,triads,老师,tax_match,FALSE
SS1651806183814,CN,TD,triads,草稿本,tax_match,TRUE
SS1651807227958,CN,TD,triads,鸽子,tax_match,TRUE
SS1651807227958,CN,TD,triads,勺子,tax_match,TRUE
SS1651807227958,CN,TD,triads,草稿本,tax_match,TRUE
SS1651807227958,CN,TD,triads,勺子,tax_match,TRUE
SS1651807227958,CN,TD,triads,碗,tax_match,TRUE
SS1651807227958,CN,TD,triads,婚戒,tax_match,FALSE
SS1651807671427,CN,TD,triads,大象,tax_match,FALSE
SS1651807671427,CN,TD,triads,靴子,tax_match,TRUE
SS1651807671427,CN,TD,triads,飞机,tax_match,FALSE
SS1651807671427,CN,TD,triads,勺子,tax_match,TRUE
SS1651807671427,CN,TD,triads,勺子,tax_match,TRUE
SS1651807671427,CN,TD,triads,茶杯,tax_match,TRUE
SS1651807671427,CN,TD,triads,碗,tax_match,TRUE
SS1651807671427,CN,TD,triads,婚戒,tax_match,TRUE
SS1651809674248,CN,TD,triads,靴子,tax_match,TRUE
SS1651809674248,CN,TD,triads,连衣裙,tax_match,TRUE
SS1651809674248,CN,TD,triads,飞机,tax_match,TRUE
SS1651809674248,CN,TD,triads,山羊,tax_match,TRUE
SS1651809674248,CN,TD,triads,蜜蜂,tax_match,TRUE
SS1651809674248,CN,TD,triads,老师,tax_match,FALSE
SS1651809674248,CN,TD,triads,草稿本,tax_match,TRUE
SS1651809674248,CN,TD,triads,勺子,tax_match,TRUE
SS1651809674248,CN,TD,triads,碗,tax_match,TRUE
SS1651810536901,CN,TD,triads,锯子,tax_match,FALSE
SS1651810536901,CN,TD,triads,大象,tax_match,FALSE
SS1651810536901,CN,TD,triads,茶杯,tax_match,FALSE
SS1651810536901,CN,TD,triads,鸽子,tax_match,FALSE
SS1651810536901,CN,TD,triads,山羊,tax_match,FALSE
SS1651810536901,CN,TD,triads,草稿本,tax_match,TRUE
SS1651810536901,CN,TD,triads,勺子,tax_match,TRUE
SS1651810536901,CN,TD,triads,茶杯,tax_match,FALSE
SS1651810536901,CN,TD,triads,腿,tax_match,FALSE
SS1651810766684,CN,TD,triads,靴子,tax_match,FALSE
SS1651810766684,CN,TD,triads,鸽子,tax_match,FALSE
SS1651810766684,CN,TD,triads,飞机,tax_match,TRUE
SS1651810766684,CN,TD,triads,鸽子,tax_match,FALSE
SS1651810766684,CN,TD,triads,老师,tax_match,FALSE
SS1651810766684,CN,TD,triads,茶杯,tax_match,FALSE
SS1651810766684,CN,TD,triads,碗,tax_match,FALSE
SS1651810766684,CN,TD,triads,婚戒,tax_match,FALSE
SS1651810766684,CN,TD,triads,腿,tax_match,FALSE
SS1651811217708,CN,TD,triads,大象,tax_match,FALSE
SS1651811217708,CN,TD,triads,飞机,tax_match,FALSE
SS1651811217708,CN,TD,triads,山羊,tax_match,FALSE
SS1651811217708,CN,TD,triads,草稿本,tax_match,TRUE
SS1651811217708,CN,TD,triads,碗,tax_match,FALSE
SS1651811217708,CN,TD,triads,腿,tax_match,FALSE
SS1651812084324,CN,TD,triads,靴子,tax_match,TRUE
SS1651812084324,CN,TD,triads,连衣裙,tax_match,TRUE
SS1651812084324,CN,TD,triads,飞机,tax_match,TRUE
SS1651812084324,CN,TD,triads,山羊,tax_match,FALSE
SS1651812084324,CN,TD,triads,草稿本,tax_match,TRUE
SS1651812084324,CN,TD,triads,茶杯,tax_match,FALSE
SS1651812084324,CN,TD,triads,碗,tax_match,TRUE
SS1651813057402,CN,TD,triads,锯子,tax_match,FALSE
SS1651813057402,CN,TD,triads,大象,tax_match,FALSE
SS1651813057402,CN,TD,triads,靴子,tax_match,FALSE
SS1651813057402,CN,TD,triads,鸽子,tax_match,FALSE
SS1651813057402,CN,TD,triads,飞机,tax_match,FALSE
SS1651813057402,CN,TD,triads,老师,tax_match,FALSE
SS1651813057402,CN,TD,triads,勺子,tax_match,TRUE
SS1651813057402,CN,TD,triads,碗,tax_match,FALSE
SS1651813633535,CN,TD,triads,锯子,tax_match,FALSE
SS1651813633535,CN,TD,triads,靴子,tax_match,FALSE
SS1651813633535,CN,TD,triads,鸽子,tax_match,FALSE
SS1651813633535,CN,TD,triads,山羊,tax_match,FALSE
SS1651813633535,CN,TD,triads,蜜蜂,tax_match,FALSE
SS1651813633535,CN,TD,triads,老师,tax_match,FALSE
SS1651813633535,CN,TD,triads,勺子,tax_match,FALSE
SS1651818877028,CN,TD,triads,大象,tax_match,TRUE
SS1651818877028,CN,TD,triads,靴子,tax_match,TRUE
SS1651818877028,CN,TD,triads,鸽子,tax_match,FALSE
SS1651818877028,CN,TD,triads,草稿本,tax_match,TRUE
SS1651818877028,CN,TD,triads,勺子,tax_match,TRUE
SS1651818877028,CN,TD,triads,腿,tax_match,TRUE
SS1651819204055,CN,TD,triads,靴子,tax_match,TRUE
SS1651819204055,CN,TD,triads,鸽子,tax_match,TRUE
SS1651819204055,CN,TD,triads,飞机,tax_match,TRUE
SS1651819204055,CN,TD,triads,蜜蜂,tax_match,TRUE
SS1651819204055,CN,TD,triads,茶杯,tax_match,TRUE
SS1651819204055,CN,TD,triads,碗,tax_match,TRUE
SS1651821991579,CN,TD,triads,飞机,tax_match,TRUE
SS1651821991579,CN,TD,triads,蜜蜂,tax_match,TRUE
SS1651821991579,CN,TD,triads,草稿本,tax_match,TRUE
SS1651821991579,CN,TD,triads,勺子,tax_match,TRUE
SS1651822926317,CN,TD,triads,大象,tax_match,TRUE
SS1651822926317,CN,TD,triads,连衣裙,tax_match,FALSE
SS1651822926317,CN,TD,triads,鸽子,tax_match,FALSE
SS1651822926317,CN,TD,triads,蜜蜂,tax_match,TRUE
SS1651822926317,CN,TD,triads,老师,tax_match,FALSE
SS1651822926317,CN,TD,triads,草稿本,tax_match,FALSE
SS1651822926317,CN,TD,triads,茶杯,tax_match,FALSE
SS1651822926317,CN,TD,triads,婚戒,tax_match,FALSE
SS1651822926317,CN,TD,triads,腿,tax_match,FALSE
SS1651827681410,CN,TD,triads,靴子,tax_match,FALSE
SS1651827681410,CN,TD,triads,连衣裙,tax_match,FALSE
SS1651827681410,CN,TD,triads,碗,tax_match,FALSE
SS1651827681410,CN,TD,triads,老师,tax_match,FALSE
SS1651827681410,CN,TD,triads,碗,tax_match,FALSE
SS1651827681410,CN,TD,triads,腿,tax_match,FALSE
SS1651828791480,CN,TD,triads,锯子,tax_match,FALSE
SS1651828791480,CN,TD,triads,大象,tax_match,FALSE
SS1651828791480,CN,TD,triads,靴子,tax_match,TRUE
SS1651828791480,CN,TD,triads,连衣裙,tax_match,FALSE
SS1651828791480,CN,TD,triads,草稿本,tax_match,TRUE
SS1651828791480,CN,TD,triads,茶杯,tax_match,TRUE
SS1651828791480,CN,TD,triads,碗,tax_match,TRUE
SS1651835352625,CN,TD,triads,靴子,tax_match,TRUE
SS1651835352625,CN,TD,triads,连衣裙,tax_match,TRUE
SS1651835352625,CN,TD,triads,飞机,tax_match,TRUE
SS1651835352625,CN,TD,triads,蜜蜂,tax_match,TRUE
SS1651835352625,CN,TD,triads,草稿本,tax_match,TRUE
SS1651835352625,CN,TD,triads,茶杯,tax_match,TRUE
SS1651835352625,CN,TD,triads,婚戒,tax_match,TRUE
SS1651837328638,CN,TD,triads,锯子,tax_match,FALSE
SS1651837328638,CN,TD,triads,连衣裙,tax_match,FALSE
SS1651837328638,CN,TD,triads,飞机,tax_match,FALSE
SS1651837328638,CN,TD,triads,山羊,tax_match,TRUE
SS1651837328638,CN,TD,triads,蜜蜂,tax_match,TRUE
SS1651837328638,CN,TD,triads,老子,tax_match,FALSE
SS1651837328638,CN,TD,triads,草稿本,tax_match,TRUE
SS1651837328638,CN,TD,triads,碗,tax_match,TRUE
SS1651837328638,CN,TD,triads,婚戒,tax_match,FALSE
SS1651837328638,CN,TD,triads,腿,tax_match,TRUE
SS1651837445397,CN,TD,triads,大象,tax_match,FALSE
SS1651837445397,CN,TD,triads,鸽子,tax_match,TRUE
SS1651837445397,CN,TD,triads,草稿本,tax_match,TRUE
SS1651837445397,CN,TD,triads,勺子,tax_match,TRUE
SS1651837683659,CN,TD,triads,靴子,tax_match,FALSE
SS1651837683659,CN,TD,triads,鸽子,tax_match,FALSE
SS1651837683659,CN,TD,triads,飞机,tax_match,FALSE
SS1651837683659,CN,TD,triads,蜜蜂,tax_match,FALSE
SS1651837683659,CN,TD,triads,勺子,tax_match,FALSE
SS1651837683659,CN,TD,triads,茶杯,tax_match,TRUE
SS1651837683659,CN,TD,triads,腿,tax_match,FALSE
SS1651839455332,CN,TD,triads,大象,tax_match,FALSE
SS1651839455332,CN,TD,triads,靴子,tax_match,FALSE
SS1651839455332,CN,TD,triads,山羊,tax_match,FALSE
SS1651839455332,CN,TD,triads,老师,tax_match,FALSE
SS1651839455332,CN,TD,triads,草稿本,tax_match,TRUE
SS1651839455332,CN,TD,triads,茶杯,tax_match,FALSE
SS1651839455332,CN,TD,triads,腿,tax_match,FALSE
SS1651840732818,CN,TD,triads,连衣裙,tax_match,FALSE
SS1651840732818,CN,TD,triads,鸽子,tax_match,FALSE
SS1651840732818,CN,TD,triads,蜜蜂,tax_match,FALSE
SS1651840732818,CN,TD,triads,草稿本,tax_match,TRUE
SS1651840732818,CN,TD,triads,勺子,tax_match,TRUE
SS1651840732818,CN,TD,triads,茶杯,tax_match,FALSE
SS1651840732818,CN,TD,triads,碗,tax_match,TRUE
SS1651840732818,CN,TD,triads,婚戒,tax_match,FALSE
SS1651840732818,CN,TD,triads,腿,tax_match,FALSE
SS1651840989750,CN,TD,triads,锯子,tax_match,FALSE
SS1651840989750,CN,TD,triads,大象,tax_match,FALSE
SS1651840989750,CN,TD,triads,连衣裙,tax_match,FALSE
SS1651840989750,CN,TD,triads,鸽子,tax_match,FALSE
SS1651840989750,CN,TD,triads,山羊,tax_match,FALSE
SS1651840989750,CN,TD,triads,草稿本,tax_match,TRUE
SS1651840989750,CN,TD,triads,勺子,tax_match,TRUE
SS1651840989750,CN,TD,triads,婚戒,tax_match,FALSE
SS1651844131204,CN,TD,triads,大象,tax_match,TRUE
SS1651844131204,CN,TD,triads,靴子,tax_match,TRUE
SS1651844131204,CN,TD,triads,连衣裙,tax_match,TRUE
SS1651844131204,CN,TD,triads,鸽子,tax_match,TRUE
SS1651844131204,CN,TD,triads,飞机,tax_match,TRUE
SS1651844131204,CN,TD,triads,山羊,tax_match,TRUE
SS1651844131204,CN,TD,triads,蜜蜂,tax_match,TRUE
SS1651844131204,CN,TD,triads,草稿本,tax_match,TRUE
SS1651844131204,CN,TD,triads,茶杯,tax_match,TRUE
SS1651844131204,CN,TD,triads,婚戒,tax_match,TRUE
SS1651844131204,CN,TD,triads,腿,tax_match,TRUE
SS1651845522237,CN,TD,triads,鸽子,tax_match,FALSE
SS1651845522237,CN,TD,triads,山羊,tax_match,FALSE
SS1651845522237,CN,TD,triads,蜜蜂,tax_match,FALSE
SS1651845522237,CN,TD,triads,草稿本,tax_match,TRUE
SS1651845522237,CN,TD,triads,勺子,tax_match,TRUE
SS1651845522237,CN,TD,triads,腿,tax_match,TRUE
SS1651845673245,CN,TD,triads,锯子,tax_match,FALSE
SS1651845673245,CN,TD,triads,大象,tax_match,TRUE
SS1651845673245,CN,TD,triads,靴子,tax_match,FALSE
SS1651845673245,CN,TD,triads,连衣裙,tax_match,TRUE
SS1651845673245,CN,TD,triads,山羊,tax_match,TRUE
SS1651845673245,CN,TD,triads,草稿本,tax_match,TRUE
SS1651845673245,CN,TD,triads,鸽子,tax_match,TRUE
SS1651845673245,CN,TD,triads,婚戒,tax_match,TRUE
SS1651845673245,CN,TD,triads,腿,tax_match,FALSE
SS1651847391324,CN,TD,triads,锯子,tax_match,FALSE
SS1651847391324,CN,TD,triads,飞机,tax_match,FALSE
SS1651847391324,CN,TD,triads,山羊,tax_match,FALSE
SS1651847391324,CN,TD,triads,蜜蜂,tax_match,FALSE
SS1651847391324,CN,TD,triads,老师,tax_match,FALSE
SS1651847391324,CN,TD,triads,草稿本,tax_match,TRUE
SS1651847391324,CN,TD,triads,勺子,tax_match,TRUE
SS1651847391324,CN,TD,triads,碗,tax_match,FALSE
SS1651849043017,CN,TD,triads,锯子,tax_match,FALSE
SS1651849043017,CN,TD,triads,大象,tax_match,FALSE
SS1651849043017,CN,TD,triads,靴子,tax_match,FALSE
SS1651849043017,CN,TD,triads,飞机,tax_match,FALSE
SS1651849043017,CN,TD,triads,山羊,tax_match,FALSE
SS1651849043017,CN,TD,triads,老师,tax_match,FALSE
SS1651849043017,CN,TD,triads,勺子,tax_match,FALSE
SS1651849043017,CN,TD,triads,袗 ��,tax_match,TRUE
SS1651849043017,CN,TD,triads,蜜蜂,tax_match,FALSE
SS1651849043017,CN,TD,triads,腿,tax_match,FALSE
SS1651849550334,CN,TD,triads,鸽子,tax_match,FALSE
SS1651849550334,CN,TD,triads,蜜蜂,tax_match,FALSE
SS1651849550334,CN,TD,triads,老师,tax_match,FALSE
SS1651849550334,CN,TD,triads,草稿本,tax_match,TRUE
SS1651849550334,CN,TD,triads,勺子,tax_match,TRUE
SS1651849550334,CN,TD,triads,鸽子,tax_match,FALSE
SS1651849550334,CN,TD,triads,山羊,tax_match,FALSE
SS1651890985414,CN,TD,triads,锯子,tax_match,FALSE
SS1651890985414,CN,TD,triads,连衣裙,tax_match,FALSE
SS1651890985414,CN,TD,triads,鸽子,tax_match,FALSE
SS1651890985414,CN,TD,triads,山羊,tax_match,FALSE
SS1651890985414,CN,TD,triads,老师,tax_match,FALSE
SS1651890985414,CN,TD,triads,草稿本,tax_match,TRUE
SS1651890985414,CN,TD,triads,大象,tax_match,TRUE
SS1651890985414,CN,TD,triads,婚戒,tax_match,FALSE
SS1651891187280,CN,TD,triads,锯子,tax_match,FALSE
SS1651891187280,CN,TD,triads,大象,tax_match,TRUE
SS1651891187280,CN,TD,triads,连衣裙,tax_match,FALSE
SS1651891187280,CN,TD,triads,飞机,tax_match,FALSE
SS1651891187280,CN,TD,triads,老师,tax_match,FALSE
SS1651891187280,CN,TD,triads,勺子,tax_match,FALSE
SS1651891187280,CN,TD,triads,茶杯,tax_match,TRUE
SS1651891187280,CN,TD,triads,碗,tax_match,FALSE
SS1651891187280,CN,TD,triads,腿,tax_match,FALSE
SS1651897042062,CN,TD,triads,连衣裙,tax_match,FALSE
SS1651897042062,CN,TD,triads,帽子,tax_match,FALSE
SS1651897042062,CN,TD,triads,飞朒,tax_match,FALSE
SS1651897042062,CN,TD,triads,蜜蜂,tax_match,TRUE
SS1651897042062,CN,TD,triads,老师,tax_match,FALSE
SS1651897042062,CN,TD,triads,草稿本,tax_match,TRUE
SS1651897042062,CN,TD,triads,勺子,tax_match,TRUE
SS1651897042062,CN,TD,triads,婚戒,tax_match,FALSE
SS1651901964830,CN,TD,triads,靴子,tax_match,FALSE
SS1651901964830,CN,TD,triads,连衣裙,tax_match,TRUE
SS1651901964830,CN,TD,triads,飞机,tax_match,FALSE
SS1651901964830,CN,TD,triads,山羊,tax_match,FALSE
SS1651901964830,CN,TD,triads,蜜蜂,tax_match,FALSE
SS1651901964830,CN,TD,triads,草稿本,tax_match,FALSE
SS1651901964830,CN,TD,triads,勺子,tax_match,TRUE
SS1651901964830,CN,TD,triads,碗,tax_match,TRUE
SS1651905218784,CN,TD,triads,锯子,tax_match,FALSE
SS1651905218784,CN,TD,triads,大象,tax_match,FALSE
SS1651905218784,CN,TD,triads,鸽子,tax_match,FALSE
SS1651905218784,CN,TD,triads,山羊,tax_match,FALSE
SS1651905218784,CN,TD,triads,老师,tax_match,TRUE
SS1651905218784,CN,TD,triads,勺子,tax_match,TRUE
SS1651905218784,CN,TD,triads,茶杯,tax_match,FALSE
SS1651905218784,CN,TD,triads,婚戒,tax_match,TRUE
SS1651905218784,CN,TD,triads,大象,tax_match,TRUE
SS1651906129454,CN,TD,triads,大象,tax_match,TRUE
SS1651906129454,CN,TD,triads,靴子,tax_match,FALSE
SS1651906129454,CN,TD,triads,草稿本,tax_match,TRUE
SS1651906129454,CN,TD,triads,鸽子,tax_match,TRUE
SS1651906129454,CN,TD,triads,飞机,tax_match,TRUE
SS1651906129454,CN,TD,triads,老师,tax_match,TRUE
SS1651906129454,CN,TD,triads,草稿本,tax_match,TRUE
SS1651906129454,CN,TD,triads,勺子,tax_match,TRUE
SS1651906129454,CN,TD,triads,茶杯,tax_match,TRUE
SS1651906129454,CN,TD,triads,腿,tax_match,TRUE
SS1651906568569,CN,TD,triads,连衣裙,tax_match,TRUE
SS1651906568569,CN,TD,triads,鸽子,tax_match,TRUE
SS1651906568569,CN,TD,triads,山羊,tax_match,TRUE
SS1651906568569,CN,TD,triads,蜜蜂,tax_match,FALSE
SS1651906568569,CN,TD,triads,茶杯,tax_match,TRUE
SS1651906568569,CN,TD,triads,碗,tax_match,TRUE
SS1651906591158,CN,TD,triads,锯子,tax_match,FALSE
SS1651906591158,CN,TD,triads,大象,tax_match,TRUE
SS1651906591158,CN,TD,triads,草稿本,tax_match,FALSE
SS1651906591158,CN,TD,triads,勺子,tax_match,TRUE
SS1651906591158,CN,TD,triads,茶杯,tax_match,FALSE
SS1651906591158,CN,TD,triads,腿,tax_match,FALSE
SS1651906687128,CN,TD,triads,锯子,tax_match,FALSE
SS1651906687128,CN,TD,triads,连衣裙,tax_match,TRUE
SS1651906687128,CN,TD,triads,鸽子,tax_match,TRUE
SS1651906687128,CN,TD,triads,山羊,tax_match,FALSE
SS1651906687128,CN,TD,triads,蜜蜂,tax_match,TRUE
SS1651906687128,CN,TD,triads,老师,tax_match,TRUE
SS1651906687128,CN,TD,triads,草稿本,tax_match,TRUE
SS1651906687128,CN,TD,triads,碗,tax_match,TRUE
SS1651906687128,CN,TD,triads,婚戒,tax_match,TRUE
SS1651906687128,CN,TD,triads,腿,tax_match,TRUE
SS1651907106845,CN,TD,triads,鸽子,tax_match,FALSE
SS1651907106845,CN,TD,triads,山羊,tax_match,FALSE
SS1651907106845,CN,TD,triads,蜜蜂,tax_match,FALSE
SS1651907106845,CN,TD,triads,老师,tax_match,FALSE
SS1651907106845,CN,TD,triads,草稿本,tax_match,TRUE
SS1651907106845,CN,TD,triads,婚戒,tax_match,FALSE
SS1651907106845,CN,TD,triads,腿,tax_match,FALSE
SS1651910974793,CN,TD,triads,鸽子,tax_match,FALSE
SS1651910974793,CN,TD,triads,山羊,tax_match,FALSE
SS1651910974793,CN,TD,triads,蜜蜂,tax_match,TRUE
SS1651910974793,CN,TD,triads,草稿本,tax_match,TRUE
SS1651910974793,CN,TD,triads,勺子,tax_match,TRUE
SS1651910974793,CN,TD,triads,茶杯,tax_match,TRUE
SS1651910974793,CN,TD,triads,碗,tax_match,FALSE
SS1651910974793,CN,TD,triads,腿,tax_match,FALSE
SS1651912088419,CN,TD,triads,大象,tax_match,TRUE
SS1651912088419,CN,TD,triads,靴子,tax_match,TRUE
SS1651912088419,CN,TD,triads,连衣裙,tax_match,TRUE
SS1651912088419,CN,TD,triads,鸽子,tax_match,TRUE
SS1651912088419,CN,TD,triads,山羊,tax_match,TRUE
SS1651912088419,CN,TD,triads,碗 ��,tax_match,FALSE
SS1651912088419,CN,TD,triads,茶戒,tax_match,TRUE
SS1651912088419,CN,TD,triads,婚戒,tax_match,FALSE
SS1651915236922,CN,TD,triads,鸽子,tax_match,FALSE
SS1651915236922,CN,TD,triads,连衣裙,tax_match,FALSE
SS1651915236922,CN,TD,triads,鸽子,tax_match,FALSE
SS1651915236922,CN,TD,triads,飞机,tax_match,FALSE
SS1651915236922,CN,TD,triads,山羊,tax_match,FALSE
SS1651915236922,CN,TD,triads,勺子,tax_match,TRUE
SS1651915236922,CN,TD,triads,碗,tax_match,FALSE
SS1651915236922,CN,TD,triads,婚戒,tax_match,FALSE
SS1651915236922,CN,TD,triads,腿,tax_match,FALSE
SS1651916837690,CN,TD,triads,锯子,tax_match,FALSE
SS1651916837690,CN,TD,triads,靴子,tax_match,FALSE
SS1651916837690,CN,TD,triads,山羊,tax_match,FALSE
SS1651916837690,CN,TD,triads,茶杯,tax_match,FALSE
SS1651916837690,CN,TD,triads,婚戒,tax_match,FALSE
SS1651916837690,CN,TD,triads,腿,tax_match,FALSE
SS1651916886491,CN,TD,triads,锯子,tax_match,FALSE
SS1651916886491,CN,TD,triads,连衣裙,tax_match,FALSE
SS1651916886491,CN,TD,triads,鸽子,tax_match,FALSE
SS1651916886491,CN,TD,triads,腿,tax_match,FALSE
SS1651916886491,CN,TD,triads,山羊,tax_match,FALSE
SS1651916886491,CN,TD,triads,蜜蜂,tax_match,FALSE
SS1651916886491,CN,TD,triads,老师,tax_match,FALSE
SS1651916886491,CN,TD,triads,茶杯,tax_match,TRUE
SS1651916886491,CN,TD,triads,婚戒,tax_match,TRUE
SS1651918483229,CN,TD,triads,锯子,tax_match,FALSE
SS1651918483229,CN,TD,triads,大象,tax_match,FALSE
SS1651918483229,CN,TD,triads,靴子,tax_match,FALSE
SS1651918483229,CN,TD,triads,鸽子,tax_match,FALSE
SS1651918483229,CN,TD,triads,蜜蜂,tax_match,FALSE
SS1651918483229,CN,TD,triads,老师,tax_match,FALSE
SS1651918483229,CN,TD,triads,草稿本,tax_match,TRUE
SS1651918483229,CN,TD,triads,碗,tax_match,FALSE
SS1651918483229,CN,TD,triads,婚戒,tax_match,FALSE
SS1651919285907,CN,TD,triads,锯子,tax_match,FALSE
SS1651919285907,CN,TD,triads,大象,tax_match,FALSE
SS1651919285907,CN,TD,triads,连衣裙,tax_match,FALSE
SS1651919285907,CN,TD,triads,鸽子,tax_match,FALSE
SS1651919285907,CN,TD,triads,勺子,tax_match,TRUE
SS1651919285907,CN,TD,triads,茶杯,tax_match,TRUE
SS1651919285907,CN,TD,triads,腿,tax_match,TRUE
SS1651921503296,CN,TD,triads,连衣裙,tax_match,TRUE
SS1651921503296,CN,TD,triads,鸽子,tax_match,TRUE
SS1651921503296,CN,TD,triads,山羊,tax_match,TRUE
SS1651921503296,CN,TD,triads,老师,tax_match,TRUE
SS1651921503296,CN,TD,triads,草稿本,tax_match,TRUE
SS1651921503296,CN,TD,triads,勺子,tax_match,TRUE
SS1651921503296,CN,TD,triads,茶杯,tax_match,TRUE
SS1651921503296,CN,TD,triads,碗,tax_match,TRUE
SS1651921503296,CN,TD,triads,腿,tax_match,TRUE
SS1651922816094,CN,TD,triads,大象,tax_match,TRUE
SS1651922816094,CN,TD,triads,靴子,tax_match,FALSE
SS1651922816094,CN,TD,triads,老师,tax_match,FALSE
SS1651922816094,CN,TD,triads,草稿本,tax_match,TRUE
SS1651922816094,CN,TD,triads,勺子,tax_match,TRUE
SS1651922816094,CN,TD,triads,茶杯,tax_match,FALSE
SS1651922816094,CN,TD,triads,碗,tax_match,TRUE
SS1651922816094,CN,TD,triads,婚戒,tax_match,FALSE
SS1651922816094,CN,TD,triads,腿,tax_match,TRUE
SS1651924494966,CN,TD,triads,大象,tax_match,TRUE
SS1651924494966,CN,TD,triads,飞机,tax_match,TRUE
SS1651924494966,CN,TD,triads,山羊,tax_match,TRUE
SS1651924494966,CN,TD,triads,老师,tax_match,TRUE
SS1651924494966,CN,TD,triads,茶杯,tax_match,TRUE
SS1651924494966,CN,TD,triads,婚戒,tax_match,FALSE
SS1651924494966,CN,TD,triads,腿,tax_match,TRUE
SS1651926576151,CN,TD,triads,大象,tax_match,TRUE
SS1651926576151,CN,TD,triads,飞机,tax_match,TRUE
SS1651926576151,CN,TD,triads,山羊,tax_match,TRUE
SS1651926576151,CN,TD,triads,蜜蜂,tax_match,TRUE
SS1651926576151,CN,TD,triads,草稿本,tax_match,TRUE
SS1651926576151,CN,TD,triads,茶杯,tax_match,TRUE
SS1651926576151,CN,TD,triads,婚戒,tax_match,TRUE
SS1651926576151,CN,TD,triads,腿,tax_match,TRUE
SS1651926856493,CN,TD,triads,大象,tax_match,FALSE
SS1651926856493,CN,TD,triads,靴子,tax_match,FALSE
SS1651926856493,CN,TD,triads,连衣裙,tax_match,FALSE
SS1651926856493,CN,TD,triads,飞机,tax_match,FALSE
SS1651926856493,CN,TD,triads,山羊,tax_match,FALSE
SS1651926856493,CN,TD,triads,老师,tax_match,FALSE
SS1651926856493,CN,TD,triads,茶杯,tax_match,FALSE
SS1651928385240,CN,TD,triads,连衣裙,tax_match,FALSE
SS1651928385240,CN,TD,triads,草稿本,tax_match,TRUE
SS1651928385240,CN,TD,triads,茶杯,tax_match,TRUE
SS1651928385240,CN,TD,triads,碗,tax_match,TRUE
SS1651928385240,CN,TD,triads,婚戒,tax_match,FALSE
SS1651932416698,CN,TD,triads,锯子,tax_match,FALSE
SS1651932416698,CN,TD,triads,大象,tax_match,TRUE
SS1651932416698,CN,TD,triads,靴子,tax_match,TRUE
SS1651932416698,CN,TD,triads,连衣裙,tax_match,TRUE
SS1651932416698,CN,TD,triads,鸽子,tax_match,TRUE
SS1651932416698,CN,TD,triads,山羊,tax_match,TRUE
SS1651932416698,CN,TD,triads,蜜蜂,tax_match,TRUE
SS1651932416698,CN,TD,triads,老师,tax_match,FALSE
SS1651932416698,CN,TD,triads,草稿本,tax_match,TRUE
SS1651932416698,CN,TD,triads,勺子,tax_match,TRUE
SS1651932416698,CN,TD,triads,碗,tax_match,TRUE
SS1651934015946,CN,TD,triads,锯子,tax_match,FALSE
SS1651934015946,CN,TD,triads,连衣裙,tax_match,TRUE
SS1651934015946,CN,TD,triads,鸽子,tax_match,TRUE
SS1651934015946,CN,TD,triads,飞机,tax_match,TRUE
SS1651934015946,CN,TD,triads,老师,tax_match,TRUE
SS1651934015946,CN,TD,triads,勺子,tax_match,TRUE
SS1651934015946,CN,TD,triads,茶杯,tax_match,TRUE
SS1651934015946,CN,TD,triads,婚戒,tax_match,TRUE
SS1651616817210,US,TD,triads,pigeon,tax_match,TRUE
SS1651616817210,US,TD,triads,bowl,tax_match,TRUE
SS1651616817210,US,TD,triads,teacup,tax_match,FALSE
SS1651616817210,US,TD,triads,bee,tax_match,FALSE
SS1651616817210,US,TD,triads,notepad,tax_match,TRUE
SS1651616817210,US,TD,triads,teacher,tax_match,FALSE
SS1651616817210,US,TD,triads,elephant,tax_match,TRUE
SS1651616819170,US,TD,triads,airplane,tax_match,TRUE
SS1651616819170,US,TD,triads,spoon,tax_match,TRUE
SS1651616819170,US,TD,triads,pigeon,tax_match,TRUE
SS1651616819170,US,TD,triads,bowl,tax_match,TRUE
SS1651616819170,US,TD,triads,dress,tax_match,TRUE
SS1651616819170,US,TD,triads,teacher,tax_match,TRUE
SS1651616819170,US,TD,triads,elephant,tax_match,TRUE
SS1651616819170,US,TD,triads,saw,tax_match,FALSE
SS1651616819170,US,TD,triads,boot,tax_match,TRUE
SS1651616821119,US,TD,triads,pigeon,tax_match,TRUE
SS1651616821119,US,TD,triads,bowl,tax_match,FALSE
SS1651616821119,US,TD,triads,dress,tax_match,FALSE
SS1651616821119,US,TD,triads,bee,tax_match,TRUE
SS1651616821119,US,TD,triads,notepad,tax_match,TRUE
SS1651616821119,US,TD,triads,elephant,tax_match,TRUE
SS1651616821119,US,TD,triads,saw,tax_match,FALSE
SS1651616821119,US,TD,triads,legs,tax_match,TRUE
SS1651616823657,US,TD,triads,airplane,tax_match,TRUE
SS1651616823657,US,TD,triads,dress,tax_match,FALSE
SS1651616823657,US,TD,triads,goat,tax_match,TRUE
SS1651616824013,US,TD,triads,airplane,tax_match,FALSE
SS1651616824013,US,TD,triads,pigeon,tax_match,FALSE
SS1651616824013,US,TD,triads,bowl,tax_match,FALSE
SS1651616824013,US,TD,triads,teacher,tax_match,TRUE
SS1651616824013,US,TD,triads,legs,tax_match,FALSE
SS1651616827589,US,TD,triads,airplane,tax_match,TRUE
SS1651616827589,US,TD,triads,pigeon,tax_match,TRUE
SS1651616827589,US,TD,triads,dress,tax_match,FALSE
SS1651616827589,US,TD,triads,notepad,tax_match,TRUE
SS1651616827589,US,TD,triads,teacher,tax_match,FALSE
SS1651616827589,US,TD,triads,saw,tax_match,FALSE
SS1651616827589,US,TD,triads,legs,tax_match,TRUE
SS1651616827589,US,TD,triads,goat,tax_match,FALSE
SS1651616829561,US,TD,triads,spoon,tax_match,TRUE
SS1651616829561,US,TD,triads,bee,tax_match,FALSE
SS1651616829561,US,TD,triads,notepad,tax_match,TRUE
SS1651616829561,US,TD,triads,saw,tax_match,FALSE
SS1651616829561,US,TD,triads,legs,tax_match,FALSE
SS1651616829561,US,TD,triads,goat,tax_match,TRUE
SS1651616834023,US,TD,triads,airplane,tax_match,FALSE
SS1651616834023,US,TD,triads,dress,tax_match,TRUE
SS1651616834023,US,TD,triads,teacup,tax_match,FALSE
SS1651616834023,US,TD,triads,notepad,tax_match,TRUE
SS1651616834023,US,TD,triads,teacher,tax_match,FALSE
SS1651616834023,US,TD,triads,saw,tax_match,FALSE
SS1651616834023,US,TD,triads,boot,tax_match,FALSE
SS1651616834023,US,TD,triads,legs,tax_match,FALSE
SS1651616834023,US,TD,triads,goat,tax_match,TRUE
SS1651616834023,US,TD,triads,ring,tax_match,FALSE
SS1651616835091,US,TD,triads,spoon,tax_match,TRUE
SS1651616835091,US,TD,triads,pigeon,tax_match,TRUE
SS1651616835091,US,TD,triads,bowl,tax_match,TRUE
SS1651616835091,US,TD,triads,teacup,tax_match,TRUE
SS1651616835091,US,TD,triads,bee,tax_match,TRUE
SS1651616835091,US,TD,triads,boot,tax_match,TRUE
SS1651616835091,US,TD,triads,legs,tax_match,TRUE
SS1651616835091,US,TD,triads,goat,tax_match,TRUE
SS1651616837719,US,TD,triads,dress,tax_match,TRUE
SS1651616837719,US,TD,triads,teacup,tax_match,FALSE
SS1651616837719,US,TD,triads,notepad,tax_match,TRUE
SS1651616837719,US,TD,triads,teacher,tax_match,FALSE
SS1651616837719,US,TD,triads,elephant,tax_match,TRUE
SS1651616837719,US,TD,triads,saw,tax_match,FALSE
SS1651616837719,US,TD,triads,legs,tax_match,FALSE
SS1651616838947,US,TD,triads,spoon,tax_match,TRUE
SS1651616838947,US,TD,triads,pigeon,tax_match,TRUE
SS1651616838947,US,TD,triads,bowl,tax_match,TRUE
SS1651616838947,US,TD,triads,dress,tax_match,FALSE
SS1651616838947,US,TD,triads,teacup,tax_match,FALSE
SS1651616838947,US,TD,triads,bee,tax_match,TRUE
SS1651616838947,US,TD,triads,teacher,tax_match,FALSE
SS1651616838947,US,TD,triads,legs,tax_match,TRUE
SS1651616839031,US,TD,triads,airplane,tax_match,FALSE
SS1651616839031,US,TD,triads,spoon,tax_match,TRUE
SS1651616839031,US,TD,triads,bowl,tax_match,FALSE
SS1651616839031,US,TD,triads,dress,tax_match,TRUE
SS1651616839031,US,TD,triads,bee,tax_match,TRUE
SS1651616839031,US,TD,triads,notepad,tax_match,TRUE
SS1651616839031,US,TD,triads,elephant,tax_match,TRUE
SS1651616839031,US,TD,triads,saw,tax_match,FALSE
SS1651616839031,US,TD,triads,goat,tax_match,FALSE
SS1651616839120,US,TD,triads,airplane,tax_match,TRUE
SS1651616839120,US,TD,triads,spoon,tax_match,TRUE
SS1651616839120,US,TD,triads,bee,tax_match,TRUE
SS1651616839120,US,TD,triads,notepad,tax_match,TRUE
SS1651616839120,US,TD,triads,elephant,tax_match,TRUE
SS1651616839120,US,TD,triads,saw,tax_match,FALSE
SS1651616839120,US,TD,triads,legs,tax_match,TRUE
SS1651616839551,US,TD,triads,airplane,tax_match,TRUE
SS1651616839551,US,TD,triads,pigeon,tax_match,TRUE
SS1651616839551,US,TD,triads,teacup,tax_match,TRUE
SS1651616839551,US,TD,triads,notepad,tax_match,TRUE
SS1651616839551,US,TD,triads,saw,tax_match,FALSE
SS1651616839551,US,TD,triads,legs,tax_match,TRUE
SS1651616839551,US,TD,triads,goat,tax_match,TRUE
SS1651616839622,US,TD,triads,airplane,tax_match,TRUE
SS1651616839622,US,TD,triads,bowl,tax_match,TRUE
SS1651616839622,US,TD,triads,dress,tax_match,TRUE
SS1651616839622,US,TD,triads,teacup,tax_match,FALSE
SS1651616839622,US,TD,triads,teacher,tax_match,TRUE
SS1651616839622,US,TD,triads,saw,tax_match,FALSE
SS1651616839622,US,TD,triads,boot,tax_match,TRUE
SS1651616839622,US,TD,triads,legs,tax_match,TRUE
SS1651616839622,US,TD,triads,goat,tax_match,TRUE
SS1651616840889,US,TD,triads,airplane,tax_match,FALSE
SS1651616840889,US,TD,triads,spoon,tax_match,TRUE
SS1651616840889,US,TD,triads,pigeon,tax_match,TRUE
SS1651616840889,US,TD,triads,dress,tax_match,TRUE
SS1651616840889,US,TD,triads,elephant,tax_match,TRUE
SS1651616840889,US,TD,triads,saw,tax_match,FALSE
SS1651616840889,US,TD,triads,boot,tax_match,FALSE
SS1651616840889,US,TD,triads,goat,tax_match,FALSE
SS1651616840889,US,TD,triads,ring,tax_match,FALSE
SS1651616841722,US,TD,triads,airplane,tax_match,TRUE
SS1651616841722,US,TD,triads,pigeon,tax_match,TRUE
SS1651616841722,US,TD,triads,bowl,tax_match,FALSE
SS1651616841722,US,TD,triads,dress,tax_match,TRUE
SS1651616841722,US,TD,triads,bee,tax_match,TRUE
SS1651616841722,US,TD,triads,notepad,tax_match,TRUE
SS1651616841722,US,TD,triads,elephant,tax_match,TRUE
SS1651616841722,US,TD,triads,boot,tax_match,TRUE
SS1651616841972,US,TD,triads,airplane,tax_match,TRUE
SS1651616841972,US,TD,triads,spoon,tax_match,TRUE
SS1651616841972,US,TD,triads,pigeon,tax_match,TRUE
SS1651616841972,US,TD,triads,bowl,tax_match,TRUE
SS1651616841972,US,TD,triads,dress,tax_match,TRUE
SS1651616841972,US,TD,triads,teacup,tax_match,TRUE
SS1651616841972,US,TD,triads,bee,tax_match,TRUE
SS1651616841972,US,TD,triads,notepad,tax_match,TRUE
SS1651616841972,US,TD,triads,boot,tax_match,TRUE
SS1651616841972,US,TD,triads,ring,tax_match,TRUE
SS1651616843053,US,TD,triads,spoon,tax_match,FALSE
SS1651616843053,US,TD,triads,bowl,tax_match,FALSE
SS1651616843053,US,TD,triads,bee,tax_match,FALSE
SS1651616843053,US,TD,triads,elephant,tax_match,TRUE
SS1651616843053,US,TD,triads,saw,tax_match,FALSE
SS1651616843053,US,TD,triads,goat,tax_match,FALSE
SS1651616844450,US,TD,triads,airplane,tax_match,TRUE
SS1651616844450,US,TD,triads,spoon,tax_match,TRUE
SS1651616844450,US,TD,triads,dress,tax_match,TRUE
SS1651616844450,US,TD,triads,teacup,tax_match,TRUE
SS1651616844450,US,TD,triads,notepad,tax_match,TRUE
SS1651616844450,US,TD,triads,teacher,tax_match,TRUE
SS1651616844450,US,TD,triads,saw,tax_match,FALSE
SS1651616844450,US,TD,triads,ring,tax_match,TRUE
SS1651616844684,US,TD,triads,pigeon,tax_match,TRUE
SS1651616844684,US,TD,triads,dress,tax_match,TRUE
SS1651616844684,US,TD,triads,bee,tax_match,TRUE
SS1651616844684,US,TD,triads,notepad,tax_match,FALSE
SS1651616844684,US,TD,triads,elephant,tax_match,TRUE
SS1651616844684,US,TD,triads,boot,tax_match,TRUE
SS1651616844684,US,TD,triads,goat,tax_match,TRUE
SS1651616844684,US,TD,triads,ring,tax_match,FALSE
SS1651616844911,US,TD,triads,airplane,tax_match,TRUE
SS1651616844911,US,TD,triads,spoon,tax_match,TRUE
SS1651616844911,US,TD,triads,bowl,tax_match,TRUE
SS1651616844911,US,TD,triads,dress,tax_match,TRUE
SS1651616844911,US,TD,triads,teacup,tax_match,TRUE
SS1651616844911,US,TD,triads,bee,tax_match,TRUE
SS1651616844911,US,TD,triads,teacher,tax_match,TRUE
SS1651616844911,US,TD,triads,elephant,tax_match,TRUE
SS1651616844911,US,TD,triads,saw,tax_match,FALSE
SS1651616844911,US,TD,triads,ring,tax_match,TRUE
SS1651616846951,US,TD,triads,airplane,tax_match,TRUE
SS1651616846951,US,TD,triads,spoon,tax_match,TRUE
SS1651616846951,US,TD,triads,bowl,tax_match,FALSE
SS1651616846951,US,TD,triads,dress,tax_match,TRUE
SS1651616846951,US,TD,triads,bee,tax_match,TRUE
SS1651616846951,US,TD,triads,teacher,tax_match,TRUE
SS1651616846951,US,TD,triads,elephant,tax_match,TRUE
SS1651616846951,US,TD,triads,saw,tax_match,FALSE
SS1651616846951,US,TD,triads,goat,tax_match,TRUE
SS1651616846951,US,TD,triads,ring,tax_match,TRUE
SS1651616850845,US,TD,triads,spoon,tax_match,TRUE
SS1651616850845,US,TD,triads,pigeon,tax_match,TRUE
SS1651616850845,US,TD,triads,notepad,tax_match,TRUE
SS1651616850845,US,TD,triads,teacher,tax_match,FALSE
SS1651616850845,US,TD,triads,elephant,tax_match,TRUE
SS1651616850845,US,TD,triads,saw,tax_match,FALSE
SS1651616850845,US,TD,triads,boot,tax_match,TRUE
SS1651616850845,US,TD,triads,legs,tax_match,TRUE
SS1651616850845,US,TD,triads,goat,tax_match,TRUE
SS1651616854167,US,TD,triads,airplane,tax_match,TRUE
SS1651616854167,US,TD,triads,spoon,tax_match,TRUE
SS1651616854167,US,TD,triads,pigeon,tax_match,TRUE
SS1651616854167,US,TD,triads,bowl,tax_match,TRUE
SS1651616854167,US,TD,triads,teacup,tax_match,TRUE
SS1651616854167,US,TD,triads,bee,tax_match,FALSE
SS1651616854167,US,TD,triads,elephant,tax_match,TRUE
SS1651616854167,US,TD,triads,saw,tax_match,FALSE
SS1651616854167,US,TD,triads,boot,tax_match,TRUE
SS1651616854402,US,TD,triads,airplane,tax_match,FALSE
SS1651616854402,US,TD,triads,spoon,tax_match,FALSE
SS1651616854402,US,TD,triads,dress,tax_match,FALSE
SS1651616854402,US,TD,triads,teacher,tax_match,FALSE
SS1651616854402,US,TD,triads,elephant,tax_match,FALSE
SS1651616854402,US,TD,triads,saw,tax_match,FALSE
SS1651616854402,US,TD,triads,boot,tax_match,FALSE
SS1651616854402,US,TD,triads,goat,tax_match,FALSE
SS1651616857792,US,TD,triads,airplane,tax_match,FALSE
SS1651616857792,US,TD,triads,spoon,tax_match,TRUE
SS1651616857792,US,TD,triads,bowl,tax_match,FALSE
SS1651616857792,US,TD,triads,dress,tax_match,TRUE
SS1651616857792,US,TD,triads,teacup,tax_match,FALSE
SS1651616857792,US,TD,triads,bee,tax_match,FALSE
SS1651616857792,US,TD,triads,saw,tax_match,FALSE
SS1651616857792,US,TD,triads,legs,tax_match,TRUE
SS1651616857792,US,TD,triads,goat,tax_match,FALSE
SS1651616858489,US,TD,triads,spoon,tax_match,FALSE
SS1651616858489,US,TD,triads,bowl,tax_match,FALSE
SS1651616858489,US,TD,triads,bee,tax_match,FALSE
SS1651616858489,US,TD,triads,notepad,tax_match,FALSE
SS1651616858489,US,TD,triads,teacher,tax_match,TRUE
SS1651616858489,US,TD,triads,elephant,tax_match,TRUE
SS1651616858489,US,TD,triads,boot,tax_match,FALSE
SS1651616858633,US,TD,triads,spoon,tax_match,TRUE
SS1651616858633,US,TD,triads,bowl,tax_match,FALSE
SS1651616858633,US,TD,triads,bee,tax_match,FALSE
SS1651616858633,US,TD,triads,notepad,tax_match,TRUE
SS1651616858633,US,TD,triads,teacher,tax_match,FALSE
SS1651616858633,US,TD,triads,boot,tax_match,FALSE
SS1651616858633,US,TD,triads,goat,tax_match,FALSE
SS1651616858633,US,TD,triads,ring,tax_match,FALSE
SS1651616860080,US,TD,triads,pigeon,tax_match,FALSE
SS1651616860080,US,TD,triads,bowl,tax_match,FALSE
SS1651616860080,US,TD,triads,dress,tax_match,TRUE
SS1651616860080,US,TD,triads,teacup,tax_match,FALSE
SS1651616860080,US,TD,triads,notepad,tax_match,TRUE
SS1651616860080,US,TD,triads,elephant,tax_match,FALSE
SS1651616860080,US,TD,triads,saw,tax_match,FALSE
SS1651616860080,US,TD,triads,goat,tax_match,TRUE
SS1651616860708,US,TD,triads,spoon,tax_match,TRUE
SS1651616860708,US,TD,triads,dress,tax_match,FALSE
SS1651616860708,US,TD,triads,notepad,tax_match,TRUE
SS1651616860708,US,TD,triads,teacher,tax_match,FALSE
SS1651616860708,US,TD,triads,saw,tax_match,FALSE
SS1651616860708,US,TD,triads,legs,tax_match,TRUE
SS1651616860708,US,TD,triads,ring,tax_match,FALSE
SS1651616861128,US,TD,triads,dress,tax_match,FALSE
SS1651616861128,US,TD,triads,notepad,tax_match,TRUE
SS1651616861128,US,TD,triads,elephant,tax_match,FALSE
SS1651616861128,US,TD,triads,saw,tax_match,FALSE
SS1651616861128,US,TD,triads,boot,tax_match,FALSE
SS1651616861128,US,TD,triads,legs,tax_match,FALSE
SS1651616861546,US,TD,triads,airplane,tax_match,FALSE
SS1651616861546,US,TD,triads,pigeon,tax_match,FALSE
SS1651616861546,US,TD,triads,dress,tax_match,FALSE
SS1651616861546,US,TD,triads,teacup,tax_match,TRUE
SS1651616861546,US,TD,triads,notepad,tax_match,TRUE
SS1651616861546,US,TD,triads,elephant,tax_match,FALSE
SS1651616861546,US,TD,triads,saw,tax_match,FALSE
SS1651616861546,US,TD,triads,boot,tax_match,TRUE
SS1651616861546,US,TD,triads,legs,tax_match,FALSE
SS1651616863114,US,TD,triads,dress,tax_match,TRUE
SS1651616863114,US,TD,triads,teacup,tax_match,FALSE
SS1651616863114,US,TD,triads,notepad,tax_match,FALSE
SS1651616863114,US,TD,triads,teacher,tax_match,FALSE
SS1651616863114,US,TD,triads,saw,tax_match,FALSE
SS1651616863145,US,TD,triads,airplane,tax_match,FALSE
SS1651616863145,US,TD,triads,spoon,tax_match,TRUE
SS1651616863145,US,TD,triads,pigeon,tax_match,TRUE
SS1651616863145,US,TD,triads,teacup,tax_match,FALSE
SS1651616863145,US,TD,triads,bee,tax_match,FALSE
SS1651616863145,US,TD,triads,notepad,tax_match,FALSE
SS1651616863145,US,TD,triads,legs,tax_match,FALSE
SS1651616863145,US,TD,triads,goat,tax_match,FALSE
SS1651616876627,US,TD,triads,pigeon,tax_match,TRUE
SS1651616876627,US,TD,triads,bowl,tax_match,TRUE
SS1651616876627,US,TD,triads,dress,tax_match,TRUE
SS1651616876627,US,TD,triads,elephant,tax_match,TRUE
SS1651616876627,US,TD,triads,saw,tax_match,FALSE
SS1651616876627,US,TD,triads,legs,tax_match,FALSE
SS1651616876627,US,TD,triads,goat,tax_match,FALSE
SS1651616909217,US,TD,triads,dress,tax_match,FALSE
SS1651616909217,US,TD,triads,bee,tax_match,FALSE
SS1651616909217,US,TD,triads,notepad,tax_match,FALSE
SS1651616909217,US,TD,triads,saw,tax_match,FALSE
SS1651616909217,US,TD,triads,legs,tax_match,FALSE
SS1651616909217,US,TD,triads,goat,tax_match,FALSE
SS1651616969092,US,TD,triads,spoon,tax_match,FALSE
SS1651616969092,US,TD,triads,bowl,tax_match,FALSE
SS1651616969092,US,TD,triads,bee,tax_match,FALSE
SS1651616969092,US,TD,triads,teacher,tax_match,FALSE
SS1651616969092,US,TD,triads,legs,tax_match,FALSE
SS1651616969595,US,TD,triads,spoon,tax_match,TRUE
SS1651616969595,US,TD,triads,pigeon,tax_match,TRUE
SS1651616969595,US,TD,triads,dress,tax_match,TRUE
SS1651616969595,US,TD,triads,teacup,tax_match,FALSE
SS1651616969595,US,TD,triads,bee,tax_match,FALSE
SS1651616969595,US,TD,triads,teacher,tax_match,TRUE
SS1651616969595,US,TD,triads,saw,tax_match,FALSE
SS1651616969595,US,TD,triads,goat,tax_match,TRUE
SS1651616982939,US,TD,triads,spoon,tax_match,TRUE
SS1651616982939,US,TD,triads,bowl,tax_match,TRUE
SS1651616982939,US,TD,triads,bee,tax_match,FALSE
SS1651616982939,US,TD,triads,teacher,tax_match,FALSE
SS1651616982939,US,TD,triads,saw,tax_match,FALSE
SS1651616982939,US,TD,triads,goat,tax_match,TRUE
SS1651617013503,US,TD,triads,airplane,tax_match,TRUE
SS1651617013503,US,TD,triads,bee,tax_match,TRUE
SS1651617013503,US,TD,triads,notepad,tax_match,TRUE
SS1651617013503,US,TD,triads,teacher,tax_match,TRUE
SS1651617013503,US,TD,triads,saw,tax_match,FALSE
SS1651617013503,US,TD,triads,boot,tax_match,TRUE
SS1651617013503,US,TD,triads,legs,tax_match,TRUE
SS1651617033971,US,TD,triads,airplane,tax_match,TRUE
SS1651617033971,US,TD,triads,spoon,tax_match,TRUE
SS1651617033971,US,TD,triads,dress,tax_match,FALSE
SS1651617033971,US,TD,triads,teacup,tax_match,FALSE
SS1651617033971,US,TD,triads,bee,tax_match,FALSE
SS1651617033971,US,TD,triads,notepad,tax_match,TRUE
SS1651617033971,US,TD,triads,saw,tax_match,FALSE
SS1651617033971,US,TD,triads,legs,tax_match,TRUE
SS1651617033971,US,TD,triads,goat,tax_match,TRUE
SS1651617071100,US,TD,triads,pigeon,tax_match,FALSE
SS1651617071100,US,TD,triads,bowl,tax_match,TRUE
SS1651617071100,US,TD,triads,elephant,tax_match,TRUE
SS1651617071100,US,TD,triads,goat,tax_match,TRUE
SS1651617071100,US,TD,triads,ring,tax_match,TRUE
SS1651617143573,US,TD,triads,airplane,tax_match,TRUE
SS1651617143573,US,TD,triads,dress,tax_match,TRUE
SS1651617143573,US,TD,triads,bee,tax_match,TRUE
SS1651617143573,US,TD,triads,teacher,tax_match,TRUE
SS1651617143573,US,TD,triads,elephant,tax_match,TRUE
SS1651617143573,US,TD,triads,saw,tax_match,FALSE
SS1651617143573,US,TD,triads,ring,tax_match,TRUE
SS1651617282312,US,TD,triads,airplane,tax_match,TRUE
SS1651617282312,US,TD,triads,spoon,tax_match,TRUE
SS1651617282312,US,TD,triads,pigeon,tax_match,TRUE
SS1651617282312,US,TD,triads,dress,tax_match,TRUE
SS1651617282312,US,TD,triads,teacup,tax_match,TRUE
SS1651617282312,US,TD,triads,teacher,tax_match,TRUE
SS1651617282312,US,TD,triads,goat,tax_match,TRUE
SS1651617310480,US,TD,triads,spoon,tax_match,TRUE
SS1651617310480,US,TD,triads,dress,tax_match,TRUE
SS1651617310480,US,TD,triads,bee,tax_match,TRUE
SS1651617310480,US,TD,triads,notepad,tax_match,TRUE
SS1651617310480,US,TD,triads,legs,tax_match,TRUE
SS1651618567608,US,TD,triads,spoon,tax_match,TRUE
SS1651618567608,US,TD,triads,bowl,tax_match,TRUE
SS1651618567608,US,TD,triads,teacup,tax_match,FALSE
SS1651618567608,US,TD,triads,bee,tax_match,TRUE
SS1651618567608,US,TD,triads,notepad,tax_match,TRUE
SS1651618567608,US,TD,triads,ring,tax_match,TRUE
SS1651624230659,US,TD,triads,airplane,tax_match,TRUE
SS1651624230659,US,TD,triads,pigeon,tax_match,FALSE
SS1651624230659,US,TD,triads,bowl,tax_match,FALSE
SS1651624230659,US,TD,triads,notepad,tax_match,TRUE
SS1651624230659,US,TD,triads,teacher,tax_match,FALSE
SS1651624230659,US,TD,triads,elephant,tax_match,FALSE
SS1651624230659,US,TD,triads,saw,tax_match,FALSE
SS1651624230659,US,TD,triads,boot,tax_match,FALSE
SS1651678150777,US,TD,triads,airplane,tax_match,FALSE
SS1651678150777,US,TD,triads,spoon,tax_match,TRUE
SS1651678150777,US,TD,triads,pigeon,tax_match,TRUE
SS1651678150777,US,TD,triads,bee,tax_match,FALSE
SS1651678150777,US,TD,triads,teacher,tax_match,FALSE
SS1651678150777,US,TD,triads,ring,tax_match,TRUE
SS1651678198123,US,TD,triads,spoon,tax_match,TRUE
SS1651678198123,US,TD,triads,pigeon,tax_match,TRUE
SS1651678198123,US,TD,triads,bowl,tax_match,TRUE
SS1651678198123,US,TD,triads,dress,tax_match,TRUE
SS1651678198123,US,TD,triads,teacup,tax_match,TRUE
SS1651678198123,US,TD,triads,bee,tax_match,TRUE
SS1651678198123,US,TD,triads,boot,tax_match,TRUE
SS1651678198123,US,TD,triads,goat,tax_match,TRUE
SS1651678202019,US,TD,triads,airplane,tax_match,TRUE
SS1651678202019,US,TD,triads,dress,tax_match,TRUE
SS1651678202019,US,TD,triads,teacup,tax_match,TRUE
SS1651678202019,US,TD,triads,notepad,tax_match,TRUE
SS1651678202019,US,TD,triads,elephant,tax_match,TRUE
SS1651678202019,US,TD,triads,saw,tax_match,FALSE
SS1651678202019,US,TD,triads,boot,tax_match,TRUE
SS1651678202019,US,TD,triads,legs,tax_match,TRUE
SS1651678202019,US,TD,triads,ring,tax_match,TRUE
SS1651678206055,US,TD,triads,airplane,tax_match,TRUE
SS1651678206055,US,TD,triads,spoon,tax_match,FALSE
SS1651678206055,US,TD,triads,pigeon,tax_match,TRUE
SS1651678206055,US,TD,triads,notepad,tax_match,TRUE
SS1651678206055,US,TD,triads,teacher,tax_match,FALSE
SS1651678206055,US,TD,triads,boot,tax_match,FALSE
SS1651678206055,US,TD,triads,goat,tax_match,FALSE
SS1651678206055,US,TD,triads,ring,tax_match,FALSE
SS1651678216185,US,TD,triads,teacup,tax_match,TRUE
SS1651678216185,US,TD,triads,bee,tax_match,TRUE
SS1651678216185,US,TD,triads,notepad,tax_match,TRUE
SS1651678216185,US,TD,triads,teacher,tax_match,FALSE
SS1651678216185,US,TD,triads,goat,tax_match,TRUE
SS1651678216437,US,TD,triads,pigeon,tax_match,FALSE
SS1651678216437,US,TD,triads,bowl,tax_match,FALSE
SS1651678216437,US,TD,triads,bee,tax_match,FALSE
SS1651678216437,US,TD,triads,notepad,tax_match,FALSE
SS1651678216437,US,TD,triads,elephant,tax_match,FALSE
SS1651678216437,US,TD,triads,saw,tax_match,FALSE
SS1651678216437,US,TD,triads,ring,tax_match,FALSE
SS1651678218891,US,TD,triads,airplane,tax_match,TRUE
SS1651678218891,US,TD,triads,spoon,tax_match,TRUE
SS1651678218891,US,TD,triads,pigeon,tax_match,TRUE
SS1651678218891,US,TD,triads,teacup,tax_match,TRUE
SS1651678218891,US,TD,triads,bee,tax_match,TRUE
SS1651678218891,US,TD,triads,notepad,tax_match,TRUE
SS1651678218891,US,TD,triads,teacher,tax_match,FALSE
SS1651678218891,US,TD,triads,elephant,tax_match,TRUE
SS1651678218891,US,TD,triads,boot,tax_match,TRUE
SS1651678218891,US,TD,triads,ring,tax_match,FALSE
SS1651678220434,US,TD,triads,airplane,tax_match,FALSE
SS1651678220434,US,TD,triads,pigeon,tax_match,FALSE
SS1651678220434,US,TD,triads,dress,tax_match,TRUE
SS1651678220434,US,TD,triads,notepad,tax_match,TRUE
SS1651678220434,US,TD,triads,saw,tax_match,FALSE
SS1651678220434,US,TD,triads,boot,tax_match,FALSE
SS1651678220434,US,TD,triads,legs,tax_match,TRUE
SS1651678220434,US,TD,triads,ring,tax_match,TRUE
SS1651678224995,US,TD,triads,spoon,tax_match,TRUE
SS1651678224995,US,TD,triads,pigeon,tax_match,TRUE
SS1651678224995,US,TD,triads,bowl,tax_match,TRUE
SS1651678224995,US,TD,triads,dress,tax_match,TRUE
SS1651678224995,US,TD,triads,bee,tax_match,TRUE
SS1651678224995,US,TD,triads,elephant,tax_match,TRUE
SS1651678224995,US,TD,triads,saw,tax_match,FALSE
SS1651678224995,US,TD,triads,boot,tax_match,TRUE
SS1651678226524,US,TD,triads,airplane,tax_match,FALSE
SS1651678226524,US,TD,triads,spoon,tax_match,TRUE
SS1651678226524,US,TD,triads,dress,tax_match,TRUE
SS1651678226524,US,TD,triads,teacup,tax_match,FALSE
SS1651678226524,US,TD,triads,bee,tax_match,FALSE
SS1651678226524,US,TD,triads,notepad,tax_match,TRUE
SS1651678226524,US,TD,triads,elephant,tax_match,FALSE
SS1651678226524,US,TD,triads,goat,tax_match,TRUE
SS1651678227696,US,TD,triads,airplane,tax_match,TRUE
SS1651678227696,US,TD,triads,pigeon,tax_match,TRUE
SS1651678227696,US,TD,triads,bowl,tax_match,FALSE
SS1651678227696,US,TD,triads,teacup,tax_match,FALSE
SS1651678227696,US,TD,triads,bee,tax_match,FALSE
SS1651678227696,US,TD,triads,saw,tax_match,FALSE
SS1651678227696,US,TD,triads,ring,tax_match,FALSE
SS1651678229872,US,TD,triads,airplane,tax_match,TRUE
SS1651678229872,US,TD,triads,pigeon,tax_match,FALSE
SS1651678229872,US,TD,triads,dress,tax_match,TRUE
SS1651678229872,US,TD,triads,teacup,tax_match,TRUE
SS1651678229872,US,TD,triads,bee,tax_match,TRUE
SS1651678229872,US,TD,triads,notepad,tax_match,TRUE
SS1651678229872,US,TD,triads,teacher,tax_match,FALSE
SS1651678229872,US,TD,triads,saw,tax_match,FALSE
SS1651678231224,US,TD,triads,spoon,tax_match,TRUE
SS1651678231224,US,TD,triads,bowl,tax_match,TRUE
SS1651678231224,US,TD,triads,teacup,tax_match,TRUE
SS1651678231224,US,TD,triads,bee,tax_match,TRUE
SS1651678231224,US,TD,triads,teacher,tax_match,TRUE
SS1651678231224,US,TD,triads,elephant,tax_match,TRUE
SS1651678231224,US,TD,triads,legs,tax_match,TRUE
SS1651678231224,US,TD,triads,ring,tax_match,TRUE
SS1651678232565,US,TD,triads,airplane,tax_match,TRUE
SS1651678232565,US,TD,triads,bowl,tax_match,TRUE
SS1651678232565,US,TD,triads,teacup,tax_match,TRUE
SS1651678232565,US,TD,triads,bee,tax_match,TRUE
SS1651678232565,US,TD,triads,notepad,tax_match,TRUE
SS1651678232565,US,TD,triads,elephant,tax_match,TRUE
SS1651678232565,US,TD,triads,boot,tax_match,TRUE
SS1651678232565,US,TD,triads,goat,tax_match,TRUE
SS1651678232565,US,TD,triads,ring,tax_match,TRUE
SS1651678239759,US,TD,triads,airplane,tax_match,TRUE
SS1651678239759,US,TD,triads,pigeon,tax_match,TRUE
SS1651678239759,US,TD,triads,bowl,tax_match,TRUE
SS1651678239759,US,TD,triads,dress,tax_match,TRUE
SS1651678239759,US,TD,triads,notepad,tax_match,TRUE
SS1651678239759,US,TD,triads,saw,tax_match,FALSE
SS1651678242246,US,TD,triads,spoon,tax_match,TRUE
SS1651678242246,US,TD,triads,pigeon,tax_match,TRUE
SS1651678242246,US,TD,triads,dress,tax_match,TRUE
SS1651678242246,US,TD,triads,bee,tax_match,TRUE
SS1651678242246,US,TD,triads,notepad,tax_match,TRUE
SS1651678242246,US,TD,triads,elephant,tax_match,FALSE
SS1651678242246,US,TD,triads,saw,tax_match,FALSE
SS1651678243882,US,TD,triads,airplane,tax_match,TRUE
SS1651678243882,US,TD,triads,spoon,tax_match,TRUE
SS1651678243882,US,TD,triads,pigeon,tax_match,TRUE
SS1651678243882,US,TD,triads,dress,tax_match,TRUE
SS1651678243882,US,TD,triads,notepad,tax_match,TRUE
SS1651678243882,US,TD,triads,boot,tax_match,TRUE
SS1651678243882,US,TD,triads,goat,tax_match,TRUE
SS1651678244241,US,TD,triads,airplane,tax_match,TRUE
SS1651678244241,US,TD,triads,pigeon,tax_match,TRUE
SS1651678244241,US,TD,triads,bowl,tax_match,TRUE
SS1651678244241,US,TD,triads,dress,tax_match,TRUE
SS1651678244241,US,TD,triads,notepad,tax_match,TRUE
SS1651678244241,US,TD,triads,teacher,tax_match,TRUE
SS1651678244241,US,TD,triads,elephant,tax_match,TRUE
SS1651678244241,US,TD,triads,saw,tax_match,FALSE
SS1651678244241,US,TD,triads,boot,tax_match,TRUE
SS1651678244241,US,TD,triads,goat,tax_match,TRUE
SS1651678245327,US,TD,triads,spoon,tax_match,TRUE
SS1651678245327,US,TD,triads,dress,tax_match,TRUE
SS1651678245327,US,TD,triads,teacup,tax_match,TRUE
SS1651678245327,US,TD,triads,boot,tax_match,TRUE
SS1651678245327,US,TD,triads,goat,tax_match,TRUE
SS1651678245327,US,TD,triads,ring,tax_match,TRUE
SS1651678246113,US,TD,triads,airplane,tax_match,TRUE
SS1651678246113,US,TD,triads,bowl,tax_match,TRUE
SS1651678246113,US,TD,triads,bee,tax_match,TRUE
SS1651678246113,US,TD,triads,elephant,tax_match,TRUE
SS1651678246113,US,TD,triads,boot,tax_match,TRUE
SS1651678246113,US,TD,triads,goat,tax_match,TRUE
SS1651678246113,US,TD,triads,ring,tax_match,TRUE
SS1651678246330,US,TD,triads,pigeon,tax_match,TRUE
SS1651678246330,US,TD,triads,teacup,tax_match,TRUE
SS1651678246330,US,TD,triads,notepad,tax_match,TRUE
SS1651678246330,US,TD,triads,elephant,tax_match,TRUE
SS1651678246330,US,TD,triads,saw,tax_match,FALSE
SS1651678246330,US,TD,triads,boot,tax_match,TRUE
SS1651678246330,US,TD,triads,legs,tax_match,TRUE
SS1651678246330,US,TD,triads,ring,tax_match,TRUE
SS1651678248637,US,TD,triads,pigeon,tax_match,TRUE
SS1651678248637,US,TD,triads,bowl,tax_match,TRUE
SS1651678248637,US,TD,triads,dress,tax_match,TRUE
SS1651678248637,US,TD,triads,teacup,tax_match,FALSE
SS1651678248637,US,TD,triads,elephant,tax_match,TRUE
SS1651678248637,US,TD,triads,saw,tax_match,FALSE
SS1651678248637,US,TD,triads,goat,tax_match,TRUE
SS1651678248637,US,TD,triads,ring,tax_match,FALSE
SS1651678248989,US,TD,triads,spoon,tax_match,TRUE
SS1651678248989,US,TD,triads,pigeon,tax_match,TRUE
SS1651678248989,US,TD,triads,dress,tax_match,TRUE
SS1651678248989,US,TD,triads,teacup,tax_match,FALSE
SS1651678248989,US,TD,triads,notepad,tax_match,TRUE
SS1651678249603,US,TD,triads,pigeon,tax_match,TRUE
SS1651678249603,US,TD,triads,bowl,tax_match,TRUE
SS1651678249603,US,TD,triads,teacup,tax_match,FALSE
SS1651678249603,US,TD,triads,bee,tax_match,TRUE
SS1651678249603,US,TD,triads,teacher,tax_match,TRUE
SS1651678249603,US,TD,triads,elephant,tax_match,FALSE
SS1651678249603,US,TD,triads,boot,tax_match,FALSE
SS1651678249603,US,TD,triads,goat,tax_match,FALSE
SS1651678250397,US,TD,triads,pigeon,tax_match,TRUE
SS1651678250397,US,TD,triads,dress,tax_match,TRUE
SS1651678250397,US,TD,triads,teacher,tax_match,FALSE
SS1651678250397,US,TD,triads,saw,tax_match,FALSE
SS1651678250397,US,TD,triads,goat,tax_match,FALSE
SS1651678250397,US,TD,triads,ring,tax_match,FALSE
SS1651678252363,US,TD,triads,airplane,tax_match,TRUE
SS1651678252363,US,TD,triads,notepad,tax_match,FALSE
SS1651678252363,US,TD,triads,saw,tax_match,FALSE
SS1651678252363,US,TD,triads,legs,tax_match,TRUE
SS1651678252363,US,TD,triads,ring,tax_match,FALSE
SS1651678252935,US,TD,triads,spoon,tax_match,FALSE
SS1651678252935,US,TD,triads,bowl,tax_match,FALSE
SS1651678252935,US,TD,triads,dress,tax_match,FALSE
SS1651678252935,US,TD,triads,notepad,tax_match,TRUE
SS1651678252935,US,TD,triads,teacher,tax_match,TRUE
SS1651678252935,US,TD,triads,elephant,tax_match,FALSE
SS1651678252935,US,TD,triads,saw,tax_match,FALSE
SS1651678252935,US,TD,triads,boot,tax_match,TRUE
SS1651678252935,US,TD,triads,legs,tax_match,FALSE
SS1651678252935,US,TD,triads,goat,tax_match,FALSE
SS1651678253736,US,TD,triads,airplane,tax_match,FALSE
SS1651678253736,US,TD,triads,teacup,tax_match,FALSE
SS1651678253736,US,TD,triads,bee,tax_match,FALSE
SS1651678253736,US,TD,triads,goat,tax_match,TRUE
SS1651678256204,US,TD,triads,airplane,tax_match,TRUE
SS1651678256204,US,TD,triads,spoon,tax_match,TRUE
SS1651678256204,US,TD,triads,teacup,tax_match,TRUE
SS1651678256204,US,TD,triads,bee,tax_match,TRUE
SS1651678256204,US,TD,triads,elephant,tax_match,TRUE
SS1651678256204,US,TD,triads,saw,tax_match,FALSE
SS1651678256204,US,TD,triads,boot,tax_match,FALSE
SS1651678256204,US,TD,triads,goat,tax_match,TRUE
SS1651678257395,US,TD,triads,airplane,tax_match,TRUE
SS1651678257395,US,TD,triads,spoon,tax_match,TRUE
SS1651678257395,US,TD,triads,pigeon,tax_match,TRUE
SS1651678257395,US,TD,triads,bowl,tax_match,TRUE
SS1651678257395,US,TD,triads,dress,tax_match,TRUE
SS1651678257395,US,TD,triads,bee,tax_match,TRUE
SS1651678257395,US,TD,triads,boot,tax_match,TRUE
SS1651678257395,US,TD,triads,legs,tax_match,TRUE
SS1651678257395,US,TD,triads,goat,tax_match,TRUE
SS1651678257395,US,TD,triads,ring,tax_match,TRUE
SS1651678258791,US,TD,triads,airplane,tax_match,TRUE
SS1651678258791,US,TD,triads,spoon,tax_match,TRUE
SS1651678258791,US,TD,triads,bowl,tax_match,FALSE
SS1651678258791,US,TD,triads,teacup,tax_match,TRUE
SS1651678258791,US,TD,triads,bee,tax_match,FALSE
SS1651678258791,US,TD,triads,notepad,tax_match,TRUE
SS1651678258791,US,TD,triads,teacher,tax_match,FALSE
SS1651678258791,US,TD,triads,elephant,tax_match,TRUE
SS1651678258791,US,TD,triads,goat,tax_match,TRUE
SS1651678258791,US,TD,triads,ring,tax_match,FALSE
SS1651678259296,US,TD,triads,airplane,tax_match,TRUE
SS1651678259296,US,TD,triads,spoon,tax_match,TRUE
SS1651678259296,US,TD,triads,pigeon,tax_match,TRUE
SS1651678259296,US,TD,triads,teacup,tax_match,TRUE
SS1651678259296,US,TD,triads,teacher,tax_match,FALSE
SS1651678259296,US,TD,triads,elephant,tax_match,TRUE
SS1651678259296,US,TD,triads,saw,tax_match,FALSE
SS1651678260164,US,TD,triads,pigeon,tax_match,TRUE
SS1651678260164,US,TD,triads,bee,tax_match,TRUE
SS1651678260164,US,TD,triads,teacher,tax_match,TRUE
SS1651678260164,US,TD,triads,elephant,tax_match,TRUE
SS1651678260164,US,TD,triads,saw,tax_match,FALSE
SS1651678260164,US,TD,triads,boot,tax_match,TRUE
SS1651678260164,US,TD,triads,legs,tax_match,TRUE
SS1651678260164,US,TD,triads,goat,tax_match,TRUE
SS1651678260331,US,TD,triads,teacup,tax_match,FALSE
SS1651678260331,US,TD,triads,bee,tax_match,TRUE
SS1651678260331,US,TD,triads,notepad,tax_match,TRUE
SS1651678260331,US,TD,triads,teacher,tax_match,TRUE
SS1651678260331,US,TD,triads,elephant,tax_match,TRUE
SS1651678260331,US,TD,triads,saw,tax_match,FALSE
SS1651678260331,US,TD,triads,goat,tax_match,TRUE
SS1651678260331,US,TD,triads,ring,tax_match,TRUE
SS1651678260663,US,TD,triads,pigeon,tax_match,TRUE
SS1651678260663,US,TD,triads,bowl,tax_match,TRUE
SS1651678260663,US,TD,triads,teacup,tax_match,TRUE
SS1651678260663,US,TD,triads,teacher,tax_match,TRUE
SS1651678260663,US,TD,triads,elephant,tax_match,TRUE
SS1651678260663,US,TD,triads,saw,tax_match,FALSE
SS1651678260663,US,TD,triads,boot,tax_match,TRUE
SS1651678260663,US,TD,triads,legs,tax_match,TRUE
SS1651678260663,US,TD,triads,ring,tax_match,TRUE
SS1651678261063,US,TD,triads,spoon,tax_match,TRUE
SS1651678261063,US,TD,triads,pigeon,tax_match,FALSE
SS1651678261063,US,TD,triads,bowl,tax_match,TRUE
SS1651678261063,US,TD,triads,dress,tax_match,TRUE
SS1651678261063,US,TD,triads,notepad,tax_match,TRUE
SS1651678261063,US,TD,triads,teacher,tax_match,FALSE
SS1651678261063,US,TD,triads,saw,tax_match,FALSE
SS1651678261063,US,TD,triads,legs,tax_match,TRUE
SS1651678261912,US,TD,triads,dress,tax_match,TRUE
SS1651678261912,US,TD,triads,bee,tax_match,FALSE
SS1651678261912,US,TD,triads,teacher,tax_match,FALSE
SS1651678261912,US,TD,triads,elephant,tax_match,TRUE
SS1651678261912,US,TD,triads,saw,tax_match,FALSE
SS1651678261912,US,TD,triads,boot,tax_match,FALSE
SS1651678261912,US,TD,triads,goat,tax_match,TRUE
SS1651678262590,US,TD,triads,airplane,tax_match,TRUE
SS1651678262590,US,TD,triads,pigeon,tax_match,TRUE
SS1651678262590,US,TD,triads,bowl,tax_match,TRUE
SS1651678262590,US,TD,triads,dress,tax_match,TRUE
SS1651678262590,US,TD,triads,bee,tax_match,TRUE
SS1651678262590,US,TD,triads,notepad,tax_match,TRUE
SS1651678262590,US,TD,triads,boot,tax_match,TRUE
SS1651678262590,US,TD,triads,legs,tax_match,TRUE
SS1651678262854,US,TD,triads,airplane,tax_match,TRUE
SS1651678262854,US,TD,triads,pigeon,tax_match,TRUE
SS1651678262854,US,TD,triads,dress,tax_match,TRUE
SS1651678262854,US,TD,triads,teacup,tax_match,TRUE
SS1651678262854,US,TD,triads,bee,tax_match,TRUE
SS1651678262854,US,TD,triads,elephant,tax_match,TRUE
SS1651678262854,US,TD,triads,goat,tax_match,TRUE
SS1651678263725,US,TD,triads,spoon,tax_match,TRUE
SS1651678263725,US,TD,triads,bee,tax_match,TRUE
SS1651678263725,US,TD,triads,notepad,tax_match,TRUE
SS1651678263725,US,TD,triads,boot,tax_match,FALSE
SS1651678263725,US,TD,triads,goat,tax_match,TRUE
SS1651678263725,US,TD,triads,ring,tax_match,TRUE
SS1651678265100,US,TD,triads,spoon,tax_match,TRUE
SS1651678265100,US,TD,triads,pigeon,tax_match,TRUE
SS1651678265100,US,TD,triads,bowl,tax_match,TRUE
SS1651678265100,US,TD,triads,teacup,tax_match,TRUE
SS1651678265100,US,TD,triads,teacher,tax_match,TRUE
SS1651678265100,US,TD,triads,elephant,tax_match,TRUE
SS1651678265263,US,TD,triads,pigeon,tax_match,TRUE
SS1651678265263,US,TD,triads,bowl,tax_match,TRUE
SS1651678265263,US,TD,triads,dress,tax_match,TRUE
SS1651678265263,US,TD,triads,teacup,tax_match,TRUE
SS1651678265263,US,TD,triads,teacher,tax_match,TRUE
SS1651678265263,US,TD,triads,boot,tax_match,TRUE
SS1651678265263,US,TD,triads,legs,tax_match,TRUE
SS1651678265263,US,TD,triads,goat,tax_match,TRUE
SS1651678265263,US,TD,triads,ring,tax_match,TRUE
SS1651678267011,US,TD,triads,airplane,tax_match,TRUE
SS1651678267011,US,TD,triads,pigeon,tax_match,TRUE
SS1651678267011,US,TD,triads,bee,tax_match,TRUE
SS1651678267011,US,TD,triads,boot,tax_match,TRUE
SS1651678267011,US,TD,triads,legs,tax_match,TRUE
SS1651678267011,US,TD,triads,goat,tax_match,TRUE
SS1651678267140,US,TD,triads,spoon,tax_match,TRUE
SS1651678267140,US,TD,triads,pigeon,tax_match,FALSE
SS1651678267140,US,TD,triads,dress,tax_match,TRUE
SS1651678267140,US,TD,triads,teacup,tax_match,FALSE
SS1651678267140,US,TD,triads,saw,tax_match,FALSE
SS1651678267140,US,TD,triads,boot,tax_match,TRUE
SS1651678267140,US,TD,triads,legs,tax_match,FALSE
SS1651678267140,US,TD,triads,goat,tax_match,TRUE
SS1651678267140,US,TD,triads,ring,tax_match,TRUE
SS1651678267405,US,TD,triads,bowl,tax_match,TRUE
SS1651678267405,US,TD,triads,elephant,tax_match,TRUE
SS1651678267405,US,TD,triads,saw,tax_match,FALSE
SS1651678267405,US,TD,triads,boot,tax_match,TRUE
SS1651678267405,US,TD,triads,ring,tax_match,TRUE
SS1651678268119,US,TD,triads,spoon,tax_match,TRUE
SS1651678268119,US,TD,triads,dress,tax_match,TRUE
SS1651678268119,US,TD,triads,teacup,tax_match,FALSE
SS1651678268119,US,TD,triads,bee,tax_match,TRUE
SS1651678268119,US,TD,triads,notepad,tax_match,TRUE
SS1651678268119,US,TD,triads,teacher,tax_match,TRUE
SS1651678268119,US,TD,triads,elephant,tax_match,TRUE
SS1651678268119,US,TD,triads,legs,tax_match,FALSE
SS1651678268119,US,TD,triads,goat,tax_match,TRUE
SS1651678270245,US,TD,triads,airplane,tax_match,TRUE
SS1651678270245,US,TD,triads,spoon,tax_match,TRUE
SS1651678270245,US,TD,triads,bowl,tax_match,TRUE
SS1651678270245,US,TD,triads,bee,tax_match,TRUE
SS1651678270245,US,TD,triads,teacher,tax_match,TRUE
SS1651678270245,US,TD,triads,elephant,tax_match,TRUE
SS1651678270245,US,TD,triads,saw,tax_match,FALSE
SS1651678270245,US,TD,triads,legs,tax_match,TRUE
SS1651678270245,US,TD,triads,goat,tax_match,TRUE
SS1651678270245,US,TD,triads,ring,tax_match,TRUE
SS1651678270524,US,TD,triads,pigeon,tax_match,FALSE
SS1651678270524,US,TD,triads,bowl,tax_match,TRUE
SS1651678270524,US,TD,triads,dress,tax_match,TRUE
SS1651678270524,US,TD,triads,teacup,tax_match,TRUE
SS1651678270524,US,TD,triads,bee,tax_match,TRUE
SS1651678270524,US,TD,triads,teacher,tax_match,FALSE
SS1651678270524,US,TD,triads,legs,tax_match,FALSE
SS1651678270524,US,TD,triads,ring,tax_match,TRUE
SS1651678271326,US,TD,triads,airplane,tax_match,TRUE
SS1651678271326,US,TD,triads,bowl,tax_match,TRUE
SS1651678271326,US,TD,triads,bee,tax_match,TRUE
SS1651678271326,US,TD,triads,ring,tax_match,TRUE
SS1651678274966,US,TD,triads,spoon,tax_match,TRUE
SS1651678274966,US,TD,triads,bowl,tax_match,TRUE
SS1651678274966,US,TD,triads,dress,tax_match,TRUE
SS1651678274966,US,TD,triads,notepad,tax_match,TRUE
SS1651678274966,US,TD,triads,teacher,tax_match,TRUE
SS1651678274966,US,TD,triads,elephant,tax_match,TRUE
SS1651678274966,US,TD,triads,saw,tax_match,FALSE
SS1651678274966,US,TD,triads,legs,tax_match,TRUE
SS1651678274966,US,TD,triads,goat,tax_match,TRUE
SS1651678278178,US,TD,triads,dress,tax_match,TRUE
SS1651678278178,US,TD,triads,bee,tax_match,TRUE
SS1651678278178,US,TD,triads,elephant,tax_match,TRUE
SS1651678278178,US,TD,triads,saw,tax_match,FALSE
SS1651678278178,US,TD,triads,boot,tax_match,TRUE
SS1651678278178,US,TD,triads,legs,tax_match,TRUE
SS1651678278178,US,TD,triads,ring,tax_match,TRUE
SS1651678298946,US,TD,triads,airplane,tax_match,TRUE
SS1651678298946,US,TD,triads,pigeon,tax_match,TRUE
SS1651678298946,US,TD,triads,teacup,tax_match,FALSE
SS1651678298946,US,TD,triads,notepad,tax_match,TRUE
SS1651678298946,US,TD,triads,teacher,tax_match,TRUE
SS1651678298946,US,TD,triads,elephant,tax_match,TRUE
SS1651678298946,US,TD,triads,saw,tax_match,FALSE
SS1651678298946,US,TD,triads,legs,tax_match,TRUE
SS1651678302508,US,TD,triads,pigeon,tax_match,TRUE
SS1651678302508,US,TD,triads,teacup,tax_match,TRUE
SS1651678302508,US,TD,triads,teacher,tax_match,TRUE
SS1651678302508,US,TD,triads,saw,tax_match,FALSE
SS1651678302508,US,TD,triads,boot,tax_match,TRUE
SS1651678302508,US,TD,triads,ring,tax_match,TRUE
SS1651678327719,US,TD,triads,teacup,tax_match,TRUE
SS1651678327719,US,TD,triads,notepad,tax_match,TRUE
SS1651678327719,US,TD,triads,teacher,tax_match,TRUE
SS1651678327719,US,TD,triads,saw,tax_match,FALSE
SS1651678327719,US,TD,triads,boot,tax_match,TRUE
SS1651678327719,US,TD,triads,legs,tax_match,FALSE
SS1651678328286,US,TD,triads,spoon,tax_match,TRUE
SS1651678328286,US,TD,triads,dress,tax_match,TRUE
SS1651678328286,US,TD,triads,teacup,tax_match,TRUE
SS1651678328286,US,TD,triads,notepad,tax_match,TRUE
SS1651678328286,US,TD,triads,teacher,tax_match,FALSE
SS1651678328286,US,TD,triads,saw,tax_match,FALSE
SS1651678328286,US,TD,triads,goat,tax_match,TRUE
SS1651678331156,US,TD,triads,airplane,tax_match,TRUE
SS1651678331156,US,TD,triads,spoon,tax_match,TRUE
SS1651678331156,US,TD,triads,teacher,tax_match,TRUE
SS1651678331156,US,TD,triads,elephant,tax_match,TRUE
SS1651678331156,US,TD,triads,boot,tax_match,TRUE
SS1651678331156,US,TD,triads,legs,tax_match,TRUE
SS1651678331156,US,TD,triads,goat,tax_match,TRUE
SS1651678353530,US,TD,triads,airplane,tax_match,TRUE
SS1651678353530,US,TD,triads,bowl,tax_match,TRUE
SS1651678353530,US,TD,triads,teacup,tax_match,TRUE
SS1651678353530,US,TD,triads,bee,tax_match,TRUE
SS1651678353530,US,TD,triads,elephant,tax_match,TRUE
SS1651678353530,US,TD,triads,saw,tax_match,FALSE
SS1651678353530,US,TD,triads,boot,tax_match,TRUE
SS1651678353530,US,TD,triads,ring,tax_match,TRUE
SS1651678384991,US,TD,triads,spoon,tax_match,TRUE
SS1651678384991,US,TD,triads,pigeon,tax_match,FALSE
SS1651678384991,US,TD,triads,dress,tax_match,TRUE
SS1651678384991,US,TD,triads,notepad,tax_match,TRUE
SS1651678384991,US,TD,triads,elephant,tax_match,TRUE
SS1651678384991,US,TD,triads,boot,tax_match,FALSE
SS1651678384991,US,TD,triads,goat,tax_match,FALSE
SS1651678386286,US,TD,triads,airplane,tax_match,FALSE
SS1651678386286,US,TD,triads,spoon,tax_match,TRUE
SS1651678386286,US,TD,triads,pigeon,tax_match,TRUE
SS1651678386286,US,TD,triads,bee,tax_match,FALSE
SS1651678386286,US,TD,triads,notepad,tax_match,TRUE
SS1651678386286,US,TD,triads,teacher,tax_match,FALSE
SS1651678386286,US,TD,triads,saw,tax_match,FALSE
SS1651678386286,US,TD,triads,ring,tax_match,TRUE
SS1651678409670,US,TD,triads,airplane,tax_match,TRUE
SS1651678409670,US,TD,triads,pigeon,tax_match,FALSE
SS1651678409670,US,TD,triads,bowl,tax_match,FALSE
SS1651678409670,US,TD,triads,dress,tax_match,TRUE
SS1651678409670,US,TD,triads,teacher,tax_match,FALSE
SS1651678409670,US,TD,triads,elephant,tax_match,FALSE
SS1651678409670,US,TD,triads,goat,tax_match,TRUE
SS1651678409670,US,TD,triads,ring,tax_match,FALSE
SS1651678434328,US,TD,triads,spoon,tax_match,TRUE
SS1651678434328,US,TD,triads,pigeon,tax_match,TRUE
SS1651678434328,US,TD,triads,teacup,tax_match,FALSE
SS1651678434328,US,TD,triads,bee,tax_match,TRUE
SS1651678434328,US,TD,triads,legs,tax_match,TRUE
SS1651678434328,US,TD,triads,goat,tax_match,TRUE
SS1651678459452,US,TD,triads,airplane,tax_match,TRUE
SS1651678459452,US,TD,triads,pigeon,tax_match,FALSE
SS1651678459452,US,TD,triads,bee,tax_match,TRUE
SS1651678459452,US,TD,triads,elephant,tax_match,FALSE
SS1651678459452,US,TD,triads,saw,tax_match,FALSE
SS1651678459452,US,TD,triads,boot,tax_match,FALSE
SS1651678459452,US,TD,triads,ring,tax_match,FALSE
SS1651678462364,US,TD,triads,spoon,tax_match,TRUE
SS1651678462364,US,TD,triads,pigeon,tax_match,TRUE
SS1651678462364,US,TD,triads,dress,tax_match,TRUE
SS1651678462364,US,TD,triads,teacup,tax_match,FALSE
SS1651678462364,US,TD,triads,teacher,tax_match,TRUE
SS1651678462364,US,TD,triads,goat,tax_match,TRUE
SS1651678474300,US,TD,triads,airplane,tax_match,TRUE
SS1651678474300,US,TD,triads,spoon,tax_match,TRUE
SS1651678474300,US,TD,triads,pigeon,tax_match,TRUE
SS1651678474300,US,TD,triads,dress,tax_match,TRUE
SS1651678474300,US,TD,triads,teacup,tax_match,FALSE
SS1651678474300,US,TD,triads,bee,tax_match,TRUE
SS1651678474300,US,TD,triads,saw,tax_match,FALSE
SS1651678474300,US,TD,triads,boot,tax_match,TRUE
SS1651678474300,US,TD,triads,legs,tax_match,TRUE
SS1651678474300,US,TD,triads,ring,tax_match,TRUE
SS1651678537895,US,TD,triads,airplane,tax_match,TRUE
SS1651678537895,US,TD,triads,spoon,tax_match,TRUE
SS1651678537895,US,TD,triads,teacup,tax_match,TRUE
SS1651678537895,US,TD,triads,notepad,tax_match,TRUE
SS1651678537895,US,TD,triads,elephant,tax_match,TRUE
SS1651678537895,US,TD,triads,saw,tax_match,FALSE
SS1651678537895,US,TD,triads,ring,tax_match,TRUE
SS1651678538948,US,TD,triads,airplane,tax_match,TRUE
SS1651678538948,US,TD,triads,spoon,tax_match,TRUE
SS1651678538948,US,TD,triads,pigeon,tax_match,TRUE
SS1651678538948,US,TD,triads,dress,tax_match,TRUE
SS1651678538948,US,TD,triads,teacup,tax_match,FALSE
SS1651678538948,US,TD,triads,bee,tax_match,TRUE
SS1651678538948,US,TD,triads,elephant,tax_match,TRUE
SS1651678538948,US,TD,triads,goat,tax_match,TRUE
SS1651678556653,US,TD,triads,airplane,tax_match,TRUE
SS1651678556653,US,TD,triads,spoon,tax_match,TRUE
SS1651678556653,US,TD,triads,pigeon,tax_match,TRUE
SS1651678556653,US,TD,triads,bowl,tax_match,TRUE
SS1651678556653,US,TD,triads,dress,tax_match,TRUE
SS1651678556653,US,TD,triads,bee,tax_match,TRUE
SS1651678556653,US,TD,triads,boot,tax_match,TRUE
SS1651678556653,US,TD,triads,legs,tax_match,TRUE
SS1651678559284,US,TD,triads,airplane,tax_match,FALSE
SS1651678559284,US,TD,triads,spoon,tax_match,TRUE
SS1651678559284,US,TD,triads,pigeon,tax_match,TRUE
SS1651678559284,US,TD,triads,elephant,tax_match,FALSE
SS1651678559284,US,TD,triads,goat,tax_match,TRUE
SS1651678559284,US,TD,triads,ring,tax_match,FALSE
SS1651678574838,US,TD,triads,airplane,tax_match,TRUE
SS1651678574838,US,TD,triads,pigeon,tax_match,TRUE
SS1651678574838,US,TD,triads,dress,tax_match,TRUE
SS1651678574838,US,TD,triads,teacup,tax_match,FALSE
SS1651678574838,US,TD,triads,bee,tax_match,FALSE
SS1651678574838,US,TD,triads,notepad,tax_match,TRUE
SS1651678574838,US,TD,triads,elephant,tax_match,TRUE
SS1651678625157,US,TD,triads,airplane,tax_match,FALSE
SS1651678625157,US,TD,triads,pigeon,tax_match,FALSE
SS1651678625157,US,TD,triads,bowl,tax_match,FALSE
SS1651678625157,US,TD,triads,dress,tax_match,TRUE
SS1651678625157,US,TD,triads,bee,tax_match,TRUE
SS1651678625157,US,TD,triads,notepad,tax_match,TRUE
SS1651678625157,US,TD,triads,saw,tax_match,FALSE
SS1651678625157,US,TD,triads,boot,tax_match,FALSE
SS1651678626616,US,TD,triads,airplane,tax_match,TRUE
SS1651678626616,US,TD,triads,spoon,tax_match,TRUE
SS1651678626616,US,TD,triads,pigeon,tax_match,TRUE
SS1651678626616,US,TD,triads,dress,tax_match,TRUE
SS1651678626616,US,TD,triads,teacup,tax_match,FALSE
SS1651678626616,US,TD,triads,teacher,tax_match,TRUE
SS1651678626616,US,TD,triads,boot,tax_match,TRUE
SS1651678626616,US,TD,triads,goat,tax_match,TRUE
SS1651678635745,US,TD,triads,spoon,tax_match,TRUE
SS1651678635745,US,TD,triads,bowl,tax_match,TRUE
SS1651678635745,US,TD,triads,dress,tax_match,TRUE
SS1651678635745,US,TD,triads,notepad,tax_match,TRUE
SS1651678635745,US,TD,triads,saw,tax_match,FALSE
SS1651678635745,US,TD,triads,legs,tax_match,FALSE
SS1651678637077,US,TD,triads,spoon,tax_match,TRUE
SS1651678637077,US,TD,triads,bowl,tax_match,TRUE
SS1651678637077,US,TD,triads,dress,tax_match,TRUE
SS1651678637077,US,TD,triads,notepad,tax_match,TRUE
SS1651678637077,US,TD,triads,boot,tax_match,TRUE
SS1651678637077,US,TD,triads,legs,tax_match,TRUE
SS1651678637077,US,TD,triads,ring,tax_match,TRUE
SS1651678701050,US,TD,triads,airplane,tax_match,FALSE
SS1651678701050,US,TD,triads,spoon,tax_match,TRUE
SS1651678701050,US,TD,triads,pigeon,tax_match,FALSE
SS1651678701050,US,TD,triads,bowl,tax_match,FALSE
SS1651678701050,US,TD,triads,dress,tax_match,TRUE
SS1651678701050,US,TD,triads,teacher,tax_match,TRUE
SS1651678701050,US,TD,triads,saw,tax_match,FALSE
SS1651678717637,US,TD,triads,airplane,tax_match,TRUE
SS1651678717637,US,TD,triads,spoon,tax_match,TRUE
SS1651678717637,US,TD,triads,bee,tax_match,TRUE
SS1651678717637,US,TD,triads,elephant,tax_match,TRUE
SS1651678717637,US,TD,triads,legs,tax_match,TRUE
SS1651678717637,US,TD,triads,goat,tax_match,TRUE
SS1651678717637,US,TD,triads,ring,tax_match,TRUE
SS1651678770686,US,TD,triads,spoon,tax_match,TRUE
SS1651678770686,US,TD,triads,pigeon,tax_match,TRUE
SS1651678770686,US,TD,triads,bowl,tax_match,TRUE
SS1651678770686,US,TD,triads,teacup,tax_match,FALSE
SS1651678770686,US,TD,triads,bee,tax_match,TRUE
SS1651678770686,US,TD,triads,notepad,tax_match,TRUE
SS1651678770686,US,TD,triads,teacher,tax_match,FALSE
SS1651678770686,US,TD,triads,elephant,tax_match,TRUE
SS1651678770686,US,TD,triads,ring,tax_match,TRUE
SS1651678809453,US,TD,triads,airplane,tax_match,TRUE
SS1651678809453,US,TD,triads,spoon,tax_match,TRUE
SS1651678809453,US,TD,triads,pigeon,tax_match,TRUE
SS1651678809453,US,TD,triads,bowl,tax_match,TRUE
SS1651678809453,US,TD,triads,teacup,tax_match,TRUE
SS1651678809453,US,TD,triads,notepad,tax_match,TRUE
SS1651678809453,US,TD,triads,teacher,tax_match,TRUE
SS1651678809453,US,TD,triads,goat,tax_match,TRUE
SS1651678955017,US,TD,triads,airplane,tax_match,TRUE
SS1651678955017,US,TD,triads,bowl,tax_match,TRUE
SS1651678955017,US,TD,triads,dress,tax_match,TRUE
SS1651678955017,US,TD,triads,bee,tax_match,TRUE
SS1651678955017,US,TD,triads,teacher,tax_match,TRUE
SS1651678955017,US,TD,triads,elephant,tax_match,TRUE
SS1651678955017,US,TD,triads,boot,tax_match,TRUE
SS1651678955017,US,TD,triads,legs,tax_match,FALSE
SS1651678955017,US,TD,triads,ring,tax_match,FALSE
SS1651679034205,US,TD,triads,dress,tax_match,TRUE
SS1651679034205,US,TD,triads,teacup,tax_match,TRUE
SS1651679034205,US,TD,triads,teacher,tax_match,FALSE
SS1651679034205,US,TD,triads,saw,tax_match,FALSE
SS1651679034205,US,TD,triads,boot,tax_match,TRUE
SS1651679034205,US,TD,triads,legs,tax_match,FALSE
SS1651679034205,US,TD,triads,goat,tax_match,TRUE
SS1651679034205,US,TD,triads,ring,tax_match,FALSE
SS1651679448134,US,TD,triads,pigeon,tax_match,TRUE
SS1651679448134,US,TD,triads,bowl,tax_match,TRUE
SS1651679448134,US,TD,triads,teacup,tax_match,TRUE
SS1651679448134,US,TD,triads,notepad,tax_match,TRUE
SS1651679448134,US,TD,triads,teacher,tax_match,TRUE
SS1651679448134,US,TD,triads,elephant,tax_match,TRUE
SS1651679448134,US,TD,triads,boot,tax_match,TRUE
SS1651679448134,US,TD,triads,legs,tax_match,TRUE
SS1651679448134,US,TD,triads,goat,tax_match,TRUE
SS1651679448134,US,TD,triads,ring,tax_match,TRUE
SS1651679534071,US,TD,triads,spoon,tax_match,TRUE
SS1651679534071,US,TD,triads,bowl,tax_match,TRUE
SS1651679534071,US,TD,triads,dress,tax_match,TRUE
SS1651679534071,US,TD,triads,teacup,tax_match,TRUE
SS1651679534071,US,TD,triads,saw,tax_match,FALSE
SS1651679534071,US,TD,triads,boot,tax_match,TRUE
SS1651679534071,US,TD,triads,goat,tax_match,TRUE
SS1651679534071,US,TD,triads,ring,tax_match,TRUE
SS1651679569580,US,TD,triads,airplane,tax_match,TRUE
SS1651679569580,US,TD,triads,pigeon,tax_match,TRUE
SS1651679569580,US,TD,triads,bowl,tax_match,TRUE
SS1651679569580,US,TD,triads,dress,tax_match,TRUE
SS1651679569580,US,TD,triads,bee,tax_match,TRUE
SS1651679569580,US,TD,triads,elephant,tax_match,FALSE
SS1651679569580,US,TD,triads,boot,tax_match,TRUE
SS1651679569580,US,TD,triads,goat,tax_match,TRUE
SS1651679629301,US,TD,triads,bowl,tax_match,TRUE
SS1651679629301,US,TD,triads,notepad,tax_match,TRUE
SS1651679629301,US,TD,triads,legs,tax_match,TRUE
SS1651679629301,US,TD,triads,goat,tax_match,TRUE
SS1651679629301,US,TD,triads,ring,tax_match,TRUE
SS1651679984067,US,TD,triads,airplane,tax_match,TRUE
SS1651679984067,US,TD,triads,spoon,tax_match,TRUE
SS1651679984067,US,TD,triads,bowl,tax_match,FALSE
SS1651679984067,US,TD,triads,notepad,tax_match,TRUE
SS1651679984067,US,TD,triads,teacher,tax_match,FALSE
SS1651679984067,US,TD,triads,boot,tax_match,TRUE
SS1651679984067,US,TD,triads,goat,tax_match,TRUE
SS1651679984067,US,TD,triads,ring,tax_match,FALSE
SS1651680129189,US,TD,triads,airplane,tax_match,FALSE
SS1651680129189,US,TD,triads,pigeon,tax_match,TRUE
SS1651680129189,US,TD,triads,dress,tax_match,TRUE
SS1651680129189,US,TD,triads,bee,tax_match,TRUE
SS1651680129189,US,TD,triads,teacher,tax_match,FALSE
SS1651680129189,US,TD,triads,elephant,tax_match,TRUE
SS1651680129189,US,TD,triads,boot,tax_match,TRUE
SS1651680129189,US,TD,triads,legs,tax_match,FALSE
SS1651680530568,US,TD,triads,pigeon,tax_match,TRUE
SS1651680530568,US,TD,triads,dress,tax_match,TRUE
SS1651680530568,US,TD,triads,bee,tax_match,TRUE
SS1651680530568,US,TD,triads,boot,tax_match,TRUE
SS1651680530568,US,TD,triads,ring,tax_match,FALSE
SS1651680818305,US,TD,triads,pigeon,tax_match,TRUE
SS1651680818305,US,TD,triads,bowl,tax_match,TRUE
SS1651680818305,US,TD,triads,dress,tax_match,TRUE
SS1651680818305,US,TD,triads,teacup,tax_match,TRUE
SS1651680818305,US,TD,triads,bee,tax_match,TRUE
SS1651680818305,US,TD,triads,teacher,tax_match,TRUE
SS1651680818305,US,TD,triads,legs,tax_match,TRUE
SS1651680818305,US,TD,triads,ring,tax_match,TRUE
SS1651680994828,US,TD,triads,pigeon,tax_match,TRUE
SS1651680994828,US,TD,triads,bowl,tax_match,TRUE
SS1651680994828,US,TD,triads,teacher,tax_match,TRUE
SS1651680994828,US,TD,triads,elephant,tax_match,TRUE
SS1651680994828,US,TD,triads,saw,tax_match,FALSE
SS1651680994828,US,TD,triads,boot,tax_match,TRUE
SS1651680994828,US,TD,triads,goat,tax_match,TRUE
SS1651681877580,US,TD,triads,spoon,tax_match,FALSE
SS1651681877580,US,TD,triads,dress,tax_match,FALSE
SS1651681877580,US,TD,triads,teacup,tax_match,TRUE
SS1651681877580,US,TD,triads,bee,tax_match,TRUE
SS1651681877580,US,TD,triads,elephant,tax_match,TRUE
SS1651681877580,US,TD,triads,boot,tax_match,FALSE
SS1651681877580,US,TD,triads,goat,tax_match,FALSE
SS1651681877580,US,TD,triads,ring,tax_match,FALSE
SS1651682805154,US,TD,triads,bowl,tax_match,TRUE
SS1651682805154,US,TD,triads,bee,tax_match,TRUE
SS1651682805154,US,TD,triads,notepad,tax_match,TRUE
SS1651682805154,US,TD,triads,elephant,tax_match,TRUE
SS1651682805154,US,TD,triads,boot,tax_match,TRUE
SS1651687447221,US,TD,triads,airplane,tax_match,TRUE
SS1651687447221,US,TD,triads,bowl,tax_match,FALSE
SS1651687447221,US,TD,triads,dress,tax_match,TRUE
SS1651687447221,US,TD,triads,bee,tax_match,FALSE
SS1651687447221,US,TD,triads,teacher,tax_match,FALSE
SS1651687447221,US,TD,triads,boot,tax_match,FALSE
SS1651687447221,US,TD,triads,legs,tax_match,FALSE
SS1651687447221,US,TD,triads,goat,tax_match,FALSE
SS1651687447221,US,TD,triads,ring,tax_match,FALSE
SS1651689857645,US,TD,triads,spoon,tax_match,TRUE
SS1651689857645,US,TD,triads,bowl,tax_match,FALSE
SS1651689857645,US,TD,triads,dress,tax_match,FALSE
SS1651689857645,US,TD,triads,teacup,tax_match,FALSE
SS1651689857645,US,TD,triads,teacher,tax_match,FALSE
SS1651689857645,US,TD,triads,elephant,tax_match,TRUE
SS1651689857645,US,TD,triads,goat,tax_match,TRUE
SS1651690446636,US,TD,triads,spoon,tax_match,TRUE
SS1651690446636,US,TD,triads,bowl,tax_match,FALSE
SS1651690446636,US,TD,triads,teacup,tax_match,FALSE
SS1651690446636,US,TD,triads,notepad,tax_match,FALSE
SS1651690446636,US,TD,triads,saw,tax_match,FALSE
SS1651690446636,US,TD,triads,boot,tax_match,TRUE
SS1651690446636,US,TD,triads,goat,tax_match,FALSE
SS1651690626669,US,TD,triads,airplane,tax_match,FALSE
SS1651690626669,US,TD,triads,pigeon,tax_match,TRUE
SS1651690626669,US,TD,triads,bowl,tax_match,TRUE
SS1651690626669,US,TD,triads,notepad,tax_match,TRUE
SS1651690626669,US,TD,triads,teacher,tax_match,FALSE
SS1651690626669,US,TD,triads,elephant,tax_match,FALSE
SS1651690626669,US,TD,triads,saw,tax_match,FALSE
SS1651690626669,US,TD,triads,boot,tax_match,FALSE
SS1651690672320,US,TD,triads,spoon,tax_match,TRUE
SS1651690672320,US,TD,triads,pigeon,tax_match,TRUE
SS1651690672320,US,TD,triads,bowl,tax_match,TRUE
SS1651690672320,US,TD,triads,teacup,tax_match,TRUE
SS1651690672320,US,TD,triads,notepad,tax_match,TRUE
SS1651690672320,US,TD,triads,teacher,tax_match,TRUE
SS1651690672320,US,TD,triads,elephant,tax_match,TRUE
SS1651690672320,US,TD,triads,saw,tax_match,FALSE
SS1651690672320,US,TD,triads,boot,tax_match,TRUE
SS1651690672320,US,TD,triads,legs,tax_match,TRUE
SS1651690672320,US,TD,triads,goat,tax_match,TRUE
SS1651690672320,US,TD,triads,ring,tax_match,TRUE
SS1651690674639,US,TD,triads,airplane,tax_match,TRUE
SS1651690674639,US,TD,triads,pigeon,tax_match,FALSE
SS1651690674639,US,TD,triads,bowl,tax_match,FALSE
SS1651690674639,US,TD,triads,dress,tax_match,TRUE
SS1651690674639,US,TD,triads,bee,tax_match,TRUE
SS1651690674639,US,TD,triads,saw,tax_match,FALSE
SS1651690674639,US,TD,triads,boot,tax_match,FALSE
SS1651690674639,US,TD,triads,goat,tax_match,TRUE
SS1651690674639,US,TD,triads,ring,tax_match,TRUE
SS1651690678231,US,TD,triads,spoon,tax_match,TRUE
SS1651690678231,US,TD,triads,bowl,tax_match,TRUE
SS1651690678231,US,TD,triads,teacup,tax_match,TRUE
SS1651690678231,US,TD,triads,notepad,tax_match,TRUE
SS1651690678231,US,TD,triads,saw,tax_match,FALSE
SS1651690678231,US,TD,triads,goat,tax_match,TRUE
SS1651690678231,US,TD,triads,ring,tax_match,TRUE
SS1651690678388,US,TD,triads,airplane,tax_match,TRUE
SS1651690678388,US,TD,triads,spoon,tax_match,TRUE
SS1651690678388,US,TD,triads,pigeon,tax_match,TRUE
SS1651690678388,US,TD,triads,bowl,tax_match,TRUE
SS1651690678388,US,TD,triads,bee,tax_match,TRUE
SS1651690678388,US,TD,triads,notepad,tax_match,TRUE
SS1651690678388,US,TD,triads,elephant,tax_match,TRUE
SS1651690678388,US,TD,triads,saw,tax_match,FALSE
SS1651690678388,US,TD,triads,boot,tax_match,TRUE
SS1651690681690,US,TD,triads,dress,tax_match,TRUE
SS1651690681690,US,TD,triads,teacup,tax_match,TRUE
SS1651690681690,US,TD,triads,teacher,tax_match,TRUE
SS1651690681690,US,TD,triads,saw,tax_match,FALSE
SS1651690681690,US,TD,triads,boot,tax_match,TRUE
SS1651690681690,US,TD,triads,ring,tax_match,TRUE
SS1651690683219,US,TD,triads,airplane,tax_match,TRUE
SS1651690683219,US,TD,triads,dress,tax_match,TRUE
SS1651690683219,US,TD,triads,bee,tax_match,TRUE
SS1651690683219,US,TD,triads,elephant,tax_match,TRUE
SS1651690683219,US,TD,triads,goat,tax_match,TRUE
SS1651690685286,US,TD,triads,airplane,tax_match,TRUE
SS1651690685286,US,TD,triads,bowl,tax_match,TRUE
SS1651690685286,US,TD,triads,dress,tax_match,FALSE
SS1651690685286,US,TD,triads,bee,tax_match,TRUE
SS1651690685286,US,TD,triads,teacher,tax_match,FALSE
SS1651690685286,US,TD,triads,saw,tax_match,FALSE
SS1651690685286,US,TD,triads,legs,tax_match,FALSE
SS1651690685286,US,TD,triads,goat,tax_match,TRUE
SS1651690685286,US,TD,triads,ring,tax_match,FALSE
SS1651690687499,US,TD,triads,airplane,tax_match,TRUE
SS1651690687499,US,TD,triads,spoon,tax_match,TRUE
SS1651690687499,US,TD,triads,dress,tax_match,TRUE
SS1651690687499,US,TD,triads,teacup,tax_match,TRUE
SS1651690687499,US,TD,triads,bee,tax_match,TRUE
SS1651690687499,US,TD,triads,elephant,tax_match,TRUE
SS1651690687499,US,TD,triads,boot,tax_match,TRUE
SS1651690687499,US,TD,triads,legs,tax_match,TRUE
SS1651690687499,US,TD,triads,goat,tax_match,TRUE
SS1651690687538,US,TD,triads,spoon,tax_match,TRUE
SS1651690687538,US,TD,triads,pigeon,tax_match,FALSE
SS1651690687538,US,TD,triads,teacup,tax_match,FALSE
SS1651690687538,US,TD,triads,teacher,tax_match,FALSE
SS1651690687538,US,TD,triads,ring,tax_match,FALSE
SS1651690691047,US,TD,triads,airplane,tax_match,FALSE
SS1651690691047,US,TD,triads,spoon,tax_match,TRUE
SS1651690691047,US,TD,triads,pigeon,tax_match,FALSE
SS1651690691047,US,TD,triads,bowl,tax_match,FALSE
SS1651690691047,US,TD,triads,dress,tax_match,TRUE
SS1651690691047,US,TD,triads,teacup,tax_match,TRUE
SS1651690691047,US,TD,triads,bee,tax_match,TRUE
SS1651690691047,US,TD,triads,teacher,tax_match,FALSE
SS1651690691047,US,TD,triads,saw,tax_match,FALSE
SS1651690691047,US,TD,triads,boot,tax_match,FALSE
SS1651690691047,US,TD,triads,legs,tax_match,FALSE
SS1651690691327,US,TD,triads,spoon,tax_match,TRUE
SS1651690691327,US,TD,triads,bowl,tax_match,TRUE
SS1651690691327,US,TD,triads,bee,tax_match,TRUE
SS1651690691327,US,TD,triads,teacher,tax_match,TRUE
SS1651690691327,US,TD,triads,elephant,tax_match,TRUE
SS1651690691327,US,TD,triads,legs,tax_match,FALSE
SS1651690691327,US,TD,triads,goat,tax_match,TRUE
SS1651690691327,US,TD,triads,ring,tax_match,TRUE
SS1651690698980,US,TD,triads,airplane,tax_match,TRUE
SS1651690698980,US,TD,triads,spoon,tax_match,TRUE
SS1651690698980,US,TD,triads,bowl,tax_match,TRUE
SS1651690698980,US,TD,triads,bee,tax_match,TRUE
SS1651690698980,US,TD,triads,notepad,tax_match,TRUE
SS1651690698980,US,TD,triads,teacher,tax_match,FALSE
SS1651690698980,US,TD,triads,saw,tax_match,FALSE
SS1651690698980,US,TD,triads,goat,tax_match,TRUE
SS1651690698980,US,TD,triads,ring,tax_match,TRUE
SS1651690706045,US,TD,triads,spoon,tax_match,TRUE
SS1651690706045,US,TD,triads,bowl,tax_match,TRUE
SS1651690706045,US,TD,triads,teacup,tax_match,TRUE
SS1651690706045,US,TD,triads,notepad,tax_match,TRUE
SS1651690706045,US,TD,triads,teacher,tax_match,FALSE
SS1651690706045,US,TD,triads,elephant,tax_match,TRUE
SS1651690706045,US,TD,triads,legs,tax_match,TRUE
SS1651690706045,US,TD,triads,ring,tax_match,TRUE
SS1651690707343,US,TD,triads,spoon,tax_match,TRUE
SS1651690707343,US,TD,triads,bowl,tax_match,FALSE
SS1651690707343,US,TD,triads,notepad,tax_match,FALSE
SS1651690707343,US,TD,triads,teacher,tax_match,FALSE
SS1651690707343,US,TD,triads,elephant,tax_match,FALSE
SS1651690707343,US,TD,triads,boot,tax_match,FALSE
SS1651690707343,US,TD,triads,legs,tax_match,FALSE
SS1651690707467,US,TD,triads,bowl,tax_match,TRUE
SS1651690707467,US,TD,triads,teacup,tax_match,TRUE
SS1651690707467,US,TD,triads,teacher,tax_match,TRUE
SS1651690707467,US,TD,triads,boot,tax_match,TRUE
SS1651690707467,US,TD,triads,legs,tax_match,TRUE
SS1651690707467,US,TD,triads,goat,tax_match,TRUE
SS1651690708015,US,TD,triads,spoon,tax_match,TRUE
SS1651690708015,US,TD,triads,pigeon,tax_match,TRUE
SS1651690708015,US,TD,triads,dress,tax_match,TRUE
SS1651690708015,US,TD,triads,teacher,tax_match,TRUE
SS1651690708015,US,TD,triads,elephant,tax_match,TRUE
SS1651690708015,US,TD,triads,saw,tax_match,FALSE
SS1651690708015,US,TD,triads,ring,tax_match,TRUE
SS1651690711805,US,TD,triads,dress,tax_match,FALSE
SS1651690711805,US,TD,triads,notepad,tax_match,FALSE
SS1651690711805,US,TD,triads,teacher,tax_match,FALSE
SS1651690711805,US,TD,triads,boot,tax_match,FALSE
SS1651690714289,US,TD,triads,airplane,tax_match,TRUE
SS1651690714289,US,TD,triads,spoon,tax_match,TRUE
SS1651690714289,US,TD,triads,pigeon,tax_match,TRUE
SS1651690714289,US,TD,triads,bowl,tax_match,TRUE
SS1651690714289,US,TD,triads,teacup,tax_match,TRUE
SS1651690714289,US,TD,triads,bee,tax_match,TRUE
SS1651690714289,US,TD,triads,notepad,tax_match,TRUE
SS1651690714289,US,TD,triads,elephant,tax_match,TRUE
SS1651690719363,US,TD,triads,airplane,tax_match,TRUE
SS1651690719363,US,TD,triads,spoon,tax_match,TRUE
SS1651690719363,US,TD,triads,dress,tax_match,TRUE
SS1651690719363,US,TD,triads,notepad,tax_match,TRUE
SS1651690719363,US,TD,triads,teacher,tax_match,TRUE
SS1651690719363,US,TD,triads,elephant,tax_match,TRUE
SS1651690719510,US,TD,triads,spoon,tax_match,TRUE
SS1651690719510,US,TD,triads,pigeon,tax_match,TRUE
SS1651690719510,US,TD,triads,bee,tax_match,TRUE
SS1651690719510,US,TD,triads,notepad,tax_match,TRUE
SS1651690719510,US,TD,triads,saw,tax_match,FALSE
SS1651690719510,US,TD,triads,boot,tax_match,TRUE
SS1651690723933,US,TD,triads,airplane,tax_match,TRUE
SS1651690723933,US,TD,triads,spoon,tax_match,TRUE
SS1651690723933,US,TD,triads,bee,tax_match,TRUE
SS1651690723933,US,TD,triads,teacher,tax_match,TRUE
SS1651690723933,US,TD,triads,boot,tax_match,TRUE
SS1651690723933,US,TD,triads,legs,tax_match,TRUE
SS1651690727662,US,TD,triads,airplane,tax_match,TRUE
SS1651690727662,US,TD,triads,spoon,tax_match,TRUE
SS1651690727662,US,TD,triads,dress,tax_match,TRUE
SS1651690727662,US,TD,triads,notepad,tax_match,TRUE
SS1651690727662,US,TD,triads,teacher,tax_match,FALSE
SS1651690727662,US,TD,triads,boot,tax_match,TRUE
SS1651690727662,US,TD,triads,legs,tax_match,TRUE
SS1651690727662,US,TD,triads,ring,tax_match,TRUE
SS1651690727759,US,TD,triads,pigeon,tax_match,TRUE
SS1651690727759,US,TD,triads,bowl,tax_match,TRUE
SS1651690727759,US,TD,triads,dress,tax_match,TRUE
SS1651690727759,US,TD,triads,bee,tax_match,TRUE
SS1651690727759,US,TD,triads,notepad,tax_match,TRUE
SS1651690727759,US,TD,triads,teacher,tax_match,TRUE
SS1651690727759,US,TD,triads,legs,tax_match,TRUE
SS1651690729593,US,TD,triads,pigeon,tax_match,TRUE
SS1651690729593,US,TD,triads,bowl,tax_match,TRUE
SS1651690729593,US,TD,triads,teacup,tax_match,TRUE
SS1651690729593,US,TD,triads,notepad,tax_match,TRUE
SS1651690729593,US,TD,triads,teacher,tax_match,TRUE
SS1651690729593,US,TD,triads,elephant,tax_match,TRUE
SS1651690729593,US,TD,triads,boot,tax_match,TRUE
SS1651690729593,US,TD,triads,legs,tax_match,TRUE
SS1651690729593,US,TD,triads,ring,tax_match,TRUE
SS1651690730467,US,TD,triads,airplane,tax_match,TRUE
SS1651690730467,US,TD,triads,spoon,tax_match,TRUE
SS1651690730467,US,TD,triads,teacup,tax_match,FALSE
SS1651690730467,US,TD,triads,notepad,tax_match,TRUE
SS1651690730467,US,TD,triads,elephant,tax_match,FALSE
SS1651690730467,US,TD,triads,saw,tax_match,FALSE
SS1651690730467,US,TD,triads,legs,tax_match,TRUE
SS1651690731537,US,TD,triads,airplane,tax_match,TRUE
SS1651690731537,US,TD,triads,pigeon,tax_match,FALSE
SS1651690731537,US,TD,triads,bee,tax_match,FALSE
SS1651690731537,US,TD,triads,teacher,tax_match,FALSE
SS1651690731537,US,TD,triads,boot,tax_match,TRUE
SS1651690731537,US,TD,triads,ring,tax_match,FALSE
SS1651690732177,US,TD,triads,airplane,tax_match,TRUE
SS1651690732177,US,TD,triads,dress,tax_match,TRUE
SS1651690732177,US,TD,triads,elephant,tax_match,TRUE
SS1651690732177,US,TD,triads,saw,tax_match,FALSE
SS1651690732177,US,TD,triads,legs,tax_match,TRUE
SS1651690732177,US,TD,triads,ring,tax_match,TRUE
SS1651690735020,US,TD,triads,airplane,tax_match,TRUE
SS1651690735020,US,TD,triads,spoon,tax_match,TRUE
SS1651690735020,US,TD,triads,pigeon,tax_match,TRUE
SS1651690735020,US,TD,triads,bowl,tax_match,TRUE
SS1651690735020,US,TD,triads,dress,tax_match,TRUE
SS1651690735020,US,TD,triads,bee,tax_match,TRUE
SS1651690735020,US,TD,triads,saw,tax_match,FALSE
SS1651690735020,US,TD,triads,boot,tax_match,TRUE
SS1651690735020,US,TD,triads,ring,tax_match,FALSE
SS1651690737808,US,TD,triads,airplane,tax_match,TRUE
SS1651690737808,US,TD,triads,spoon,tax_match,TRUE
SS1651690737808,US,TD,triads,pigeon,tax_match,TRUE
SS1651690737808,US,TD,triads,bowl,tax_match,TRUE
SS1651690737808,US,TD,triads,dress,tax_match,TRUE
SS1651690737808,US,TD,triads,teacup,tax_match,TRUE
SS1651690737808,US,TD,triads,bee,tax_match,TRUE
SS1651690737808,US,TD,triads,notepad,tax_match,TRUE
SS1651690737808,US,TD,triads,teacher,tax_match,TRUE
SS1651690737808,US,TD,triads,legs,tax_match,TRUE
SS1651690740366,US,TD,triads,spoon,tax_match,TRUE
SS1651690740366,US,TD,triads,pigeon,tax_match,TRUE
SS1651690740366,US,TD,triads,bowl,tax_match,FALSE
SS1651690740366,US,TD,triads,teacup,tax_match,FALSE
SS1651690740366,US,TD,triads,bee,tax_match,TRUE
SS1651690740366,US,TD,triads,teacher,tax_match,FALSE
SS1651690740366,US,TD,triads,elephant,tax_match,TRUE
SS1651690740366,US,TD,triads,legs,tax_match,TRUE
SS1651690741486,US,TD,triads,airplane,tax_match,TRUE
SS1651690741486,US,TD,triads,spoon,tax_match,TRUE
SS1651690741486,US,TD,triads,bee,tax_match,TRUE
SS1651690741486,US,TD,triads,teacher,tax_match,TRUE
SS1651690741486,US,TD,triads,elephant,tax_match,TRUE
SS1651690741486,US,TD,triads,legs,tax_match,TRUE
SS1651690741942,US,TD,triads,airplane,tax_match,TRUE
SS1651690741942,US,TD,triads,teacup,tax_match,FALSE
SS1651690741942,US,TD,triads,saw,tax_match,FALSE
SS1651690741942,US,TD,triads,boot,tax_match,TRUE
SS1651690741942,US,TD,triads,goat,tax_match,TRUE
SS1651690741942,US,TD,triads,ring,tax_match,FALSE
SS1651690743939,US,TD,triads,airplane,tax_match,FALSE
SS1651690743939,US,TD,triads,spoon,tax_match,TRUE
SS1651690743939,US,TD,triads,bee,tax_match,FALSE
SS1651690743939,US,TD,triads,elephant,tax_match,FALSE
SS1651690743939,US,TD,triads,boot,tax_match,FALSE
SS1651690743939,US,TD,triads,legs,tax_match,TRUE
SS1651690748106,US,TD,triads,spoon,tax_match,TRUE
SS1651690748106,US,TD,triads,pigeon,tax_match,TRUE
SS1651690748106,US,TD,triads,dress,tax_match,TRUE
SS1651690748106,US,TD,triads,teacup,tax_match,TRUE
SS1651690748106,US,TD,triads,teacher,tax_match,TRUE
SS1651690748106,US,TD,triads,elephant,tax_match,TRUE
SS1651690748106,US,TD,triads,saw,tax_match,FALSE
SS1651690748106,US,TD,triads,legs,tax_match,TRUE
SS1651690748106,US,TD,triads,goat,tax_match,TRUE
SS1651690758188,US,TD,triads,pigeon,tax_match,TRUE
SS1651690758188,US,TD,triads,bowl,tax_match,TRUE
SS1651690758188,US,TD,triads,teacup,tax_match,TRUE
SS1651690758188,US,TD,triads,bee,tax_match,TRUE
SS1651690758188,US,TD,triads,elephant,tax_match,TRUE
SS1651690758188,US,TD,triads,saw,tax_match,FALSE
SS1651690758188,US,TD,triads,boot,tax_match,TRUE
SS1651690758188,US,TD,triads,goat,tax_match,TRUE
SS1651690758188,US,TD,triads,ring,tax_match,TRUE
SS1651690762770,US,TD,triads,spoon,tax_match,TRUE
SS1651690762770,US,TD,triads,pigeon,tax_match,TRUE
SS1651690762770,US,TD,triads,dress,tax_match,TRUE
SS1651690762770,US,TD,triads,teacup,tax_match,TRUE
SS1651690762770,US,TD,triads,bee,tax_match,TRUE
SS1651690762770,US,TD,triads,notepad,tax_match,TRUE
SS1651690762770,US,TD,triads,teacher,tax_match,TRUE
SS1651690762770,US,TD,triads,saw,tax_match,FALSE
SS1651690762770,US,TD,triads,legs,tax_match,TRUE
SS1651690762770,US,TD,triads,ring,tax_match,TRUE
SS1651690768899,US,TD,triads,airplane,tax_match,TRUE
SS1651690768899,US,TD,triads,pigeon,tax_match,TRUE
SS1651690768899,US,TD,triads,dress,tax_match,TRUE
SS1651690768899,US,TD,triads,bee,tax_match,FALSE
SS1651690768899,US,TD,triads,saw,tax_match,FALSE
SS1651690768899,US,TD,triads,boot,tax_match,TRUE
SS1651690782524,US,TD,triads,airplane,tax_match,TRUE
SS1651690782524,US,TD,triads,pigeon,tax_match,FALSE
SS1651690782524,US,TD,triads,dress,tax_match,FALSE
SS1651690782524,US,TD,triads,bee,tax_match,FALSE
SS1651690782524,US,TD,triads,notepad,tax_match,TRUE
SS1651690782524,US,TD,triads,boot,tax_match,TRUE
SS1651690782524,US,TD,triads,ring,tax_match,TRUE
SS1651690793463,US,TD,triads,airplane,tax_match,TRUE
SS1651690793463,US,TD,triads,teacup,tax_match,TRUE
SS1651690793463,US,TD,triads,bee,tax_match,TRUE
SS1651690793463,US,TD,triads,notepad,tax_match,TRUE
SS1651690793463,US,TD,triads,goat,tax_match,TRUE
SS1651690793463,US,TD,triads,ring,tax_match,TRUE
SS1651690802568,US,TD,triads,pigeon,tax_match,FALSE
SS1651690802568,US,TD,triads,bee,tax_match,TRUE
SS1651690802568,US,TD,triads,notepad,tax_match,TRUE
SS1651690802568,US,TD,triads,elephant,tax_match,TRUE
SS1651690802568,US,TD,triads,saw,tax_match,FALSE
SS1651690802568,US,TD,triads,goat,tax_match,TRUE
SS1651690802568,US,TD,triads,ring,tax_match,TRUE
SS1651690810190,US,TD,triads,airplane,tax_match,TRUE
SS1651690810190,US,TD,triads,bowl,tax_match,TRUE
SS1651690810190,US,TD,triads,teacup,tax_match,TRUE
SS1651690810190,US,TD,triads,elephant,tax_match,TRUE
SS1651690810190,US,TD,triads,saw,tax_match,FALSE
SS1651690810190,US,TD,triads,goat,tax_match,TRUE
SS1651690810190,US,TD,triads,ring,tax_match,TRUE
SS1651690858692,US,TD,triads,airplane,tax_match,FALSE
SS1651690858692,US,TD,triads,spoon,tax_match,TRUE
SS1651690858692,US,TD,triads,bee,tax_match,TRUE
SS1651690858692,US,TD,triads,notepad,tax_match,TRUE
SS1651690858692,US,TD,triads,elephant,tax_match,TRUE
SS1651690858692,US,TD,triads,saw,tax_match,FALSE
SS1651690858692,US,TD,triads,goat,tax_match,TRUE
SS1651690858692,US,TD,triads,ring,tax_match,TRUE
SS1651690873357,US,TD,triads,spoon,tax_match,TRUE
SS1651690873357,US,TD,triads,bowl,tax_match,TRUE
SS1651690873357,US,TD,triads,elephant,tax_match,FALSE
SS1651690873357,US,TD,triads,saw,tax_match,FALSE
SS1651690873357,US,TD,triads,legs,tax_match,TRUE
SS1651690873357,US,TD,triads,goat,tax_match,TRUE
SS1651690873357,US,TD,triads,ring,tax_match,FALSE
SS1651690892118,US,TD,triads,pigeon,tax_match,FALSE
SS1651690892118,US,TD,triads,teacup,tax_match,TRUE
SS1651690892118,US,TD,triads,notepad,tax_match,TRUE
SS1651690892118,US,TD,triads,teacher,tax_match,TRUE
SS1651690892118,US,TD,triads,saw,tax_match,FALSE
SS1651690892118,US,TD,triads,boot,tax_match,TRUE
SS1651690892118,US,TD,triads,ring,tax_match,FALSE
SS1651690926515,US,TD,triads,pigeon,tax_match,TRUE
SS1651690926515,US,TD,triads,teacup,tax_match,TRUE
SS1651690926515,US,TD,triads,notepad,tax_match,TRUE
SS1651690926515,US,TD,triads,elephant,tax_match,TRUE
SS1651690926515,US,TD,triads,saw,tax_match,FALSE
SS1651690926515,US,TD,triads,legs,tax_match,TRUE
SS1651690926515,US,TD,triads,goat,tax_match,TRUE
SS1651690932141,US,TD,triads,spoon,tax_match,TRUE
SS1651690932141,US,TD,triads,dress,tax_match,TRUE
SS1651690932141,US,TD,triads,bee,tax_match,TRUE
SS1651690932141,US,TD,triads,notepad,tax_match,TRUE
SS1651690932141,US,TD,triads,teacher,tax_match,TRUE
SS1651690932141,US,TD,triads,saw,tax_match,FALSE
SS1651690932141,US,TD,triads,boot,tax_match,TRUE
SS1651690932141,US,TD,triads,goat,tax_match,TRUE
SS1651690949027,US,TD,triads,airplane,tax_match,FALSE
SS1651690949027,US,TD,triads,pigeon,tax_match,FALSE
SS1651690949027,US,TD,triads,dress,tax_match,FALSE
SS1651690949027,US,TD,triads,elephant,tax_match,FALSE
SS1651690949027,US,TD,triads,saw,tax_match,FALSE
SS1651690949027,US,TD,triads,goat,tax_match,TRUE
SS1651690949027,US,TD,triads,ring,tax_match,FALSE
SS1651691043519,US,TD,triads,airplane,tax_match,TRUE
SS1651691043519,US,TD,triads,pigeon,tax_match,TRUE
SS1651691043519,US,TD,triads,bowl,tax_match,TRUE
SS1651691043519,US,TD,triads,teacup,tax_match,TRUE
SS1651691043519,US,TD,triads,notepad,tax_match,TRUE
SS1651691043519,US,TD,triads,teacher,tax_match,TRUE
SS1651691043519,US,TD,triads,saw,tax_match,FALSE
SS1651691043519,US,TD,triads,legs,tax_match,TRUE
SS1651691175620,US,TD,triads,airplane,tax_match,TRUE
SS1651691175620,US,TD,triads,pigeon,tax_match,TRUE
SS1651691175620,US,TD,triads,bowl,tax_match,TRUE
SS1651691175620,US,TD,triads,teacup,tax_match,TRUE
SS1651691175620,US,TD,triads,bee,tax_match,TRUE
SS1651691175620,US,TD,triads,notepad,tax_match,TRUE
SS1651691175620,US,TD,triads,teacher,tax_match,TRUE
SS1651691175620,US,TD,triads,saw,tax_match,FALSE
SS1651691175620,US,TD,triads,goat,tax_match,TRUE
SS1651691207769,US,TD,triads,spoon,tax_match,TRUE
SS1651691207769,US,TD,triads,pigeon,tax_match,TRUE
SS1651691207769,US,TD,triads,bowl,tax_match,TRUE
SS1651691207769,US,TD,triads,dress,tax_match,TRUE
SS1651691207769,US,TD,triads,bee,tax_match,TRUE
SS1651691207769,US,TD,triads,notepad,tax_match,TRUE
SS1651691207769,US,TD,triads,boot,tax_match,TRUE
SS1651691207769,US,TD,triads,goat,tax_match,TRUE
SS1651691207769,US,TD,triads,ring,tax_match,TRUE
SS1651691673018,US,TD,triads,airplane,tax_match,TRUE
SS1651691673018,US,TD,triads,spoon,tax_match,TRUE
SS1651691673018,US,TD,triads,bowl,tax_match,TRUE
SS1651691673018,US,TD,triads,dress,tax_match,TRUE
SS1651691673018,US,TD,triads,teacup,tax_match,FALSE
SS1651691673018,US,TD,triads,notepad,tax_match,TRUE
SS1651691673018,US,TD,triads,goat,tax_match,TRUE
SS1651692016531,US,TD,triads,bowl,tax_match,TRUE
SS1651692016531,US,TD,triads,dress,tax_match,TRUE
SS1651692016531,US,TD,triads,teacup,tax_match,TRUE
SS1651692016531,US,TD,triads,notepad,tax_match,TRUE
SS1651692016531,US,TD,triads,elephant,tax_match,TRUE
SS1651692016531,US,TD,triads,boot,tax_match,TRUE
SS1651692016531,US,TD,triads,legs,tax_match,TRUE
SS1651692160397,US,TD,triads,airplane,tax_match,TRUE
SS1651692160397,US,TD,triads,dress,tax_match,TRUE
SS1651692160397,US,TD,triads,bee,tax_match,TRUE
SS1651692160397,US,TD,triads,notepad,tax_match,TRUE
SS1651692160397,US,TD,triads,teacher,tax_match,TRUE
SS1651692160397,US,TD,triads,saw,tax_match,FALSE
SS1651692160397,US,TD,triads,boot,tax_match,TRUE
SS1651692160397,US,TD,triads,legs,tax_match,FALSE
SS1651692160397,US,TD,triads,ring,tax_match,TRUE
SS1651694070275,US,TD,triads,dress,tax_match,TRUE
SS1651694070275,US,TD,triads,bee,tax_match,TRUE
SS1651694070275,US,TD,triads,teacher,tax_match,TRUE
SS1651694070275,US,TD,triads,elephant,tax_match,TRUE
SS1651694070275,US,TD,triads,saw,tax_match,FALSE
SS1651694070275,US,TD,triads,boot,tax_match,TRUE
SS1651694070275,US,TD,triads,ring,tax_match,TRUE
SS1651697396411,US,TD,triads,airplane,tax_match,FALSE
SS1651697396411,US,TD,triads,bowl,tax_match,TRUE
SS1651697396411,US,TD,triads,dress,tax_match,TRUE
SS1651697396411,US,TD,triads,notepad,tax_match,FALSE
SS1651697396411,US,TD,triads,teacher,tax_match,TRUE
SS1651697396411,US,TD,triads,saw,tax_match,FALSE
SS1651697396411,US,TD,triads,boot,tax_match,FALSE
SS1651697396411,US,TD,triads,goat,tax_match,FALSE
SS1651697396411,US,TD,triads,ring,tax_match,TRUE
SS1651868487521,US,TD,triads,spoon,tax_match,TRUE
SS1651868487521,US,TD,triads,pigeon,tax_match,TRUE
SS1651868487521,US,TD,triads,bowl,tax_match,FALSE
SS1651868487521,US,TD,triads,dress,tax_match,FALSE
SS1651868487521,US,TD,triads,teacher,tax_match,FALSE
SS1651868487521,US,TD,triads,elephant,tax_match,TRUE
SS1651868487521,US,TD,triads,saw,tax_match,FALSE
SS1651868487521,US,TD,triads,legs,tax_match,FALSE
SS1651868487521,US,TD,triads,goat,tax_match,TRUE
SS1651868487521,US,TD,triads,ring,tax_match,FALSE
SS1651868699067,US,TD,triads,airplane,tax_match,TRUE
SS1651868699067,US,TD,triads,spoon,tax_match,TRUE
SS1651868699067,US,TD,triads,pigeon,tax_match,TRUE
SS1651868699067,US,TD,triads,teacup,tax_match,FALSE
SS1651868699067,US,TD,triads,bee,tax_match,TRUE
SS1651868699067,US,TD,triads,notepad,tax_match,TRUE
SS1651868699067,US,TD,triads,teacher,tax_match,TRUE
SS1651868699067,US,TD,triads,legs,tax_match,TRUE
SS1651868699067,US,TD,triads,ring,tax_match,TRUE
SS1651868701012,US,TD,triads,spoon,tax_match,FALSE
SS1651868701012,US,TD,triads,pigeon,tax_match,FALSE
SS1651868701012,US,TD,triads,bee,tax_match,FALSE
SS1651868701012,US,TD,triads,teacher,tax_match,FALSE
SS1651868701012,US,TD,triads,saw,tax_match,FALSE
SS1651868701012,US,TD,triads,boot,tax_match,FALSE
SS1651868701012,US,TD,triads,goat,tax_match,TRUE
SS1651868701012,US,TD,triads,ring,tax_match,FALSE
SS1651868705438,US,TD,triads,airplane,tax_match,FALSE
SS1651868705438,US,TD,triads,bowl,tax_match,TRUE
SS1651868705438,US,TD,triads,bee,tax_match,FALSE
SS1651868705438,US,TD,triads,notepad,tax_match,TRUE
SS1651868705438,US,TD,triads,teacher,tax_match,FALSE
SS1651868705438,US,TD,triads,elephant,tax_match,TRUE
SS1651868705438,US,TD,triads,saw,tax_match,FALSE
SS1651868705438,US,TD,triads,legs,tax_match,FALSE
SS1651868705438,US,TD,triads,goat,tax_match,TRUE
SS1651868707186,US,TD,triads,spoon,tax_match,TRUE
SS1651868707186,US,TD,triads,teacup,tax_match,FALSE
SS1651868707186,US,TD,triads,bee,tax_match,TRUE
SS1651868707186,US,TD,triads,notepad,tax_match,TRUE
SS1651868707186,US,TD,triads,goat,tax_match,TRUE
SS1651868708760,US,TD,triads,airplane,tax_match,TRUE
SS1651868708760,US,TD,triads,spoon,tax_match,TRUE
SS1651868708760,US,TD,triads,dress,tax_match,TRUE
SS1651868708760,US,TD,triads,teacup,tax_match,TRUE
SS1651868708760,US,TD,triads,notepad,tax_match,TRUE
SS1651868708760,US,TD,triads,saw,tax_match,FALSE
SS1651868708760,US,TD,triads,boot,tax_match,TRUE
SS1651868710355,US,TD,triads,airplane,tax_match,TRUE
SS1651868710355,US,TD,triads,spoon,tax_match,TRUE
SS1651868710355,US,TD,triads,bowl,tax_match,TRUE
SS1651868710355,US,TD,triads,teacup,tax_match,FALSE
SS1651868710355,US,TD,triads,notepad,tax_match,TRUE
SS1651868710355,US,TD,triads,teacher,tax_match,TRUE
SS1651868710355,US,TD,triads,saw,tax_match,FALSE
SS1651868710355,US,TD,triads,legs,tax_match,TRUE
SS1651868710355,US,TD,triads,ring,tax_match,TRUE
SS1651868712524,US,TD,triads,spoon,tax_match,TRUE
SS1651868712524,US,TD,triads,bowl,tax_match,TRUE
SS1651868712524,US,TD,triads,teacup,tax_match,FALSE
SS1651868712524,US,TD,triads,bee,tax_match,TRUE
SS1651868712524,US,TD,triads,notepad,tax_match,FALSE
SS1651868712524,US,TD,triads,elephant,tax_match,TRUE
SS1651868712524,US,TD,triads,ring,tax_match,TRUE
SS1651868713554,US,TD,triads,airplane,tax_match,TRUE
SS1651868713554,US,TD,triads,dress,tax_match,TRUE
SS1651868713554,US,TD,triads,teacup,tax_match,FALSE
SS1651868713554,US,TD,triads,notepad,tax_match,FALSE
SS1651868713554,US,TD,triads,teacher,tax_match,FALSE
SS1651868713554,US,TD,triads,elephant,tax_match,TRUE
SS1651868713554,US,TD,triads,legs,tax_match,FALSE
SS1651868713554,US,TD,triads,goat,tax_match,FALSE
SS1651868714312,US,TD,triads,airplane,tax_match,TRUE
SS1651868714312,US,TD,triads,pigeon,tax_match,TRUE
SS1651868714312,US,TD,triads,bowl,tax_match,TRUE
SS1651868714312,US,TD,triads,bee,tax_match,TRUE
SS1651868714312,US,TD,triads,teacher,tax_match,TRUE
SS1651868714312,US,TD,triads,legs,tax_match,TRUE
SS1651868714312,US,TD,triads,goat,tax_match,TRUE
SS1651868714312,US,TD,triads,ring,tax_match,TRUE
SS1651868714404,US,TD,triads,airplane,tax_match,TRUE
SS1651868714404,US,TD,triads,bowl,tax_match,TRUE
SS1651868714404,US,TD,triads,notepad,tax_match,TRUE
SS1651868714404,US,TD,triads,elephant,tax_match,TRUE
SS1651868714404,US,TD,triads,ring,tax_match,TRUE
SS1651868716048,US,TD,triads,airplane,tax_match,TRUE
SS1651868716048,US,TD,triads,spoon,tax_match,TRUE
SS1651868716048,US,TD,triads,bowl,tax_match,TRUE
SS1651868716048,US,TD,triads,dress,tax_match,TRUE
SS1651868716048,US,TD,triads,teacup,tax_match,TRUE
SS1651868716048,US,TD,triads,notepad,tax_match,TRUE
SS1651868716048,US,TD,triads,elephant,tax_match,TRUE
SS1651868716048,US,TD,triads,saw,tax_match,FALSE
SS1651868716048,US,TD,triads,legs,tax_match,TRUE
SS1651868717843,US,TD,triads,airplane,tax_match,TRUE
SS1651868717843,US,TD,triads,pigeon,tax_match,FALSE
SS1651868717843,US,TD,triads,teacup,tax_match,FALSE
SS1651868717843,US,TD,triads,bee,tax_match,TRUE
SS1651868717843,US,TD,triads,notepad,tax_match,FALSE
SS1651868717843,US,TD,triads,saw,tax_match,FALSE
SS1651868717843,US,TD,triads,legs,tax_match,TRUE
SS1651868717843,US,TD,triads,ring,tax_match,TRUE
SS1651868718682,US,TD,triads,spoon,tax_match,TRUE
SS1651868718682,US,TD,triads,pigeon,tax_match,TRUE
SS1651868718682,US,TD,triads,bee,tax_match,TRUE
SS1651868718682,US,TD,triads,notepad,tax_match,TRUE
SS1651868718682,US,TD,triads,elephant,tax_match,TRUE
SS1651868718682,US,TD,triads,boot,tax_match,TRUE
SS1651868718682,US,TD,triads,legs,tax_match,FALSE
SS1651868718682,US,TD,triads,goat,tax_match,TRUE
SS1651868718682,US,TD,triads,ring,tax_match,TRUE
SS1651868720723,US,TD,triads,spoon,tax_match,TRUE
SS1651868720723,US,TD,triads,pigeon,tax_match,TRUE
SS1651868720723,US,TD,triads,teacup,tax_match,TRUE
SS1651868720723,US,TD,triads,bee,tax_match,TRUE
SS1651868720723,US,TD,triads,elephant,tax_match,TRUE
SS1651868720723,US,TD,triads,boot,tax_match,TRUE
SS1651868720723,US,TD,triads,legs,tax_match,TRUE
SS1651868720723,US,TD,triads,goat,tax_match,TRUE
SS1651868720723,US,TD,triads,ring,tax_match,TRUE
SS1651868725160,US,TD,triads,bowl,tax_match,TRUE
SS1651868725160,US,TD,triads,bee,tax_match,TRUE
SS1651868725160,US,TD,triads,notepad,tax_match,TRUE
SS1651868725160,US,TD,triads,saw,tax_match,FALSE
SS1651868725160,US,TD,triads,boot,tax_match,TRUE
SS1651868725160,US,TD,triads,legs,tax_match,TRUE
SS1651868736601,US,TD,triads,airplane,tax_match,TRUE
SS1651868736601,US,TD,triads,pigeon,tax_match,TRUE
SS1651868736601,US,TD,triads,bowl,tax_match,FALSE
SS1651868736601,US,TD,triads,teacup,tax_match,FALSE
SS1651868736601,US,TD,triads,notepad,tax_match,TRUE
SS1651868736601,US,TD,triads,saw,tax_match,FALSE
SS1651868736601,US,TD,triads,legs,tax_match,TRUE
SS1651868736601,US,TD,triads,ring,tax_match,TRUE
SS1651868738305,US,TD,triads,spoon,tax_match,TRUE
SS1651868738305,US,TD,triads,bee,tax_match,TRUE
SS1651868738305,US,TD,triads,notepad,tax_match,TRUE
SS1651868738305,US,TD,triads,teacher,tax_match,FALSE
SS1651868738305,US,TD,triads,legs,tax_match,TRUE
SS1651868738305,US,TD,triads,ring,tax_match,TRUE
SS1651868744832,US,TD,triads,spoon,tax_match,TRUE
SS1651868744832,US,TD,triads,dress,tax_match,TRUE
SS1651868744832,US,TD,triads,teacup,tax_match,FALSE
SS1651868744832,US,TD,triads,bee,tax_match,FALSE
SS1651868744832,US,TD,triads,legs,tax_match,FALSE
SS1651868744832,US,TD,triads,goat,tax_match,TRUE
SS1651868744957,US,TD,triads,spoon,tax_match,TRUE
SS1651868744957,US,TD,triads,dress,tax_match,TRUE
SS1651868744957,US,TD,triads,teacher,tax_match,FALSE
SS1651868744957,US,TD,triads,boot,tax_match,TRUE
SS1651868744957,US,TD,triads,legs,tax_match,FALSE
SS1651868744957,US,TD,triads,ring,tax_match,FALSE
SS1651868745180,US,TD,triads,airplane,tax_match,TRUE
SS1651868745180,US,TD,triads,pigeon,tax_match,TRUE
SS1651868745180,US,TD,triads,teacup,tax_match,FALSE
SS1651868745180,US,TD,triads,notepad,tax_match,TRUE
SS1651868745180,US,TD,triads,teacher,tax_match,TRUE
SS1651868745180,US,TD,triads,elephant,tax_match,TRUE
SS1651868745180,US,TD,triads,boot,tax_match,FALSE
SS1651868745180,US,TD,triads,legs,tax_match,TRUE
SS1651868745180,US,TD,triads,goat,tax_match,TRUE
SS1651868745180,US,TD,triads,ring,tax_match,TRUE
SS1651868745703,US,TD,triads,bowl,tax_match,FALSE
SS1651868745703,US,TD,triads,bee,tax_match,FALSE
SS1651868745703,US,TD,triads,notepad,tax_match,TRUE
SS1651868745703,US,TD,triads,elephant,tax_match,FALSE
SS1651868745703,US,TD,triads,saw,tax_match,FALSE
SS1651868745703,US,TD,triads,ring,tax_match,FALSE
SS1651868751261,US,TD,triads,pigeon,tax_match,FALSE
SS1651868751261,US,TD,triads,teacup,tax_match,FALSE
SS1651868751261,US,TD,triads,bee,tax_match,FALSE
SS1651868751261,US,TD,triads,notepad,tax_match,TRUE
SS1651868751261,US,TD,triads,teacher,tax_match,FALSE
SS1651868751261,US,TD,triads,elephant,tax_match,TRUE
SS1651868751261,US,TD,triads,boot,tax_match,FALSE
SS1651868754302,US,TD,triads,airplane,tax_match,TRUE
SS1651868754302,US,TD,triads,spoon,tax_match,TRUE
SS1651868754302,US,TD,triads,bowl,tax_match,FALSE
SS1651868754302,US,TD,triads,notepad,tax_match,TRUE
SS1651868754302,US,TD,triads,ring,tax_match,TRUE
SS1651868756130,US,TD,triads,bowl,tax_match,TRUE
SS1651868756130,US,TD,triads,teacup,tax_match,TRUE
SS1651868756130,US,TD,triads,bee,tax_match,TRUE
SS1651868756130,US,TD,triads,teacher,tax_match,TRUE
SS1651868756130,US,TD,triads,elephant,tax_match,TRUE
SS1651868756130,US,TD,triads,saw,tax_match,FALSE
SS1651868756130,US,TD,triads,boot,tax_match,TRUE
SS1651868757005,US,TD,triads,pigeon,tax_match,TRUE
SS1651868757005,US,TD,triads,bowl,tax_match,TRUE
SS1651868757005,US,TD,triads,dress,tax_match,TRUE
SS1651868757005,US,TD,triads,elephant,tax_match,TRUE
SS1651868757005,US,TD,triads,boot,tax_match,TRUE
SS1651868757005,US,TD,triads,legs,tax_match,TRUE
SS1651868767690,US,TD,triads,airplane,tax_match,TRUE
SS1651868767690,US,TD,triads,pigeon,tax_match,TRUE
SS1651868767690,US,TD,triads,saw,tax_match,FALSE
SS1651868767690,US,TD,triads,boot,tax_match,TRUE
SS1651868767690,US,TD,triads,goat,tax_match,TRUE
SS1651868773205,US,TD,triads,airplane,tax_match,TRUE
SS1651868773205,US,TD,triads,dress,tax_match,TRUE
SS1651868773205,US,TD,triads,teacup,tax_match,FALSE
SS1651868773205,US,TD,triads,notepad,tax_match,TRUE
SS1651868773205,US,TD,triads,teacher,tax_match,FALSE
SS1651868773205,US,TD,triads,legs,tax_match,TRUE
SS1651868773205,US,TD,triads,ring,tax_match,TRUE
SS1651868778604,US,TD,triads,airplane,tax_match,TRUE
SS1651868778604,US,TD,triads,spoon,tax_match,TRUE
SS1651868778604,US,TD,triads,pigeon,tax_match,TRUE
SS1651868778604,US,TD,triads,dress,tax_match,TRUE
SS1651868778604,US,TD,triads,teacup,tax_match,FALSE
SS1651868778604,US,TD,triads,bee,tax_match,TRUE
SS1651868778604,US,TD,triads,boot,tax_match,TRUE
SS1651868778604,US,TD,triads,legs,tax_match,TRUE
SS1651868778604,US,TD,triads,goat,tax_match,TRUE
SS1651868779378,US,TD,triads,airplane,tax_match,TRUE
SS1651868779378,US,TD,triads,pigeon,tax_match,TRUE
SS1651868779378,US,TD,triads,elephant,tax_match,TRUE
SS1651868779378,US,TD,triads,goat,tax_match,TRUE
SS1651868779378,US,TD,triads,ring,tax_match,TRUE
SS1651868780067,US,TD,triads,airplane,tax_match,TRUE
SS1651868780067,US,TD,triads,spoon,tax_match,TRUE
SS1651868780067,US,TD,triads,teacher,tax_match,TRUE
SS1651868780067,US,TD,triads,elephant,tax_match,TRUE
SS1651868780067,US,TD,triads,saw,tax_match,FALSE
SS1651868780067,US,TD,triads,boot,tax_match,TRUE
SS1651868780067,US,TD,triads,ring,tax_match,FALSE
SS1651868782330,US,TD,triads,airplane,tax_match,TRUE
SS1651868782330,US,TD,triads,spoon,tax_match,TRUE
SS1651868782330,US,TD,triads,dress,tax_match,TRUE
SS1651868782330,US,TD,triads,teacup,tax_match,FALSE
SS1651868782330,US,TD,triads,saw,tax_match,FALSE
SS1651868782330,US,TD,triads,legs,tax_match,TRUE
SS1651868782330,US,TD,triads,ring,tax_match,TRUE
SS1651868783532,US,TD,triads,spoon,tax_match,TRUE
SS1651868783532,US,TD,triads,bowl,tax_match,TRUE
SS1651868783532,US,TD,triads,bee,tax_match,TRUE
SS1651868783532,US,TD,triads,notepad,tax_match,TRUE
SS1651868783532,US,TD,triads,teacher,tax_match,TRUE
SS1651868783532,US,TD,triads,boot,tax_match,TRUE
SS1651868783532,US,TD,triads,goat,tax_match,TRUE
SS1651868784777,US,TD,triads,airplane,tax_match,TRUE
SS1651868784777,US,TD,triads,pigeon,tax_match,TRUE
SS1651868784777,US,TD,triads,dress,tax_match,TRUE
SS1651868784777,US,TD,triads,teacup,tax_match,TRUE
SS1651868784777,US,TD,triads,notepad,tax_match,TRUE
SS1651868784777,US,TD,triads,teacher,tax_match,TRUE
SS1651868784777,US,TD,triads,boot,tax_match,TRUE
SS1651868784777,US,TD,triads,legs,tax_match,TRUE
SS1651868784777,US,TD,triads,goat,tax_match,TRUE
SS1651868784777,US,TD,triads,ring,tax_match,TRUE
SS1651868788340,US,TD,triads,airplane,tax_match,FALSE
SS1651868788340,US,TD,triads,spoon,tax_match,TRUE
SS1651868788340,US,TD,triads,bowl,tax_match,FALSE
SS1651868788340,US,TD,triads,dress,tax_match,TRUE
SS1651868788340,US,TD,triads,teacup,tax_match,FALSE
SS1651868788340,US,TD,triads,notepad,tax_match,TRUE
SS1651868788340,US,TD,triads,teacher,tax_match,TRUE
SS1651868788340,US,TD,triads,boot,tax_match,TRUE
SS1651868788340,US,TD,triads,goat,tax_match,FALSE
SS1651868788340,US,TD,triads,ring,tax_match,FALSE
SS1651868788402,US,TD,triads,airplane,tax_match,TRUE
SS1651868788402,US,TD,triads,bowl,tax_match,TRUE
SS1651868788402,US,TD,triads,dress,tax_match,TRUE
SS1651868788402,US,TD,triads,bee,tax_match,TRUE
SS1651868788402,US,TD,triads,notepad,tax_match,TRUE
SS1651868788402,US,TD,triads,saw,tax_match,FALSE
SS1651868793732,US,TD,triads,airplane,tax_match,TRUE
SS1651868793732,US,TD,triads,pigeon,tax_match,TRUE
SS1651868793732,US,TD,triads,teacher,tax_match,TRUE
SS1651868793732,US,TD,triads,elephant,tax_match,TRUE
SS1651868793732,US,TD,triads,legs,tax_match,FALSE
SS1651868793732,US,TD,triads,goat,tax_match,TRUE
SS1651868793732,US,TD,triads,ring,tax_match,TRUE
SS1651868796147,US,TD,triads,spoon,tax_match,TRUE
SS1651868796147,US,TD,triads,pigeon,tax_match,TRUE
SS1651868796147,US,TD,triads,teacup,tax_match,TRUE
SS1651868796147,US,TD,triads,notepad,tax_match,TRUE
SS1651868796147,US,TD,triads,teacher,tax_match,FALSE
SS1651868796147,US,TD,triads,saw,tax_match,FALSE
SS1651868796147,US,TD,triads,boot,tax_match,TRUE
SS1651868796810,US,TD,triads,airplane,tax_match,TRUE
SS1651868796810,US,TD,triads,bowl,tax_match,TRUE
SS1651868796810,US,TD,triads,notepad,tax_match,TRUE
SS1651868796810,US,TD,triads,teacher,tax_match,TRUE
SS1651868796810,US,TD,triads,elephant,tax_match,TRUE
SS1651868796810,US,TD,triads,saw,tax_match,FALSE
SS1651868796810,US,TD,triads,legs,tax_match,TRUE
SS1651868796810,US,TD,triads,ring,tax_match,TRUE
SS1651868799606,US,TD,triads,spoon,tax_match,TRUE
SS1651868799606,US,TD,triads,pigeon,tax_match,TRUE
SS1651868799606,US,TD,triads,dress,tax_match,TRUE
SS1651868799606,US,TD,triads,teacher,tax_match,TRUE
SS1651868799606,US,TD,triads,elephant,tax_match,TRUE
SS1651868799606,US,TD,triads,saw,tax_match,FALSE
SS1651868799606,US,TD,triads,boot,tax_match,FALSE
SS1651868799606,US,TD,triads,legs,tax_match,TRUE
SS1651868799606,US,TD,triads,goat,tax_match,TRUE
SS1651868800189,US,TD,triads,airplane,tax_match,TRUE
SS1651868800189,US,TD,triads,spoon,tax_match,TRUE
SS1651868800189,US,TD,triads,pigeon,tax_match,TRUE
SS1651868800189,US,TD,triads,bowl,tax_match,TRUE
SS1651868800189,US,TD,triads,dress,tax_match,TRUE
SS1651868800189,US,TD,triads,teacup,tax_match,FALSE
SS1651868800189,US,TD,triads,bee,tax_match,TRUE
SS1651868800189,US,TD,triads,teacher,tax_match,FALSE
SS1651868800189,US,TD,triads,elephant,tax_match,TRUE
SS1651868800189,US,TD,triads,boot,tax_match,TRUE
SS1651868800189,US,TD,triads,ring,tax_match,TRUE
SS1651868802451,US,TD,triads,airplane,tax_match,TRUE
SS1651868802451,US,TD,triads,spoon,tax_match,TRUE
SS1651868802451,US,TD,triads,bowl,tax_match,FALSE
SS1651868802451,US,TD,triads,dress,tax_match,TRUE
SS1651868802451,US,TD,triads,bee,tax_match,TRUE
SS1651868802451,US,TD,triads,teacher,tax_match,FALSE
SS1651868802451,US,TD,triads,legs,tax_match,FALSE
SS1651868802451,US,TD,triads,goat,tax_match,TRUE
SS1651868802451,US,TD,triads,ring,tax_match,FALSE
SS1651868810933,US,TD,triads,spoon,tax_match,TRUE
SS1651868810933,US,TD,triads,pigeon,tax_match,TRUE
SS1651868810933,US,TD,triads,dress,tax_match,TRUE
SS1651868810933,US,TD,triads,teacup,tax_match,TRUE
SS1651868810933,US,TD,triads,elephant,tax_match,FALSE
SS1651868810933,US,TD,triads,saw,tax_match,FALSE
SS1651868810933,US,TD,triads,boot,tax_match,FALSE
SS1651868811761,US,TD,triads,teacup,tax_match,TRUE
SS1651868811761,US,TD,triads,bee,tax_match,TRUE
SS1651868811761,US,TD,triads,notepad,tax_match,TRUE
SS1651868811761,US,TD,triads,teacher,tax_match,TRUE
SS1651868811761,US,TD,triads,elephant,tax_match,TRUE
SS1651868811761,US,TD,triads,ring,tax_match,TRUE
SS1651868811860,US,TD,triads,airplane,tax_match,TRUE
SS1651868811860,US,TD,triads,pigeon,tax_match,TRUE
SS1651868811860,US,TD,triads,bowl,tax_match,TRUE
SS1651868811860,US,TD,triads,dress,tax_match,TRUE
SS1651868811860,US,TD,triads,teacup,tax_match,TRUE
SS1651868811860,US,TD,triads,saw,tax_match,FALSE
SS1651868811860,US,TD,triads,boot,tax_match,TRUE
SS1651868811860,US,TD,triads,goat,tax_match,TRUE
SS1651868812123,US,TD,triads,pigeon,tax_match,FALSE
SS1651868812123,US,TD,triads,bowl,tax_match,FALSE
SS1651868812123,US,TD,triads,teacup,tax_match,FALSE
SS1651868812123,US,TD,triads,notepad,tax_match,TRUE
SS1651868812123,US,TD,triads,teacher,tax_match,FALSE
SS1651868812123,US,TD,triads,saw,tax_match,FALSE
SS1651868812123,US,TD,triads,legs,tax_match,FALSE
SS1651868812123,US,TD,triads,goat,tax_match,FALSE
SS1651868816028,US,TD,triads,pigeon,tax_match,FALSE
SS1651868816028,US,TD,triads,bowl,tax_match,TRUE
SS1651868816028,US,TD,triads,dress,tax_match,TRUE
SS1651868816028,US,TD,triads,teacup,tax_match,FALSE
SS1651868816028,US,TD,triads,teacher,tax_match,FALSE
SS1651868816028,US,TD,triads,elephant,tax_match,TRUE
SS1651868816028,US,TD,triads,saw,tax_match,FALSE
SS1651868816028,US,TD,triads,legs,tax_match,FALSE
SS1651868816028,US,TD,triads,ring,tax_match,FALSE
SS1651868817160,US,TD,triads,airplane,tax_match,TRUE
SS1651868817160,US,TD,triads,spoon,tax_match,TRUE
SS1651868817160,US,TD,triads,pigeon,tax_match,TRUE
SS1651868817160,US,TD,triads,dress,tax_match,TRUE
SS1651868817160,US,TD,triads,teacup,tax_match,FALSE
SS1651868817160,US,TD,triads,bee,tax_match,TRUE
SS1651868817160,US,TD,triads,teacher,tax_match,TRUE
SS1651868817160,US,TD,triads,elephant,tax_match,TRUE
SS1651868817160,US,TD,triads,saw,tax_match,FALSE
SS1651868817171,US,TD,triads,airplane,tax_match,TRUE
SS1651868817171,US,TD,triads,bee,tax_match,TRUE
SS1651868817171,US,TD,triads,elephant,tax_match,FALSE
SS1651868817171,US,TD,triads,boot,tax_match,FALSE
SS1651868817171,US,TD,triads,ring,tax_match,FALSE
SS1651868820237,US,TD,triads,pigeon,tax_match,TRUE
SS1651868820237,US,TD,triads,dress,tax_match,TRUE
SS1651868820237,US,TD,triads,teacup,tax_match,FALSE
SS1651868820237,US,TD,triads,bee,tax_match,TRUE
SS1651868820237,US,TD,triads,elephant,tax_match,TRUE
SS1651868820237,US,TD,triads,legs,tax_match,TRUE
SS1651868826063,US,TD,triads,spoon,tax_match,TRUE
SS1651868826063,US,TD,triads,bowl,tax_match,FALSE
SS1651868826063,US,TD,triads,notepad,tax_match,TRUE
SS1651868826063,US,TD,triads,teacher,tax_match,TRUE
SS1651868826063,US,TD,triads,boot,tax_match,FALSE
SS1651868826063,US,TD,triads,legs,tax_match,FALSE
SS1651868826063,US,TD,triads,goat,tax_match,TRUE
SS1651868826063,US,TD,triads,ring,tax_match,FALSE
SS1651868827795,US,TD,triads,bowl,tax_match,FALSE
SS1651868827795,US,TD,triads,dress,tax_match,TRUE
SS1651868827795,US,TD,triads,teacup,tax_match,FALSE
SS1651868827795,US,TD,triads,elephant,tax_match,TRUE
SS1651868827795,US,TD,triads,boot,tax_match,FALSE
SS1651868828049,US,TD,triads,spoon,tax_match,TRUE
SS1651868828049,US,TD,triads,pigeon,tax_match,FALSE
SS1651868828049,US,TD,triads,bowl,tax_match,FALSE
SS1651868828049,US,TD,triads,notepad,tax_match,FALSE
SS1651868828049,US,TD,triads,elephant,tax_match,TRUE
SS1651868828049,US,TD,triads,legs,tax_match,FALSE
SS1651868830966,US,TD,triads,spoon,tax_match,TRUE
SS1651868830966,US,TD,triads,teacup,tax_match,FALSE
SS1651868830966,US,TD,triads,notepad,tax_match,TRUE
SS1651868830966,US,TD,triads,teacher,tax_match,FALSE
SS1651868830966,US,TD,triads,ring,tax_match,TRUE
SS1651868834466,US,TD,triads,pigeon,tax_match,TRUE
SS1651868834466,US,TD,triads,notepad,tax_match,FALSE
SS1651868834466,US,TD,triads,elephant,tax_match,TRUE
SS1651868834466,US,TD,triads,goat,tax_match,TRUE
SS1651868834466,US,TD,triads,ring,tax_match,TRUE
SS1651868837282,US,TD,triads,airplane,tax_match,TRUE
SS1651868837282,US,TD,triads,pigeon,tax_match,TRUE
SS1651868837282,US,TD,triads,bee,tax_match,TRUE
SS1651868837282,US,TD,triads,teacher,tax_match,TRUE
SS1651868837282,US,TD,triads,elephant,tax_match,TRUE
SS1651868837282,US,TD,triads,saw,tax_match,FALSE
SS1651868837282,US,TD,triads,goat,tax_match,TRUE
SS1651868839147,US,TD,triads,airplane,tax_match,TRUE
SS1651868839147,US,TD,triads,bowl,tax_match,FALSE
SS1651868839147,US,TD,triads,dress,tax_match,TRUE
SS1651868839147,US,TD,triads,teacup,tax_match,FALSE
SS1651868839147,US,TD,triads,notepad,tax_match,TRUE
SS1651868839147,US,TD,triads,teacher,tax_match,FALSE
SS1651868839147,US,TD,triads,elephant,tax_match,TRUE
SS1651868839147,US,TD,triads,saw,tax_match,FALSE
SS1651868839147,US,TD,triads,legs,tax_match,FALSE
SS1651868839906,US,TD,triads,spoon,tax_match,FALSE
SS1651868839906,US,TD,triads,pigeon,tax_match,TRUE
SS1651868839906,US,TD,triads,dress,tax_match,FALSE
SS1651868839906,US,TD,triads,notepad,tax_match,TRUE
SS1651868839906,US,TD,triads,elephant,tax_match,TRUE
SS1651868839906,US,TD,triads,saw,tax_match,FALSE
SS1651868839906,US,TD,triads,boot,tax_match,FALSE
SS1651868839906,US,TD,triads,legs,tax_match,FALSE
SS1651868839906,US,TD,triads,goat,tax_match,TRUE
SS1651868840289,US,TD,triads,spoon,tax_match,TRUE
SS1651868840289,US,TD,triads,dress,tax_match,TRUE
SS1651868840289,US,TD,triads,teacup,tax_match,TRUE
SS1651868840289,US,TD,triads,bee,tax_match,TRUE
SS1651868840289,US,TD,triads,teacher,tax_match,TRUE
SS1651868840289,US,TD,triads,ring,tax_match,TRUE
SS1651868840790,US,TD,triads,spoon,tax_match,FALSE
SS1651868840790,US,TD,triads,pigeon,tax_match,TRUE
SS1651868840790,US,TD,triads,bee,tax_match,TRUE
SS1651868840790,US,TD,triads,notepad,tax_match,TRUE
SS1651868840790,US,TD,triads,teacher,tax_match,TRUE
SS1651868840790,US,TD,triads,saw,tax_match,FALSE
SS1651868840790,US,TD,triads,boot,tax_match,TRUE
SS1651868840790,US,TD,triads,legs,tax_match,TRUE
SS1651868850581,US,TD,triads,airplane,tax_match,TRUE
SS1651868850581,US,TD,triads,spoon,tax_match,TRUE
SS1651868850581,US,TD,triads,pigeon,tax_match,TRUE
SS1651868850581,US,TD,triads,bowl,tax_match,FALSE
SS1651868850581,US,TD,triads,teacup,tax_match,FALSE
SS1651868850581,US,TD,triads,notepad,tax_match,TRUE
SS1651868850581,US,TD,triads,elephant,tax_match,TRUE
SS1651868850581,US,TD,triads,saw,tax_match,FALSE
SS1651868852345,US,TD,triads,pigeon,tax_match,TRUE
SS1651868852345,US,TD,triads,dress,tax_match,TRUE
SS1651868852345,US,TD,triads,bee,tax_match,FALSE
SS1651868852345,US,TD,triads,notepad,tax_match,TRUE
SS1651868852345,US,TD,triads,elephant,tax_match,TRUE
SS1651868852345,US,TD,triads,saw,tax_match,FALSE
SS1651868852345,US,TD,triads,boot,tax_match,TRUE
SS1651868852345,US,TD,triads,ring,tax_match,FALSE
SS1651868868975,US,TD,triads,airplane,tax_match,TRUE
SS1651868868975,US,TD,triads,bowl,tax_match,TRUE
SS1651868868975,US,TD,triads,dress,tax_match,TRUE
SS1651868868975,US,TD,triads,bee,tax_match,TRUE
SS1651868868975,US,TD,triads,notepad,tax_match,TRUE
SS1651868868975,US,TD,triads,teacher,tax_match,FALSE
SS1651868868975,US,TD,triads,elephant,tax_match,TRUE
SS1651868868975,US,TD,triads,legs,tax_match,FALSE
SS1651868868975,US,TD,triads,goat,tax_match,TRUE
SS1651868873914,US,TD,triads,airplane,tax_match,TRUE
SS1651868873914,US,TD,triads,bee,tax_match,TRUE
SS1651868873914,US,TD,triads,teacher,tax_match,TRUE
SS1651868873914,US,TD,triads,goat,tax_match,TRUE
SS1651868873914,US,TD,triads,ring,tax_match,TRUE
SS1651868876318,US,TD,triads,spoon,tax_match,FALSE
SS1651868876318,US,TD,triads,pigeon,tax_match,TRUE
SS1651868876318,US,TD,triads,teacup,tax_match,TRUE
SS1651868876318,US,TD,triads,bee,tax_match,TRUE
SS1651868876318,US,TD,triads,teacher,tax_match,TRUE
SS1651868876318,US,TD,triads,elephant,tax_match,TRUE
SS1651868876318,US,TD,triads,legs,tax_match,FALSE
SS1651868901145,US,TD,triads,pigeon,tax_match,TRUE
SS1651868901145,US,TD,triads,dress,tax_match,FALSE
SS1651868901145,US,TD,triads,teacup,tax_match,FALSE
SS1651868901145,US,TD,triads,teacher,tax_match,FALSE
SS1651868901145,US,TD,triads,elephant,tax_match,TRUE
SS1651868901145,US,TD,triads,saw,tax_match,FALSE
SS1651868901145,US,TD,triads,boot,tax_match,FALSE
SS1651868901145,US,TD,triads,goat,tax_match,TRUE
SS1651868901145,US,TD,triads,ring,tax_match,FALSE
SS1651868924360,US,TD,triads,spoon,tax_match,TRUE
SS1651868924360,US,TD,triads,pigeon,tax_match,TRUE
SS1651868924360,US,TD,triads,bee,tax_match,TRUE
SS1651868924360,US,TD,triads,teacher,tax_match,TRUE
SS1651868924360,US,TD,triads,goat,tax_match,TRUE
SS1651868924360,US,TD,triads,ring,tax_match,TRUE
SS1651868966456,US,TD,triads,airplane,tax_match,TRUE
SS1651868966456,US,TD,triads,pigeon,tax_match,FALSE
SS1651868966456,US,TD,triads,teacup,tax_match,FALSE
SS1651868966456,US,TD,triads,notepad,tax_match,FALSE
SS1651868966456,US,TD,triads,teacher,tax_match,TRUE
SS1651868966456,US,TD,triads,saw,tax_match,FALSE
SS1651868966456,US,TD,triads,boot,tax_match,FALSE
SS1651868966456,US,TD,triads,goat,tax_match,TRUE
SS1651869014963,US,TD,triads,spoon,tax_match,TRUE
SS1651869014963,US,TD,triads,dress,tax_match,TRUE
SS1651869014963,US,TD,triads,teacup,tax_match,TRUE
SS1651869014963,US,TD,triads,bee,tax_match,TRUE
SS1651869014963,US,TD,triads,teacher,tax_match,FALSE
SS1651869014963,US,TD,triads,saw,tax_match,FALSE
SS1651869014963,US,TD,triads,boot,tax_match,FALSE
SS1651869014963,US,TD,triads,ring,tax_match,TRUE
SS1651869017878,US,TD,triads,pigeon,tax_match,FALSE
SS1651869017878,US,TD,triads,bowl,tax_match,FALSE
SS1651869017878,US,TD,triads,dress,tax_match,FALSE
SS1651869017878,US,TD,triads,bee,tax_match,FALSE
SS1651869017878,US,TD,triads,notepad,tax_match,FALSE
SS1651869017878,US,TD,triads,teacher,tax_match,FALSE
SS1651869017878,US,TD,triads,boot,tax_match,FALSE
SS1651869017878,US,TD,triads,goat,tax_match,FALSE
SS1651869021473,US,TD,triads,airplane,tax_match,TRUE
SS1651869021473,US,TD,triads,pigeon,tax_match,TRUE
SS1651869021473,US,TD,triads,bowl,tax_match,FALSE
SS1651869021473,US,TD,triads,teacup,tax_match,TRUE
SS1651869021473,US,TD,triads,bee,tax_match,TRUE
SS1651869021473,US,TD,triads,notepad,tax_match,TRUE
SS1651869021473,US,TD,triads,legs,tax_match,TRUE
SS1651869021473,US,TD,triads,goat,tax_match,TRUE
SS1651869024622,US,TD,triads,airplane,tax_match,FALSE
SS1651869024622,US,TD,triads,spoon,tax_match,TRUE
SS1651869024622,US,TD,triads,dress,tax_match,FALSE
SS1651869024622,US,TD,triads,notepad,tax_match,TRUE
SS1651869024622,US,TD,triads,teacher,tax_match,FALSE
SS1651869024622,US,TD,triads,elephant,tax_match,TRUE
SS1651869024622,US,TD,triads,saw,tax_match,FALSE
SS1651869024622,US,TD,triads,legs,tax_match,FALSE
SS1651869038791,US,TD,triads,airplane,tax_match,TRUE
SS1651869038791,US,TD,triads,pigeon,tax_match,TRUE
SS1651869038791,US,TD,triads,teacup,tax_match,FALSE
SS1651869038791,US,TD,triads,bee,tax_match,TRUE
SS1651869038791,US,TD,triads,teacher,tax_match,TRUE
SS1651869038791,US,TD,triads,elephant,tax_match,TRUE
SS1651869038791,US,TD,triads,boot,tax_match,TRUE
SS1651869038791,US,TD,triads,legs,tax_match,TRUE
SS1651869038791,US,TD,triads,ring,tax_match,TRUE
SS1651869076619,US,TD,triads,bee,tax_match,TRUE
SS1651869076619,US,TD,triads,notepad,tax_match,TRUE
SS1651869076619,US,TD,triads,teacher,tax_match,FALSE
SS1651869076619,US,TD,triads,elephant,tax_match,TRUE
SS1651869076619,US,TD,triads,saw,tax_match,FALSE
SS1651869076619,US,TD,triads,boot,tax_match,FALSE
SS1651869076619,US,TD,triads,legs,tax_match,FALSE
SS1651869076619,US,TD,triads,ring,tax_match,FALSE
SS1651869096666,US,TD,triads,airplane,tax_match,TRUE
SS1651869096666,US,TD,triads,spoon,tax_match,TRUE
SS1651869096666,US,TD,triads,bowl,tax_match,FALSE
SS1651869096666,US,TD,triads,dress,tax_match,TRUE
SS1651869096666,US,TD,triads,boot,tax_match,TRUE
SS1651869096666,US,TD,triads,ring,tax_match,TRUE
SS1651869107778,US,TD,triads,bowl,tax_match,TRUE
SS1651869107778,US,TD,triads,dress,tax_match,TRUE
SS1651869107778,US,TD,triads,teacup,tax_match,FALSE
SS1651869107778,US,TD,triads,bee,tax_match,FALSE
SS1651869107778,US,TD,triads,notepad,tax_match,TRUE
SS1651869107778,US,TD,triads,teacher,tax_match,FALSE
SS1651869107778,US,TD,triads,elephant,tax_match,FALSE
SS1651869107778,US,TD,triads,legs,tax_match,TRUE
SS1651869115143,US,TD,triads,spoon,tax_match,TRUE
SS1651869115143,US,TD,triads,bowl,tax_match,FALSE
SS1651869115143,US,TD,triads,teacher,tax_match,FALSE
SS1651869115143,US,TD,triads,boot,tax_match,TRUE
SS1651869115143,US,TD,triads,legs,tax_match,TRUE
SS1651869117517,US,TD,triads,airplane,tax_match,TRUE
SS1651869117517,US,TD,triads,pigeon,tax_match,TRUE
SS1651869117517,US,TD,triads,teacup,tax_match,FALSE
SS1651869117517,US,TD,triads,notepad,tax_match,TRUE
SS1651869117517,US,TD,triads,elephant,tax_match,TRUE
SS1651869117517,US,TD,triads,legs,tax_match,TRUE
SS1651869117517,US,TD,triads,goat,tax_match,TRUE
SS1651869117517,US,TD,triads,ring,tax_match,TRUE
SS1651869119140,US,TD,triads,spoon,tax_match,TRUE
SS1651869119140,US,TD,triads,bowl,tax_match,TRUE
SS1651869119140,US,TD,triads,dress,tax_match,FALSE
SS1651869119140,US,TD,triads,teacup,tax_match,FALSE
SS1651869119140,US,TD,triads,elephant,tax_match,TRUE
SS1651869119140,US,TD,triads,saw,tax_match,FALSE
SS1651869119140,US,TD,triads,legs,tax_match,TRUE
SS1651869119140,US,TD,triads,goat,tax_match,TRUE
SS1651869128913,US,TD,triads,airplane,tax_match,TRUE
SS1651869128913,US,TD,triads,pigeon,tax_match,TRUE
SS1651869128913,US,TD,triads,dress,tax_match,TRUE
SS1651869128913,US,TD,triads,bee,tax_match,TRUE
SS1651869128913,US,TD,triads,elephant,tax_match,FALSE
SS1651869128913,US,TD,triads,boot,tax_match,TRUE
SS1651869128913,US,TD,triads,legs,tax_match,TRUE
SS1651869128913,US,TD,triads,goat,tax_match,TRUE
SS1651869128913,US,TD,triads,ring,tax_match,TRUE
SS1651869192697,US,TD,triads,airplane,tax_match,TRUE
SS1651869192697,US,TD,triads,spoon,tax_match,TRUE
SS1651869192697,US,TD,triads,dress,tax_match,TRUE
SS1651869192697,US,TD,triads,notepad,tax_match,TRUE
SS1651869192697,US,TD,triads,goat,tax_match,TRUE
SS1651869192697,US,TD,triads,ring,tax_match,FALSE
SS1651869198002,US,TD,triads,bee,tax_match,FALSE
SS1651869198002,US,TD,triads,notepad,tax_match,TRUE
SS1651869198002,US,TD,triads,elephant,tax_match,FALSE
SS1651869198002,US,TD,triads,saw,tax_match,FALSE
SS1651869198002,US,TD,triads,boot,tax_match,TRUE
SS1651869198002,US,TD,triads,ring,tax_match,FALSE
SS1651869512955,US,TD,triads,dress,tax_match,TRUE
SS1651869512955,US,TD,triads,bee,tax_match,TRUE
SS1651869512955,US,TD,triads,notepad,tax_match,TRUE
SS1651869512955,US,TD,triads,teacher,tax_match,TRUE
SS1651869512955,US,TD,triads,saw,tax_match,FALSE
SS1651869512955,US,TD,triads,goat,tax_match,TRUE
SS1651869609511,US,TD,triads,dress,tax_match,TRUE
SS1651869609511,US,TD,triads,teacup,tax_match,TRUE
SS1651869609511,US,TD,triads,bee,tax_match,TRUE
SS1651869609511,US,TD,triads,elephant,tax_match,TRUE
SS1651869609511,US,TD,triads,legs,tax_match,TRUE
SS1651869609511,US,TD,triads,goat,tax_match,TRUE
SS1651869808693,US,TD,triads,airplane,tax_match,TRUE
SS1651869808693,US,TD,triads,spoon,tax_match,TRUE
SS1651869808693,US,TD,triads,pigeon,tax_match,TRUE
SS1651869808693,US,TD,triads,dress,tax_match,TRUE
SS1651869808693,US,TD,triads,teacup,tax_match,TRUE
SS1651869808693,US,TD,triads,bee,tax_match,TRUE
SS1651869808693,US,TD,triads,notepad,tax_match,TRUE
SS1651869808693,US,TD,triads,teacher,tax_match,TRUE
SS1651869808693,US,TD,triads,legs,tax_match,TRUE
SS1651869808693,US,TD,triads,goat,tax_match,TRUE
SS1651869808693,US,TD,triads,ring,tax_match,TRUE
SS1651869849200,US,TD,triads,pigeon,tax_match,TRUE
SS1651869849200,US,TD,triads,bee,tax_match,TRUE
SS1651869849200,US,TD,triads,notepad,tax_match,TRUE
SS1651869849200,US,TD,triads,saw,tax_match,FALSE
SS1651869849200,US,TD,triads,legs,tax_match,TRUE
SS1651869849200,US,TD,triads,goat,tax_match,TRUE
SS1651870014949,US,TD,triads,spoon,tax_match,TRUE
SS1651870014949,US,TD,triads,teacher,tax_match,TRUE
SS1651870014949,US,TD,triads,saw,tax_match,FALSE
SS1651870014949,US,TD,triads,legs,tax_match,FALSE
SS1651870014949,US,TD,triads,goat,tax_match,TRUE
SS1651870238624,US,TD,triads,airplane,tax_match,TRUE
SS1651870238624,US,TD,triads,spoon,tax_match,TRUE
SS1651870238624,US,TD,triads,bowl,tax_match,TRUE
SS1651870238624,US,TD,triads,teacup,tax_match,TRUE
SS1651870238624,US,TD,triads,notepad,tax_match,TRUE
SS1651870238624,US,TD,triads,teacher,tax_match,FALSE
SS1651870238624,US,TD,triads,boot,tax_match,TRUE
SS1651870238624,US,TD,triads,goat,tax_match,FALSE
SS1651870238624,US,TD,triads,ring,tax_match,FALSE
SS1651870376242,US,TD,triads,airplane,tax_match,TRUE
SS1651870376242,US,TD,triads,spoon,tax_match,TRUE
SS1651870376242,US,TD,triads,pigeon,tax_match,TRUE
SS1651870376242,US,TD,triads,teacup,tax_match,TRUE
SS1651870376242,US,TD,triads,bee,tax_match,TRUE
SS1651870376242,US,TD,triads,notepad,tax_match,TRUE
SS1651870376242,US,TD,triads,legs,tax_match,FALSE
SS1651870376242,US,TD,triads,goat,tax_match,TRUE
SS1651870376242,US,TD,triads,ring,tax_match,TRUE
SS1651870443746,US,TD,triads,airplane,tax_match,TRUE
SS1651870443746,US,TD,triads,bowl,tax_match,FALSE
SS1651870443746,US,TD,triads,teacup,tax_match,FALSE
SS1651870443746,US,TD,triads,bee,tax_match,FALSE
SS1651870443746,US,TD,triads,notepad,tax_match,TRUE
SS1651870443746,US,TD,triads,teacher,tax_match,FALSE
SS1651870443746,US,TD,triads,elephant,tax_match,TRUE
SS1651870443746,US,TD,triads,saw,tax_match,FALSE
SS1651870443746,US,TD,triads,goat,tax_match,TRUE
SS1651871550730,US,TD,triads,spoon,tax_match,TRUE
SS1651871550730,US,TD,triads,pigeon,tax_match,TRUE
SS1651871550730,US,TD,triads,bowl,tax_match,TRUE
SS1651871550730,US,TD,triads,bee,tax_match,TRUE
SS1651871550730,US,TD,triads,teacher,tax_match,TRUE
SS1651871550730,US,TD,triads,elephant,tax_match,TRUE
SS1651871550730,US,TD,triads,saw,tax_match,FALSE
SS1651871550730,US,TD,triads,boot,tax_match,TRUE
SS1651871550730,US,TD,triads,legs,tax_match,TRUE
SS1651871550730,US,TD,triads,goat,tax_match,TRUE
SS1651871841115,US,TD,triads,airplane,tax_match,TRUE
SS1651871841115,US,TD,triads,spoon,tax_match,TRUE
SS1651871841115,US,TD,triads,pigeon,tax_match,TRUE
SS1651871841115,US,TD,triads,bowl,tax_match,TRUE
SS1651871841115,US,TD,triads,dress,tax_match,FALSE
SS1651871841115,US,TD,triads,notepad,tax_match,TRUE
SS1651871841115,US,TD,triads,teacher,tax_match,FALSE
SS1651871841115,US,TD,triads,boot,tax_match,TRUE
SS1651871841115,US,TD,triads,legs,tax_match,FALSE
SS1651871841115,US,TD,triads,goat,tax_match,TRUE
SS1651871889261,US,TD,triads,airplane,tax_match,TRUE
SS1651871889261,US,TD,triads,pigeon,tax_match,TRUE
SS1651871889261,US,TD,triads,dress,tax_match,TRUE
SS1651871889261,US,TD,triads,bee,tax_match,TRUE
SS1651871889261,US,TD,triads,notepad,tax_match,TRUE
SS1651871889261,US,TD,triads,saw,tax_match,FALSE
SS1651871889261,US,TD,triads,legs,tax_match,TRUE
SS1651871889261,US,TD,triads,goat,tax_match,TRUE
SS1651871889261,US,TD,triads,ring,tax_match,FALSE
SS1651872480719,US,TD,triads,airplane,tax_match,TRUE
SS1651872480719,US,TD,triads,spoon,tax_match,TRUE
SS1651872480719,US,TD,triads,bowl,tax_match,TRUE
SS1651872480719,US,TD,triads,dress,tax_match,TRUE
SS1651872480719,US,TD,triads,bee,tax_match,TRUE
SS1651872480719,US,TD,triads,teacher,tax_match,TRUE
SS1651872480719,US,TD,triads,saw,tax_match,FALSE
SS1651872480719,US,TD,triads,boot,tax_match,TRUE
SS1651872480719,US,TD,triads,ring,tax_match,TRUE
SS1651873332890,US,TD,triads,airplane,tax_match,TRUE
SS1651873332890,US,TD,triads,spoon,tax_match,TRUE
SS1651873332890,US,TD,triads,bowl,tax_match,FALSE
SS1651873332890,US,TD,triads,bee,tax_match,TRUE
SS1651873332890,US,TD,triads,notepad,tax_match,TRUE
SS1651873332890,US,TD,triads,elephant,tax_match,FALSE
SS1651873332890,US,TD,triads,boot,tax_match,TRUE
SS1651873359386,US,TD,triads,bowl,tax_match,TRUE
SS1651873359386,US,TD,triads,teacup,tax_match,TRUE
SS1651873359386,US,TD,triads,bee,tax_match,TRUE
SS1651873359386,US,TD,triads,elephant,tax_match,TRUE
SS1651873359386,US,TD,triads,saw,tax_match,FALSE
SS1651873359386,US,TD,triads,boot,tax_match,TRUE
SS1651873359386,US,TD,triads,ring,tax_match,TRUE
SS1651878926426,US,TD,triads,airplane,tax_match,TRUE
SS1651878926426,US,TD,triads,spoon,tax_match,TRUE
SS1651878926426,US,TD,triads,bowl,tax_match,TRUE
SS1651878926426,US,TD,triads,teacup,tax_match,TRUE
SS1651878926426,US,TD,triads,notepad,tax_match,TRUE
SS1651878926426,US,TD,triads,saw,tax_match,FALSE
SS1651878926426,US,TD,triads,boot,tax_match,TRUE
SS1651878926426,US,TD,triads,legs,tax_match,TRUE
SS1651878928252,US,TD,triads,pigeon,tax_match,TRUE
SS1651878928252,US,TD,triads,bowl,tax_match,TRUE
SS1651878928252,US,TD,triads,teacup,tax_match,TRUE
SS1651878928252,US,TD,triads,bee,tax_match,TRUE
SS1651878928252,US,TD,triads,notepad,tax_match,TRUE
SS1651878928252,US,TD,triads,teacher,tax_match,TRUE
SS1651878928252,US,TD,triads,ring,tax_match,TRUE
SS1651544690789,CN,TD,triads,蜜蜂,tax_match,FALSE
SS1651544690789,CN,TD,triads,腿,tax_match,FALSE
SS1651544690789,CN,TD,triads,草稿本,tax_match,TRUE
SS1651544690789,CN,TD,triads,茶杯,tax_match,FALSE
SS1651544690789,CN,TD,triads,婚戒,tax_match,FALSE
SS1651544690789,CN,TD,triads,勺子,tax_match,TRUE
SS1651544690789,CN,TD,triads,碗,tax_match,FALSE
SS1651544690789,CN,TD,triads,老师,tax_match,FALSE
SS1651544913549,CN,TD,triads,蜜蜂,tax_match,FALSE
SS1651544913549,CN,TD,triads,腿,tax_match,FALSE
SS1651544913549,CN,TD,triads,草稿本,tax_match,TRUE
SS1651544913549,CN,TD,triads,婚戒,tax_match,TRUE
SS1651544913549,CN,TD,triads,勺子,tax_match,TRUE
SS1651544913549,CN,TD,triads,碗,tax_match,FALSE
SS1651544913549,CN,TD,triads,靴子,tax_match,FALSE
SS1651544913549,CN,TD,triads,飞机,tax_match,FALSE
SS1651544929438,CN,TD,triads,腿,tax_match,FALSE
SS1651544929438,CN,TD,triads,茶杯,tax_match,FALSE
SS1651544929438,CN,TD,triads,婚戒,tax_match,FALSE
SS1651544929438,CN,TD,triads,靴子,tax_match,TRUE
SS1651544929438,CN,TD,triads,飞机,tax_match,FALSE
SS1651544929438,CN,TD,triads,大象,tax_match,FALSE
SS1651545081461,CN,TD,triads,蜜蜂,tax_match,TRUE
SS1651545081461,CN,TD,triads,腿,tax_match,FALSE
SS1651545081461,CN,TD,triads,茶杯,tax_match,TRUE
SS1651545081461,CN,TD,triads,连衣裙,tax_match,FALSE
SS1651545081461,CN,TD,triads,靴子,tax_match,FALSE
SS1651545081461,CN,TD,triads,飞机,tax_match,FALSE
SS1651545081461,CN,TD,triads,锯子,tax_match,FALSE
SS1651545081461,CN,TD,triads,山羊,tax_match,FALSE
SS1651545081461,CN,TD,triads,鸽子,tax_match,TRUE
SS1651545105150,CN,TD,triads,蜜蜂,tax_match,FALSE
SS1651545105150,CN,TD,triads,腿,tax_match,FALSE
SS1651545105150,CN,TD,triads,草稿本,tax_match,TRUE
SS1651545105150,CN,TD,triads,碗,tax_match,TRUE
SS1651545105150,CN,TD,triads,老师,tax_match,FALSE
SS1651545105150,CN,TD,triads,连衣裙,tax_match,TRUE
SS1651545105150,CN,TD,triads,靴子,tax_match,FALSE
SS1651545107281,CN,TD,triads,腿,tax_match,TRUE
SS1651545107281,CN,TD,triads,勺子,tax_match,TRUE
SS1651545107281,CN,TD,triads,碗,tax_match,TRUE
SS1651545107281,CN,TD,triads,老师,tax_match,TRUE
SS1651545107281,CN,TD,triads,连衣裙,tax_match,TRUE
SS1651545107281,CN,TD,triads,靴子,tax_match,TRUE
SS1651545107281,CN,TD,triads,飞机,tax_match,TRUE
SS1651545107281,CN,TD,triads,锯子,tax_match,FALSE
SS1651545107281,CN,TD,triads,鸽子,tax_match,TRUE
SS1651545123067,CN,TD,triads,腿,tax_match,FALSE
SS1651545123067,CN,TD,triads,茶朂,tax_match,FALSE
SS1651545123067,CN,TD,triads,婚戒,tax_match,FALSE
SS1651545123067,CN,TD,triads,勺子,tax_match,FALSE
SS1651545123067,CN,TD,triads,碗,tax_match,TRUE
SS1651545123067,CN,TD,triads,山羊,tax_match,FALSE
SS1651545188145,CN,TD,triads,蜜蜂,tax_match,FALSE
SS1651545188145,CN,TD,triads,锯子,tax_match,TRUE
SS1651545188145,CN,TD,triads,草稿本,tax_match,TRUE
SS1651545188145,CN,TD,triads,茶杯,tax_match,TRUE
SS1651545188145,CN,TD,triads,婚戒,tax_match,TRUE
SS1651545188145,CN,TD,triads,碗,tax_match,TRUE
SS1651545188145,CN,TD,triads,连衣裙,tax_match,TRUE
SS1651545188145,CN,TD,triads,靴子,tax_match,TRUE
SS1651545188145,CN,TD,triads,大象,tax_match,TRUE
SS1651545188145,CN,TD,triads,山羊,tax_match,FALSE
SS1651545188145,CN,TD,triads,鸽子,tax_match,TRUE
SS1651545279588,CN,TD,triads,腿,tax_match,TRUE
SS1651545279588,CN,TD,triads,草稿本,tax_match,TRUE
SS1651545279588,CN,TD,triads,勺子,tax_match,TRUE
SS1651545279588,CN,TD,triads,碗,tax_match,TRUE
SS1651545279588,CN,TD,triads,靴子,tax_match,FALSE
SS1651545279588,CN,TD,triads,大象,tax_match,TRUE
SS1651545279588,CN,TD,triads,山羊,tax_match,FALSE
SS1651545279588,CN,TD,triads,鸽子,tax_match,FALSE
SS1651545285513,CN,TD,triads,婚戒,tax_match,FALSE
SS1651545285513,CN,TD,triads,勺子,tax_match,FALSE
SS1651545285513,CN,TD,triads,碗,tax_match,FALSE
SS1651545285513,CN,TD,triads,老师,tax_match,FALSE
SS1651545285513,CN,TD,triads,连衣裙,tax_match,FALSE
SS1651545285513,CN,TD,triads,靴子,tax_match,FALSE
SS1651545285513,CN,TD,triads,飞机,tax_match,FALSE
SS1651545285513,CN,TD,triads,锯子,tax_match,FALSE
SS1651545285513,CN,TD,triads,大象,tax_match,FALSE
SS1651545285513,CN,TD,triads,鸽子,tax_match,FALSE
SS1651545357097,CN,TD,triads,蜜蜈,tax_match,FALSE
SS1651545357097,CN,TD,triads,腿,tax_match,FALSE
SS1651545357097,CN,TD,triads,草稿本,tax_match,TRUE
SS1651545357097,CN,TD,triads,茶杯,tax_match,FALSE
SS1651545357097,CN,TD,triads,飞机,tax_match,FALSE
SS1651545357097,CN,TD,triads,锯子,tax_match,FALSE
SS1651545751233,CN,TD,triads,蜜蜂,tax_match,TRUE
SS1651545751233,CN,TD,triads,腿,tax_match,TRUE
SS1651545751233,CN,TD,triads,草稿本,tax_match,TRUE
SS1651545751233,CN,TD,triads,茶杯,tax_match,TRUE
SS1651545751233,CN,TD,triads,碗,tax_match,TRUE
SS1651545751233,CN,TD,triads,老师,tax_match,TRUE
SS1651545751233,CN,TD,triads,飞机,tax_match,TRUE
SS1651545751233,CN,TD,triads,锯子,tax_match,FALSE
SS1651546122639,CN,TD,triads,蜜蜂,tax_match,TRUE
SS1651546122639,CN,TD,triads,腿,tax_match,TRUE
SS1651546122639,CN,TD,triads,勺子,tax_match,TRUE
SS1651546122639,CN,TD,triads,碗,tax_match,TRUE
SS1651546122639,CN,TD,triads,靴子,tax_match,TRUE
SS1651546122639,CN,TD,triads,锯子,tax_match,FALSE
SS1651546122639,CN,TD,triads,大象,tax_match,TRUE
SS1651546827542,CN,TD,triads,蜜蜂,tax_match,FALSE
SS1651546827542,CN,TD,triads,腿,tax_match,FALSE
SS1651546827542,CN,TD,triads,茶杯,tax_match,TRUE
SS1651546827542,CN,TD,triads,勺子,tax_match,TRUE
SS1651546827542,CN,TD,triads,老师,tax_match,TRUE
SS1651546827542,CN,TD,triads,锯子,tax_match,FALSE
SS1651546827542,CN,TD,triads,鸽子,tax_match,FALSE
SS1651546915326,CN,TD,triads,蜜蜂,tax_match,FALSE
SS1651546915326,CN,TD,triads,腿,tax_match,FALSE
SS1651546915326,CN,TD,triads,茶杯,tax_match,TRUE
SS1651546915326,CN,TD,triads,婚戒,tax_match,FALSE
SS1651546915326,CN,TD,triads,碗,tax_match,FALSE
SS1651546915326,CN,TD,triads,大象,tax_match,FALSE
SS1651546915326,CN,TD,triads,鸽子,tax_match,FALSE
SS1651547162777,CN,TD,triads,蜜蜂,tax_match,FALSE
SS1651547162777,CN,TD,triads,草稿本,tax_match,TRUE
SS1651547162777,CN,TD,triads,茶杯,tax_match,FALSE
SS1651547162777,CN,TD,triads,婚戒,tax_match,FALSE
SS1651547162777,CN,TD,triads,碗,tax_match,FALSE
SS1651547162777,CN,TD,triads,老师,tax_match,FALSE
SS1651547162777,CN,TD,triads,锯子,tax_match,FALSE
SS1651547162777,CN,TD,triads,山羊,tax_match,FALSE
SS1651547162777,CN,TD,triads,鸽子,tax_match,FALSE
SS1651548143005,CN,TD,triads,草稿本,tax_match,TRUE
SS1651548143005,CN,TD,triads,茶杯,tax_match,FALSE
SS1651548143005,CN,TD,triads,碗,tax_match,TRUE
SS1651548143005,CN,TD,triads,连衣裙,tax_match,FALSE
SS1651548143005,CN,TD,triads,锯子,tax_match,TRUE
SS1651548143005,CN,TD,triads,大象,tax_match,TRUE
SS1651548143005,CN,TD,triads,山羊,tax_match,FALSE
SS1651552362039,CN,TD,triads,蜜蜂,tax_match,TRUE
SS1651552362039,CN,TD,triads,婚戒,tax_match,FALSE
SS1651552362039,CN,TD,triads,勺子,tax_match,TRUE
SS1651552362039,CN,TD,triads,碗,tax_match,FALSE
SS1651552362039,CN,TD,triads,连衣裙,tax_match,FALSE
SS1651552362039,CN,TD,triads,飞机,tax_match,TRUE
SS1651552362039,CN,TD,triads,蜜蜂,tax_match,TRUE
SS1651552362039,CN,TD,triads,茶杯,tax_match,FALSE
SS1651552362039,CN,TD,triads,鸽子,tax_match,FALSE
SS1651552837542,CN,TD,triads,蜜蜂,tax_match,FALSE
SS1651552837542,CN,TD,triads,草稿本,tax_match,TRUE
SS1651552837542,CN,TD,triads,勺子,tax_match,TRUE
SS1651552837542,CN,TD,triads,碗,tax_match,TRUE
SS1651552837542,CN,TD,triads,老帐,tax_match,TRUE
SS1651552837542,CN,TD,triads,靴子,tax_match,FALSE
SS1651552837542,CN,TD,triads,飞机,tax_match,TRUE
SS1651552837542,CN,TD,triads,鸽子,tax_match,FALSE
SS1651553474432,CN,TD,triads,腿,tax_match,FALSE
SS1651553474432,CN,TD,triads,茶杯,tax_match,TRUE
SS1651553474432,CN,TD,triads,碗,tax_match,TRUE
SS1651553474432,CN,TD,triads,飞机,tax_match,TRUE
SS1651553474432,CN,TD,triads,大象,tax_match,FALSE
SS1651553474432,CN,TD,triads,山羊,tax_match,FALSE
SS1651553474432,CN,TD,triads,鸽子,tax_match,FALSE
SS1651553913160,CN,TD,triads,腿,tax_match,FALSE
SS1651553913160,CN,TD,triads,草稿本,tax_match,TRUE
SS1651553913160,CN,TD,triads,茶杯,tax_match,TRUE
SS1651553913160,CN,TD,triads,婚戒,tax_match,FALSE
SS1651553913160,CN,TD,triads,老师,tax_match,FALSE
SS1651553913160,CN,TD,triads,茶杯,tax_match,TRUE
SS1651553913160,CN,TD,triads,飞机,tax_match,TRUE
SS1651553913160,CN,TD,triads,锯子,tax_match,FALSE
SS1651553913160,CN,TD,triads,大象,tax_match,TRUE
SS1651553913160,CN,TD,triads,山羊,tax_match,FALSE
SS1651553913160,CN,TD,triads,鸽子,tax_match,FALSE
SS1651553969715,CN,TD,triads,蜜蜂,tax_match,TRUE
SS1651553969715,CN,TD,triads,腿,tax_match,TRUE
SS1651553969715,CN,TD,triads,草稿本,tax_match,FALSE
SS1651553969715,CN,TD,triads,茶杯,tax_match,TRUE
SS1651553969715,CN,TD,triads,老师,tax_match,FALSE
SS1651553969715,CN,TD,triads,婚戒,tax_match,FALSE
SS1651553969715,CN,TD,triads,老师,tax_match,TRUE
SS1651553969715,CN,TD,triads,山羊,tax_match,TRUE
SS1651553969715,CN,TD,triads,鸽子,tax_match,FALSE
SS1651554145523,CN,TD,triads,蜜蜂,tax_match,FALSE
SS1651554145523,CN,TD,triads,腿,tax_match,FALSE
SS1651554145523,CN,TD,triads,茶杯,tax_match,FALSE
SS1651554145523,CN,TD,triads,连衣裙,tax_match,TRUE
SS1651554145523,CN,TD,triads,靴子,tax_match,FALSE
SS1651554145523,CN,TD,triads,飞机,tax_match,FALSE
SS1651554145523,CN,TD,triads,锯子,tax_match,FALSE
SS1651554145523,CN,TD,triads,鸽子,tax_match,FALSE
SS1651554184228,CN,TD,triads,蜜蜂,tax_match,TRUE
SS1651554184228,CN,TD,triads,腿,tax_match,TRUE
SS1651554184228,CN,TD,triads,婚戒,tax_match,TRUE
SS1651554184228,CN,TD,triads,碗,tax_match,TRUE
SS1651554184228,CN,TD,triads,连衣裙,tax_match,TRUE
SS1651554184228,CN,TD,triads,大象,tax_match,TRUE
SS1651554284065,CN,TD,triads,腿,tax_match,FALSE
SS1651554284065,CN,TD,triads,草稿本,tax_match,TRUE
SS1651554284065,CN,TD,triads,老师,tax_match,FALSE
SS1651554284065,CN,TD,triads,靴子,tax_match,FALSE
SS1651554284065,CN,TD,triads,勺子,tax_match,TRUE
SS1651554284065,CN,TD,triads,大象,tax_match,TRUE
SS1651554809980,CN,TD,triads,锯子,tax_match,TRUE
SS1651554809980,CN,TD,triads,茶杯,tax_match,FALSE
SS1651554809980,CN,TD,triads,婚戒,tax_match,FALSE
SS1651554809980,CN,TD,triads,勺子,tax_match,TRUE
SS1651554809980,CN,TD,triads,碗,tax_match,TRUE
SS1651554809980,CN,TD,triads,老师,tax_match,FALSE
SS1651554809980,CN,TD,triads,飞机,tax_match,TRUE
SS1651555233128,CN,TD,triads,蜜蜂,tax_match,FALSE
SS1651555233128,CN,TD,triads,草稿本,tax_match,TRUE
SS1651555233128,CN,TD,triads,茶杯,tax_match,FALSE
SS1651555233128,CN,TD,triads,老师,tax_match,FALSE
SS1651555233128,CN,TD,triads,连衣裙,tax_match,FALSE
SS1651555233128,CN,TD,triads,锯子,tax_match,FALSE
SS1651555233128,CN,TD,triads,山羊,tax_match,FALSE
SS1651559729763,CN,TD,triads,蜜蜂,tax_match,FALSE
SS1651559729763,CN,TD,triads,草稿本,tax_match,TRUE
SS1651559729763,CN,TD,triads,婚戒,tax_match,FALSE
SS1651559729763,CN,TD,triads,老师,tax_match,FALSE
SS1651559729763,CN,TD,triads,连衣裙,tax_match,FALSE
SS1651559729763,CN,TD,triads,靴子,tax_match,FALSE
SS1651559729763,CN,TD,triads,锯子,tax_match,FALSE
SS1651559729763,CN,TD,triads,大象,tax_match,FALSE
SS1651559729763,CN,TD,triads,山羊,tax_match,FALSE
SS1651560025455,CN,TD,triads,蜜蜂,tax_match,TRUE
SS1651560025455,CN,TD,triads,草稿本,tax_match,TRUE
SS1651560025455,CN,TD,triads,茶杯,tax_match,TRUE
SS1651560025455,CN,TD,triads,婚戒,tax_match,FALSE
SS1651560025455,CN,TD,triads,老师,tax_match,TRUE
SS1651560025455,CN,TD,triads,飞机,tax_match,TRUE
SS1651560025455,CN,TD,triads,大象,tax_match,TRUE
SS1651560025455,CN,TD,triads,山羊,tax_match,TRUE
SS1651561685665,CN,TD,triads,草稿本,tax_match,TRUE
SS1651561685665,CN,TD,triads,茶杯,tax_match,TRUE
SS1651561685665,CN,TD,triads,婚戒,tax_match,TRUE
SS1651561685665,CN,TD,triads,勺子,tax_match,TRUE
SS1651561685665,CN,TD,triads,茶杯,tax_match,TRUE
SS1651561685665,CN,TD,triads,靴子,tax_match,TRUE
SS1651561685665,CN,TD,triads,锯子,tax_match,FALSE
SS1651561685665,CN,TD,triads,山羊,tax_match,TRUE
SS1651562034956,CN,TD,triads,草稿本,tax_match,FALSE
SS1651562034956,CN,TD,triads,茶杯,tax_match,FALSE
SS1651562034956,CN,TD,triads,连衣裙,tax_match,FALSE
SS1651562034956,CN,TD,triads,锯子,tax_match,FALSE
SS1651562034956,CN,TD,triads,山羊,tax_match,FALSE
SS1651562034956,CN,TD,triads,鸽子,tax_match,FALSE
SS1651562868228,CN,TD,triads,蜜蜂,tax_match,FALSE
SS1651562868228,CN,TD,triads,草稿本,tax_match,FALSE
SS1651562868228,CN,TD,triads,婚戒,tax_match,FALSE
SS1651562868228,CN,TD,triads,老师,tax_match,FALSE
SS1651562868228,CN,TD,triads,连衣裙,tax_match,FALSE
SS1651562868228,CN,TD,triads,飞机,tax_match,FALSE
SS1651564260438,CN,TD,triads,草稿本,tax_match,TRUE
SS1651564260438,CN,TD,triads,婚戒,tax_match,FALSE
SS1651564260438,CN,TD,triads,碗,tax_match,TRUE
SS1651564260438,CN,TD,triads,老师,tax_match,TRUE
SS1651564260438,CN,TD,triads,飞机,tax_match,TRUE
SS1651564260438,CN,TD,triads,锯子,tax_match,FALSE
SS1651564260438,CN,TD,triads,大象,tax_match,TRUE
SS1651564260438,CN,TD,triads,鸽子,tax_match,FALSE
SS1651564308340,CN,TD,triads,蜜蜂,tax_match,FALSE
SS1651564308340,CN,TD,triads,腿,tax_match,FALSE
SS1651564308340,CN,TD,triads,草稿本,tax_match,TRUE
SS1651564308340,CN,TD,triads,勺子,tax_match,TRUE
SS1651564308340,CN,TD,triads,老师,tax_match,FALSE
SS1651564308340,CN,TD,triads,靴子,tax_match,FALSE
SS1651564308340,CN,TD,triads,锯子,tax_match,FALSE
SS1651564308340,CN,TD,triads,山羊,tax_match,FALSE
SS1651564308340,CN,TD,triads,鸽子,tax_match,FALSE
SS1651565828518,CN,TD,triads,鸽子,tax_match,TRUE
SS1651565828518,CN,TD,triads,草稿本,tax_match,TRUE
SS1651565828518,CN,TD,triads,茶杯,tax_match,FALSE
SS1651565828518,CN,TD,triads,老师,tax_match,TRUE
SS1651565828518,CN,TD,triads,靴子,tax_match,TRUE
SS1651565828518,CN,TD,triads,碗,tax_match,TRUE
SS1651565828518,CN,TD,triads,勺子,tax_match,TRUE
SS1651568252846,CN,TD,triads,蜜蜂,tax_match,FALSE
SS1651568252846,CN,TD,triads,草稿本,tax_match,FALSE
SS1651568252846,CN,TD,triads,茶杯,tax_match,FALSE
SS1651568252846,CN,TD,triads,婚戒,tax_match,FALSE
SS1651568252846,CN,TD,triads,靴子,tax_match,FALSE
SS1651568252846,CN,TD,triads,飞机,tax_match,FALSE
SS1651568252846,CN,TD,triads,锯子,tax_match,FALSE
SS1651568252846,CN,TD,triads,大象,tax_match,FALSE
SS1651568382617,CN,TD,triads,蜜蜂,tax_match,FALSE
SS1651568382617,CN,TD,triads,腿,tax_match,FALSE
SS1651568382617,CN,TD,triads,草稿本,tax_match,TRUE
SS1651568382617,CN,TD,triads,婚戒,tax_match,TRUE
SS1651568382617,CN,TD,triads,碗,tax_match,TRUE
SS1651568382617,CN,TD,triads,锯子,tax_match,FALSE
SS1651568382617,CN,TD,triads,山羊,tax_match,FALSE
SS1651568382617,CN,TD,triads,鸽子,tax_match,TRUE
SS1651568918829,CN,TD,triads,腿,tax_match,FALSE
SS1651568918829,CN,TD,triads,茶杯,tax_match,FALSE
SS1651568918829,CN,TD,triads,碗,tax_match,FALSE
SS1651568918829,CN,TD,triads,靴子,tax_match,FALSE
SS1651568918829,CN,TD,triads,飞机,tax_match,FALSE
SS1651568918829,CN,TD,triads,大象,tax_match,FALSE
SS1651568918829,CN,TD,triads,山羊,tax_match,FALSE
SS1651568918829,CN,TD,triads,鸽子,tax_match,TRUE
SS1651570752111,CN,TD,triads,腿,tax_match,TRUE
SS1651570752111,CN,TD,triads,婚戒,tax_match,FALSE
SS1651570752111,CN,TD,triads,勺子,tax_match,TRUE
SS1651570752111,CN,TD,triads,连衣裙,tax_match,TRUE
SS1651570752111,CN,TD,triads,靴子,tax_match,TRUE
SS1651570752111,CN,TD,triads,飞机,tax_match,TRUE
SS1651570752111,CN,TD,triads,大象,tax_match,TRUE
SS1651571509239,CN,TD,triads,蜜蜂,tax_match,FALSE
SS1651571509239,CN,TD,triads,草稿本,tax_match,FALSE
SS1651571509239,CN,TD,triads,勺子,tax_match,FALSE
SS1651571509239,CN,TD,triads,碗,tax_match,FALSE
SS1651571509239,CN,TD,triads,靴子,tax_match,FALSE
SS1651571509239,CN,TD,triads,大象,tax_match,FALSE
SS1651571509239,CN,TD,triads,山羊,tax_match,FALSE
SS1651572914976,CN,TD,triads,草稿本,tax_match,TRUE
SS1651572914976,CN,TD,triads,茶杯,tax_match,FALSE
SS1651572914976,CN,TD,triads,婚戒,tax_match,TRUE
SS1651572914976,CN,TD,triads,勺子,tax_match,TRUE
SS1651572914976,CN,TD,triads,碗,tax_match,FALSE
SS1651572914976,CN,TD,triads,靴子,tax_match,TRUE
SS1651572914976,CN,TD,triads,大象,tax_match,TRUE
SS1651572914976,CN,TD,triads,鸽子,tax_match,TRUE
SS1651576408487,CN,TD,triads,蜜蜂,tax_match,TRUE
SS1651576408487,CN,TD,triads,腿,tax_match,FALSE
SS1651576408487,CN,TD,triads,碗,tax_match,TRUE
SS1651576408487,CN,TD,triads,连衣裙,tax_match,TRUE
SS1651576408487,CN,TD,triads,飞机,tax_match,TRUE
SS1651576408487,CN,TD,triads,鸽子,tax_match,TRUE
SS1651578940027,CN,TD,triads,腿,tax_match,TRUE
SS1651578940027,CN,TD,triads,茶杯,tax_match,FALSE
SS1651578940027,CN,TD,triads,锯子,tax_match,FALSE
SS1651578940027,CN,TD,triads,大象,tax_match,TRUE
SS1651578940027,CN,TD,triads,山羊,tax_match,FALSE
SS1651578940027,CN,TD,triads,鸽子,tax_match,FALSE
SS1651579399729,CN,TD,triads,蜜蜂,tax_match,FALSE
SS1651579399729,CN,TD,triads,草稿本,tax_match,TRUE
SS1651579399729,CN,TD,triads,碗,tax_match,FALSE
SS1651579399729,CN,TD,triads,连衣裙,tax_match,FALSE
SS1651579399729,CN,TD,triads,大象,tax_match,FALSE
SS1651579399729,CN,TD,triads,山羊,tax_match,FALSE
SS1651582669897,CN,TD,triads,草稿本,tax_match,TRUE
SS1651582669897,CN,TD,triads,茶杯,tax_match,TRUE
SS1651582669897,CN,TD,triads,碗,tax_match,TRUE
SS1651582669897,CN,TD,triads,老师,tax_match,TRUE
SS1651582669897,CN,TD,triads,靴子,tax_match,TRUE
SS1651582669897,CN,TD,triads,山羊,tax_match,TRUE
SS1651620046254,CN,TD,triads,蜜蜂,tax_match,TRUE
SS1651620046254,CN,TD,triads,婚戒,tax_match,FALSE
SS1651620046254,CN,TD,triads,碗,tax_match,TRUE
SS1651620046254,CN,TD,triads,连衣裙,tax_match,FALSE
SS1651620046254,CN,TD,triads,飞机,tax_match,TRUE
SS1651620046254,CN,TD,triads,锯子,tax_match,FALSE
SS1651620046254,CN,TD,triads,山羊,tax_match,FALSE
SS1651623308643,CN,TD,triads,蜜蜂,tax_match,TRUE
SS1651623308643,CN,TD,triads,腿,tax_match,TRUE
SS1651623308643,CN,TD,triads,茶杯,tax_match,FALSE
SS1651623308643,CN,TD,triads,婚戒,tax_match,FALSE
SS1651623308643,CN,TD,triads,连衣裙,tax_match,TRUE
SS1651623308643,CN,TD,triads,锯子,tax_match,FALSE
SS1651623308643,CN,TD,triads,鸽子,tax_match,TRUE
SS1651625504097,CN,TD,triads,大象,tax_match,TRUE
SS1651625504097,CN,TD,triads,草稿本,tax_match,TRUE
SS1651625504097,CN,TD,triads,婚戒,tax_match,TRUE
SS1651625504097,CN,TD,triads,碗,tax_match,FALSE
SS1651625504097,CN,TD,triads,连衣裙,tax_match,TRUE
SS1651625504097,CN,TD,triads,靴子,tax_match,TRUE
SS1651625504097,CN,TD,triads,飞机,tax_match,TRUE
SS1651625504097,CN,TD,triads,大象,tax_match,TRUE
SS1651625504097,CN,TD,triads,鸽子,tax_match,FALSE
SS1651629675682,CN,TD,triads,腿,tax_match,FALSE
SS1651629675682,CN,TD,triads,茶杯,tax_match,FALSE
SS1651629675682,CN,TD,triads,婚戒,tax_match,FALSE
SS1651629675682,CN,TD,triads,老师,tax_match,FALSE
SS1651629675682,CN,TD,triads,连衣裙,tax_match,FALSE
SS1651629675682,CN,TD,triads,飞机,tax_match,FALSE
SS1651629675682,CN,TD,triads,大象,tax_match,TRUE
SS1651629675682,CN,TD,triads,山羊,tax_match,FALSE
SS1651629675682,CN,TD,triads,鸱羊,tax_match,FALSE
SS1651631038398,CN,TD,triads,茶杯,tax_match,FALSE
SS1651631038398,CN,TD,triads,婚戒,tax_match,FALSE
SS1651631038398,CN,TD,triads,碗,tax_match,TRUE
SS1651631038398,CN,TD,triads,连衣裙,tax_match,FALSE
SS1651631038398,CN,TD,triads,锯子,tax_match,FALSE
SS1651631038398,CN,TD,triads,大象,tax_match,FALSE
SS1651631038398,CN,TD,triads,山羊,tax_match,FALSE
SS1651631038398,CN,TD,triads,鸽子,tax_match,FALSE
SS1651631374290,CN,TD,triads,腿,tax_match,FALSE
SS1651631374290,CN,TD,triads,草稿本,tax_match,TRUE
SS1651631374290,CN,TD,triads,茶杯,tax_match,TRUE
SS1651631374290,CN,TD,triads,靴子,tax_match,FALSE
SS1651631374290,CN,TD,triads,勺子,tax_match,FALSE
SS1651631374290,CN,TD,triads,老师,tax_match,FALSE
SS1651631374290,CN,TD,triads,飞机,tax_match,FALSE
SS1651631374290,CN,TD,triads,山羊,tax_match,FALSE
SS1651631374290,CN,TD,triads,鸽子,tax_match,FALSE
SS1651632269384,CN,TD,triads,婚戒,tax_match,FALSE
SS1651632269384,CN,TD,triads,勺子,tax_match,TRUE
SS1651632269384,CN,TD,triads,碗,tax_match,FALSE
SS1651632269384,CN,TD,triads,靴子,tax_match,FALSE
SS1651632269384,CN,TD,triads,锯子,tax_match,FALSE
SS1651632269384,CN,TD,triads,鸽子,tax_match,FALSE
SS1651633449820,CN,TD,triads,蜜蜂,tax_match,FALSE
SS1651633449820,CN,TD,triads,腿,tax_match,FALSE
SS1651633449820,CN,TD,triads,草稿本,tax_match,FALSE
SS1651633449820,CN,TD,triads,茶杯,tax_match,FALSE
SS1651633449820,CN,TD,triads,碗,tax_match,FALSE
SS1651633449820,CN,TD,triads,靴子,tax_match,FALSE
SS1651633449820,CN,TD,triads,锯子,tax_match,FALSE
SS1651633449820,CN,TD,triads,大象,tax_match,FALSE
SS1651633449820,CN,TD,triads,山羊,tax_match,FALSE
SS1651634088254,CN,TD,triads,腿,tax_match,TRUE
SS1651634088254,CN,TD,triads,茶杯,tax_match,FALSE
SS1651634088254,CN,TD,triads,婚戒,tax_match,TRUE
SS1651634088254,CN,TD,triads,连衣裙,tax_match,TRUE
SS1651634088254,CN,TD,triads,飞机,tax_match,TRUE
SS1651634088254,CN,TD,triads,锯子,tax_match,FALSE
SS1651634088254,CN,TD,triads,山羊,tax_match,TRUE
SS1651634616537,CN,TD,triads,腿,tax_match,TRUE
SS1651634616537,CN,TD,triads,茶杯,tax_match,TRUE
SS1651634616537,CN,TD,triads,勺子,tax_match,TRUE
SS1651634616537,CN,TD,triads,老师,tax_match,TRUE
SS1651634616537,CN,TD,triads,连衣裙,tax_match,TRUE
SS1651634616537,CN,TD,triads,飞机,tax_match,TRUE
SS1651634616537,CN,TD,triads,锯子,tax_match,FALSE
SS1651634616537,CN,TD,triads,鸽子,tax_match,TRUE
SS1651634772197,CN,TD,triads,蜜蜂,tax_match,FALSE
SS1651634772197,CN,TD,triads,腿,tax_match,FALSE
SS1651634772197,CN,TD,triads,茶杯,tax_match,TRUE
SS1651634772197,CN,TD,triads,碗,tax_match,FALSE
SS1651634772197,CN,TD,triads,老师,tax_match,FALSE
SS1651634772197,CN,TD,triads,连衣裙,tax_match,FALSE
SS1651634772197,CN,TD,triads,靴子,tax_match,FALSE
SS1651634772197,CN,TD,triads,飞机,tax_match,FALSE
SS1651634772197,CN,TD,triads,锯子,tax_match,FALSE
SS1651634772197,CN,TD,triads,大象,tax_match,FALSE
SS1651634772197,CN,TD,triads,山羐,tax_match,FALSE
SS1651636059839,CN,TD,triads,腿,tax_match,FALSE
SS1651636059839,CN,TD,triads,草稿本,tax_match,TRUE
SS1651636059839,CN,TD,triads,婚戒,tax_match,FALSE
SS1651636059839,CN,TD,triads,勺子,tax_match,TRUE
SS1651636059839,CN,TD,triads,连衣裙,tax_match,FALSE
SS1651636059839,CN,TD,triads,山羊,tax_match,FALSE
SS1651636059839,CN,TD,triads,鸽子,tax_match,FALSE
SS1651637972613,CN,TD,triads,腿,tax_match,FALSE
SS1651637972613,CN,TD,triads,草稿本,tax_match,TRUE
SS1651637972613,CN,TD,triads,婚戒,tax_match,FALSE
SS1651637972613,CN,TD,triads,靴子,tax_match,FALSE
SS1651637972613,CN,TD,triads,飞机,tax_match,TRUE
SS1651637972613,CN,TD,triads,锯子,tax_match,FALSE
SS1651637972613,CN,TD,triads,大象,tax_match,TRUE
SS1651637972613,CN,TD,triads,山羊,tax_match,TRUE
SS1651642739005,CN,TD,triads,腿,tax_match,FALSE
SS1651642739005,CN,TD,triads,婚戒,tax_match,FALSE
SS1651642739005,CN,TD,triads,勺子,tax_match,FALSE
SS1651642739005,CN,TD,triads,连衣裙,tax_match,FALSE
SS1651642739005,CN,TD,triads,锯子,tax_match,FALSE
SS1651642739005,CN,TD,triads,大象,tax_match,FALSE
SS1651642739005,CN,TD,triads,山羊,tax_match,FALSE
SS1651644576691,CN,TD,triads,腿,tax_match,FALSE
SS1651644576691,CN,TD,triads,婚戒,tax_match,FALSE
SS1651644576691,CN,TD,triads,勺子,tax_match,TRUE
SS1651644576691,CN,TD,triads,碗,tax_match,TRUE
SS1651644576691,CN,TD,triads,靴子,tax_match,FALSE
SS1651644576691,CN,TD,triads,飞机,tax_match,TRUE
SS1651644576691,CN,TD,triads,大象,tax_match,FALSE
SS1651645903803,CN,TD,triads,蜜蜂,tax_match,FALSE
SS1651645903803,CN,TD,triads,草稿本,tax_match,TRUE
SS1651645903803,CN,TD,triads,婚戒,tax_match,FALSE
SS1651645903803,CN,TD,triads,勺子,tax_match,FALSE
SS1651645903803,CN,TD,triads,碗,tax_match,FALSE
SS1651645903803,CN,TD,triads,老师,tax_match,FALSE
SS1651645903803,CN,TD,triads,靴子,tax_match,FALSE
SS1651645903803,CN,TD,triads,大象,tax_match,FALSE
SS1651645903803,CN,TD,triads,鸽子,tax_match,FALSE
SS1651648364635,CN,TD,triads,蜜蜂,tax_match,FALSE
SS1651648364635,CN,TD,triads,勺子,tax_match,TRUE
SS1651648364635,CN,TD,triads,老师,tax_match,FALSE
SS1651648364635,CN,TD,triads,靴子,tax_match,FALSE
SS1651648364635,CN,TD,triads,飞机,tax_match,TRUE
SS1651648364635,CN,TD,triads,锯子,tax_match,FALSE
SS1651648364635,CN,TD,triads,鸽子,tax_match,FALSE
SS1651649525276,CN,TD,triads,草稿本,tax_match,TRUE
SS1651649525276,CN,TD,triads,勺子,tax_match,TRUE
SS1651649525276,CN,TD,triads,碗,tax_match,TRUE
SS1651649525276,CN,TD,triads,连衣裙,tax_match,TRUE
SS1651649525276,CN,TD,triads,飞机,tax_match,FALSE
SS1651649525276,CN,TD,triads,山羊,tax_match,FALSE
SS1651652206023,CN,TD,triads,蜜蜂,tax_match,FALSE
SS1651652206023,CN,TD,triads,腿,tax_match,FALSE
SS1651652206023,CN,TD,triads,草稿本,tax_match,TRUE
SS1651652206023,CN,TD,triads,勺子,tax_match,TRUE
SS1651652206023,CN,TD,triads,碗,tax_match,TRUE
SS1651652206023,CN,TD,triads,飞歐,tax_match,FALSE
SS1651652206023,CN,TD,triads,大象,tax_match,FALSE
SS1651652979760,CN,TD,triads,腿,tax_match,FALSE
SS1651652979760,CN,TD,triads,茶杯,tax_match,FALSE
SS1651652979760,CN,TD,triads,勺子,tax_match,TRUE
SS1651652979760,CN,TD,triads,碗,tax_match,FALSE
SS1651652979760,CN,TD,triads,老师,tax_match,TRUE
SS1651652979760,CN,TD,triads,锯子,tax_match,FALSE
SS1651652979760,CN,TD,triads,鸽子,tax_match,FALSE
SS1651654468673,CN,TD,triads,腿,tax_match,TRUE
SS1651654468673,CN,TD,triads,草稿本,tax_match,TRUE
SS1651654468673,CN,TD,triads,茶杯,tax_match,TRUE
SS1651654468673,CN,TD,triads,婚戒,tax_match,TRUE
SS1651654468673,CN,TD,triads,勺子,tax_match,TRUE
SS1651654468673,CN,TD,triads,靴子,tax_match,TRUE
SS1651654468673,CN,TD,triads,大象,tax_match,TRUE
SS1651654992618,CN,TD,triads,草稿本,tax_match,TRUE
SS1651654992618,CN,TD,triads,婚戒,tax_match,FALSE
SS1651654992618,CN,TD,triads,靴子,tax_match,FALSE
SS1651654992618,CN,TD,triads,飞机,tax_match,FALSE
SS1651654992618,CN,TD,triads,山羊,tax_match,FALSE
SS1651655612985,CN,TD,triads,腿,tax_match,FALSE
SS1651655612985,CN,TD,triads,草稿本,tax_match,TRUE
SS1651655612985,CN,TD,triads,婚戒,tax_match,FALSE
SS1651655612985,CN,TD,triads,勺子,tax_match,TRUE
SS1651655612985,CN,TD,triads,碗,tax_match,TRUE
SS1651655612985,CN,TD,triads,连衣裙,tax_match,TRUE
SS1651655612985,CN,TD,triads,靴子,tax_match,FALSE
SS1651655612985,CN,TD,triads,飞机,tax_match,FALSE
SS1651655612985,CN,TD,triads,茶杯,tax_match,TRUE
SS1651655612985,CN,TD,triads,山羊,tax_match,FALSE
SS1651660777144,CN,TD,triads,蜜蜂,tax_match,FALSE
SS1651660777144,CN,TD,triads,腿,tax_match,FALSE
SS1651660777144,CN,TD,triads,草稿本,tax_match,TRUE
SS1651660777144,CN,TD,triads,茶杯,tax_match,FALSE
SS1651660777144,CN,TD,triads,婚戒,tax_match,FALSE
SS1651660777144,CN,TD,triads,勺子,tax_match,TRUE
SS1651660777144,CN,TD,triads,碗,tax_match,TRUE
SS1651660777144,CN,TD,triads,老师,tax_match,FALSE
SS1651660777144,CN,TD,triads,锯子,tax_match,FALSE
SS1651660777144,CN,TD,triads,大象,tax_match,FALSE
SS1651661370426,CN,TD,triads,老师,tax_match,FALSE
SS1651661370426,CN,TD,triads,靴子,tax_match,FALSE
SS1651661370426,CN,TD,triads,靴子,tax_match,FALSE
SS1651661370426,CN,TD,triads,大象,tax_match,FALSE
SS1651661370426,CN,TD,triads,鸽子,tax_match,FALSE
SS1651662575870,CN,TD,triads,婚戒,tax_match,TRUE
SS1651662575870,CN,TD,triads,勺子,tax_match,TRUE
SS1651662575870,CN,TD,triads,老子,tax_match,TRUE
SS1651662575870,CN,TD,triads,连衣裙,tax_match,TRUE
SS1651662575870,CN,TD,triads,锯子,tax_match,FALSE
SS1651662575870,CN,TD,triads,山羊,tax_match,FALSE
SS1651662575870,CN,TD,triads,鸽子,tax_match,FALSE
SS1651663394470,CN,TD,triads,腿,tax_match,TRUE
SS1651663394470,CN,TD,triads,草稿本,tax_match,TRUE
SS1651663394470,CN,TD,triads,老师,tax_match,TRUE
SS1651663394470,CN,TD,triads,碗,tax_match,TRUE
SS1651663394470,CN,TD,triads,靴子,tax_match,TRUE
SS1651663394470,CN,TD,triads,飞机,tax_match,TRUE
SS1651663394470,CN,TD,triads,锯子,tax_match,FALSE
SS1651663394470,CN,TD,triads,山羊,tax_match,TRUE
SS1651664105704,CN,TD,triads,腿,tax_match,TRUE
SS1651664105704,CN,TD,triads,草稿本,tax_match,TRUE
SS1651664105704,CN,TD,triads,茶杯,tax_match,FALSE
SS1651664105704,CN,TD,triads,婚戒,tax_match,FALSE
SS1651664105704,CN,TD,triads,碗,tax_match,FALSE
SS1651664105704,CN,TD,triads,连衣裙,tax_match,TRUE
SS1651664105704,CN,TD,triads,大象,tax_match,TRUE
SS1651665034176,CN,TD,triads,勺子,tax_match,TRUE
SS1651665034176,CN,TD,triads,老师,tax_match,FALSE
SS1651665034176,CN,TD,triads,连衣裙,tax_match,TRUE
SS1651665034176,CN,TD,triads,靴子,tax_match,TRUE
SS1651665034176,CN,TD,triads,山羊,tax_match,TRUE
SS1651666650135,CN,TD,triads,蜜蜂,tax_match,TRUE
SS1651666650135,CN,TD,triads,草稿本,tax_match,TRUE
SS1651666650135,CN,TD,triads,茶杯,tax_match,TRUE
SS1651666650135,CN,TD,triads,碗,tax_match,TRUE
SS1651666650135,CN,TD,triads,老师,tax_match,TRUE
SS1651666650135,CN,TD,triads,飞机,tax_match,TRUE
SS1651666650135,CN,TD,triads,锯子,tax_match,FALSE
SS1651669607417,CN,TD,triads,腿,tax_match,FALSE
SS1651669607417,CN,TD,triads,婚戒,tax_match,FALSE
SS1651669607417,CN,TD,triads,碗,tax_match,FALSE
SS1651669607417,CN,TD,triads,连衣裙,tax_match,FALSE
SS1651669607417,CN,TD,triads,锯子,tax_match,FALSE
SS1651669607417,CN,TD,triads,山羊,tax_match,FALSE
SS1651669607417,CN,TD,triads,鸽子,tax_match,TRUE
SS1651669856701,CN,TD,triads,草稿本,tax_match,FALSE
SS1651669856701,CN,TD,triads,茶杯,tax_match,TRUE
SS1651669856701,CN,TD,triads,婚戒,tax_match,FALSE
SS1651669856701,CN,TD,triads,碗,tax_match,TRUE
SS1651669856701,CN,TD,triads,老师,tax_match,TRUE
SS1651669856701,CN,TD,triads,靴子,tax_match,FALSE
SS1651669856701,CN,TD,triads,飞机,tax_match,TRUE
SS1651672824225,CN,TD,triads,茶杯,tax_match,TRUE
SS1651672824225,CN,TD,triads,碗,tax_match,FALSE
SS1651672824225,CN,TD,triads,连衣裙,tax_match,FALSE
SS1651672824225,CN,TD,triads,靴子,tax_match,FALSE
SS1651672824225,CN,TD,triads,飞机,tax_match,TRUE
SS1651672824225,CN,TD,triads,山羊,tax_match,TRUE
SS1651672824225,CN,TD,triads,鸽子,tax_match,FALSE
SS1651674999028,CN,TD,triads,蜜蜂,tax_match,TRUE
SS1651674999028,CN,TD,triads,草稿本,tax_match,TRUE
SS1651674999028,CN,TD,triads,茶杯,tax_match,TRUE
SS1651674999028,CN,TD,triads,婚戒,tax_match,TRUE
SS1651674999028,CN,TD,triads,老师,tax_match,TRUE
SS1651674999028,CN,TD,triads,连衣裙,tax_match,TRUE
SS1651674999028,CN,TD,triads,飞机,tax_match,TRUE
SS1651674999028,CN,TD,triads,锯子,tax_match,FALSE
SS1651675575564,CN,TD,triads,蜜蜂,tax_match,FALSE
SS1651675575564,CN,TD,triads,腿,tax_match,FALSE
SS1651675575564,CN,TD,triads,草稿本,tax_match,FALSE
SS1651675575564,CN,TD,triads,婚戒,tax_match,FALSE
SS1651675575564,CN,TD,triads,连衣裙,tax_match,FALSE
SS1651675575564,CN,TD,triads,飞机,tax_match,TRUE
SS1651675575564,CN,TD,triads,鸽子,tax_match,FALSE
SS1651675739437,CN,TD,triads,蜜蜂,tax_match,FALSE
SS1651675739437,CN,TD,triads,腿,tax_match,FALSE
SS1651675739437,CN,TD,triads,草稿本,tax_match,TRUE
SS1651675739437,CN,TD,triads,茶杯,tax_match,FALSE
SS1651675739437,CN,TD,triads,婚戒,tax_match,FALSE
SS1651675739437,CN,TD,triads,勺子,tax_match,FALSE
SS1651675739437,CN,TD,triads,碗,tax_match,FALSE
SS1651675739437,CN,TD,triads,老师,tax_match,FALSE
SS1651675739437,CN,TD,triads,鸽子,tax_match,FALSE
SS1651682617757,CN,TD,triads,婚戒,tax_match,FALSE
SS1651682617757,CN,TD,triads,草稿本,tax_match,TRUE
SS1651682617757,CN,TD,triads,勺子,tax_match,TRUE
SS1651682617757,CN,TD,triads,碗,tax_match,TRUE
SS1651682617757,CN,TD,triads,老师,tax_match,TRUE
SS1651682617757,CN,TD,triads,连衣裙,tax_match,TRUE
SS1651682617757,CN,TD,triads,飞机,tax_match,TRUE
SS1651682617757,CN,TD,triads,鸽子,tax_match,FALSE
SS1651705155608,CN,TD,triads,茶杯,tax_match,FALSE
SS1651705155608,CN,TD,triads,婚戒,tax_match,FALSE
SS1651705155608,CN,TD,triads,勺子,tax_match,TRUE
SS1651705155608,CN,TD,triads,碗,tax_match,TRUE
SS1651705155608,CN,TD,triads,老师,tax_match,FALSE
SS1651705155608,CN,TD,triads,连衣裙,tax_match,FALSE
SS1651705155608,CN,TD,triads,山羊,tax_match,FALSE
SS1651705155608,CN,TD,triads,鸽子,tax_match,FALSE
SS1651713128281,CN,TD,triads,腿,tax_match,FALSE
SS1651713128281,CN,TD,triads,草稿本,tax_match,TRUE
SS1651713128281,CN,TD,triads,婚戒,tax_match,FALSE
SS1651713128281,CN,TD,triads,飞机,tax_match,TRUE
SS1651713128281,CN,TD,triads,大象,tax_match,TRUE
SS1651713128281,CN,TD,triads,鸽子,tax_match,TRUE
SS1651721379726,CN,TD,triads,蜜蜂,tax_match,FALSE
SS1651721379726,CN,TD,triads,腿,tax_match,TRUE
SS1651721379726,CN,TD,triads,茶杯,tax_match,TRUE
SS1651721379726,CN,TD,triads,靴子,tax_match,FALSE
SS1651721379726,CN,TD,triads,飞机,tax_match,TRUE
SS1651721379726,CN,TD,triads,锯子,tax_match,FALSE
SS1651721379726,CN,TD,triads,大象,tax_match,TRUE
SS1651721379726,CN,TD,triads,山羊,tax_match,FALSE
SS1651724542208,CN,TD,triads,茶杯,tax_match,FALSE
SS1651724542208,CN,TD,triads,勺子,tax_match,TRUE
SS1651724542208,CN,TD,triads,老师,tax_match,FALSE
SS1651724542208,CN,TD,triads,连衣裙,tax_match,FALSE
SS1651724542208,CN,TD,triads,锯子,tax_match,FALSE
SS1651724542208,CN,TD,triads,大象,tax_match,FALSE
SS1651726203467,CN,TD,triads,蜜蜂,tax_match,FALSE
SS1651726203467,CN,TD,triads,婚戒,tax_match,FALSE
SS1651726203467,CN,TD,triads,锯子,tax_match,TRUE
SS1651726203467,CN,TD,triads,碗,tax_match,TRUE
SS1651726203467,CN,TD,triads,老师,tax_match,FALSE
SS1651726203467,CN,TD,triads,连衣裙,tax_match,FALSE
SS1651726203467,CN,TD,triads,靴子,tax_match,FALSE
SS1651726203467,CN,TD,triads,飞机,tax_match,TRUE
SS1651727116955,CN,TD,triads,草稿本,tax_match,FALSE
SS1651727116955,CN,TD,triads,勺子,tax_match,TRUE
SS1651727116955,CN,TD,triads,碗,tax_match,FALSE
SS1651727116955,CN,TD,triads,连衣裙,tax_match,FALSE
SS1651727116955,CN,TD,triads,靴子,tax_match,FALSE
SS1651727116955,CN,TD,triads,锯子,tax_match,FALSE
SS1651727116955,CN,TD,triads,山羊,tax_match,FALSE
SS1651727116955,CN,TD,triads,鸽子,tax_match,FALSE
SS1651727696486,CN,TD,triads,草稿本,tax_match,FALSE
SS1651727696486,CN,TD,triads,勺子,tax_match,TRUE
SS1651727696486,CN,TD,triads,老师,tax_match,FALSE
SS1651727696486,CN,TD,triads,鸽子,tax_match,FALSE
SS1651727696486,CN,TD,triads,鸽子,tax_match,FALSE
SS1651728177417,CN,TD,triads,腿,tax_match,FALSE
SS1651728177417,CN,TD,triads,连衣裙,tax_match,FALSE
SS1651728177417,CN,TD,triads,茶杯,tax_match,FALSE
SS1651728177417,CN,TD,triads,唺子,tax_match,TRUE
SS1651728177417,CN,TD,triads,飞机,tax_match,FALSE
SS1651728177417,CN,TD,triads,大象,tax_match,FALSE
SS1651728177417,CN,TD,triads,鸽子,tax_match,FALSE
SS1651729682124,CN,TD,triads,蜜蜂,tax_match,FALSE
SS1651729682124,CN,TD,triads,茶杯,tax_match,TRUE
SS1651729682124,CN,TD,triads,碗,tax_match,TRUE
SS1651729682124,CN,TD,triads,连衣裙,tax_match,TRUE
SS1651729682124,CN,TD,triads,锯子,tax_match,FALSE
SS1651729682124,CN,TD,triads,大象,tax_match,FALSE
SS1651729682124,CN,TD,triads,山羊,tax_match,FALSE
SS1651729682124,CN,TD,triads,鸽子,tax_match,TRUE
SS1651729792731,CN,TD,triads,蜜蜂,tax_match,FALSE
SS1651729792731,CN,TD,triads,腿,tax_match,FALSE
SS1651729792731,CN,TD,triads,婚戒,tax_match,FALSE
SS1651729792731,CN,TD,triads,碗,tax_match,FALSE
SS1651729792731,CN,TD,triads,蜜蜂,tax_match,FALSE
SS1651729792731,CN,TD,triads,锯子,tax_match,FALSE
SS1651729792731,CN,TD,triads,山羊,tax_match,FALSE
SS1651731235827,CN,TD,triads,腿,tax_match,FALSE
SS1651731235827,CN,TD,triads,茶杯,tax_match,FALSE
SS1651731235827,CN,TD,triads,婚戒,tax_match,TRUE
SS1651731235827,CN,TD,triads,勺子,tax_match,TRUE
SS1651731235827,CN,TD,triads,老师,tax_match,FALSE
SS1651731235827,CN,TD,triads,靴子,tax_match,TRUE
SS1651731235827,CN,TD,triads,勺子,tax_match,FALSE
SS1651732296508,CN,TD,triads,蜜蜂,tax_match,FALSE
SS1651732296508,CN,TD,triads,腿,tax_match,TRUE
SS1651732296508,CN,TD,triads,草稿本,tax_match,TRUE
SS1651732296508,CN,TD,triads,茶杯,tax_match,FALSE
SS1651732296508,CN,TD,triads,鸽子,tax_match,FALSE
SS1651732296508,CN,TD,triads,连衣裙,tax_match,FALSE
SS1651732296508,CN,TD,triads,锯子,tax_match,FALSE
SS1651732296508,CN,TD,triads,老师,tax_match,FALSE
SS1651737005457,CN,TD,triads,蜜蜂,tax_match,TRUE
SS1651737005457,CN,TD,triads,碗,tax_match,TRUE
SS1651737005457,CN,TD,triads,老师,tax_match,TRUE
SS1651737005457,CN,TD,triads,连衣裙,tax_match,TRUE
SS1651737005457,CN,TD,triads,茶杯,tax_match,TRUE
SS1651737005457,CN,TD,triads,唺子,tax_match,FALSE
SS1651737005457,CN,TD,triads,鸽子,tax_match,TRUE
SS1651737139245,CN,TD,triads,蜜蜂,tax_match,FALSE
SS1651737139245,CN,TD,triads,腿,tax_match,FALSE
SS1651737139245,CN,TD,triads,草稿本,tax_match,TRUE
SS1651737139245,CN,TD,triads,勺子,tax_match,TRUE
SS1651737139245,CN,TD,triads,老师,tax_match,FALSE
SS1651737139245,CN,TD,triads,连衣裙,tax_match,FALSE
SS1651737139245,CN,TD,triads,靴子,tax_match,FALSE
SS1651737139245,CN,TD,triads,锯子,tax_match,FALSE
SS1651737139245,CN,TD,triads,山羊,tax_match,FALSE
SS1651739183035,CN,TD,triads,腿,tax_match,TRUE
SS1651739183035,CN,TD,triads,飞,tax_match,TRUE
SS1651739183035,CN,TD,triads,靴子,tax_match,FALSE
SS1651739183035,CN,TD,triads,飞机,tax_match,FALSE
SS1651739183035,CN,TD,triads,锯子,tax_match,FALSE
SS1651739183035,CN,TD,triads,大象,tax_match,FALSE
SS1651739183035,CN,TD,triads,鸽子,tax_match,FALSE
SS1651740018095,CN,TD,triads,草稿本,tax_match,TRUE
SS1651740018095,CN,TD,triads,茶杯,tax_match,FALSE
SS1651740018095,CN,TD,triads,婚戒,tax_match,FALSE
SS1651740018095,CN,TD,triads,勺子,tax_match,TRUE
SS1651740018095,CN,TD,triads,靴子,tax_match,FALSE
SS1651740018095,CN,TD,triads,飞机,tax_match,FALSE
SS1651740018095,CN,TD,triads,大象,tax_match,TRUE
SS1651742060593,CN,TD,triads,蜜蜂,tax_match,FALSE
SS1651742060593,CN,TD,triads,茶杯,tax_match,FALSE
SS1651742060593,CN,TD,triads,婚戒,tax_match,TRUE
SS1651742060593,CN,TD,triads,勺子,tax_match,TRUE
SS1651742060593,CN,TD,triads,碗,tax_match,TRUE
SS1651742060593,CN,TD,triads,飞机,tax_match,FALSE
SS1651742060593,CN,TD,triads,大象,tax_match,FALSE
SS1651742060593,CN,TD,triads,山羊,tax_match,FALSE
SS1651742060593,CN,TD,triads,鸽子,tax_match,FALSE
SS1651743246534,CN,TD,triads,腿,tax_match,FALSE
SS1651743246534,CN,TD,triads,草稿本,tax_match,TRUE
SS1651743246534,CN,TD,triads,婚戒,tax_match,FALSE
SS1651743246534,CN,TD,triads,勺子,tax_match,TRUE
SS1651743246534,CN,TD,triads,碗,tax_match,FALSE
SS1651743246534,CN,TD,triads,连衣裙,tax_match,FALSE
SS1651743246534,CN,TD,triads,锯子,tax_match,FALSE
SS1651743246534,CN,TD,triads,山羊,tax_match,FALSE
SS1651744688510,CN,TD,triads,蜜蜂,tax_match,FALSE
SS1651744688510,CN,TD,triads,腿,tax_match,FALSE
SS1651744688510,CN,TD,triads,草稿本,tax_match,TRUE
SS1651744688510,CN,TD,triads,茶杯,tax_match,FALSE
SS1651744688510,CN,TD,triads,勺子,tax_match,TRUE
SS1651744688510,CN,TD,triads,老师,tax_match,FALSE
SS1651744688510,CN,TD,triads,靴子,tax_match,FALSE
SS1651744688510,CN,TD,triads,飞机,tax_match,FALSE
SS1651744688510,CN,TD,triads,山羊,tax_match,FALSE
SS1651744688510,CN,TD,triads,鸽子,tax_match,FALSE
SS1651744829480,CN,TD,triads,腿,tax_match,TRUE
SS1651744829480,CN,TD,triads,草稿本,tax_match,TRUE
SS1651744829480,CN,TD,triads,婚戒,tax_match,TRUE
SS1651744829480,CN,TD,triads,勺子,tax_match,TRUE
SS1651744829480,CN,TD,triads,连衣裙,tax_match,TRUE
SS1651744829480,CN,TD,triads,靴子,tax_match,TRUE
SS1651744829480,CN,TD,triads,飞机,tax_match,TRUE
SS1651744829480,CN,TD,triads,大象,tax_match,TRUE
SS1651747335475,CN,TD,triads,腿,tax_match,FALSE
SS1651747335475,CN,TD,triads,婚戒,tax_match,FALSE
SS1651747335475,CN,TD,triads,连衣裙,tax_match,FALSE
SS1651747335475,CN,TD,triads,大象,tax_match,FALSE
SS1651747335475,CN,TD,triads,山羊,tax_match,FALSE
SS1651747335475,CN,TD,triads,鸽子,tax_match,FALSE
SS1651748703908,CN,TD,triads,蜜蜂,tax_match,FALSE
SS1651748703908,CN,TD,triads,腿,tax_match,FALSE
SS1651748703908,CN,TD,triads,草稿本,tax_match,TRUE
SS1651748703908,CN,TD,triads,茶杯,tax_match,TRUE
SS1651748703908,CN,TD,triads,老师,tax_match,FALSE
SS1651748703908,CN,TD,triads,连衣裙,tax_match,FALSE
SS1651748703908,CN,TD,triads,山羊,tax_match,FALSE
SS1651748703908,CN,TD,triads,鸽子,tax_match,FALSE
SS1651751338853,CN,TD,triads,蜜蜂,tax_match,FALSE
SS1651751338853,CN,TD,triads,婚戒,tax_match,TRUE
SS1651751338853,CN,TD,triads,勺子,tax_match,TRUE
SS1651751338853,CN,TD,triads,老师,tax_match,TRUE
SS1651751338853,CN,TD,triads,连衣裙,tax_match,TRUE
SS1651751338853,CN,TD,triads,靴子,tax_match,TRUE
SS1651751338853,CN,TD,triads,飞机,tax_match,TRUE
SS1651751338853,CN,TD,triads,锯子,tax_match,FALSE
SS1651751338853,CN,TD,triads,大象,tax_match,FALSE
SS1651751579584,CN,TD,triads,蜜蜂,tax_match,TRUE
SS1651751579584,CN,TD,triads,草稿本,tax_match,TRUE
SS1651751579584,CN,TD,triads,茶杯,tax_match,TRUE
SS1651751579584,CN,TD,triads,勺子,tax_match,TRUE
SS1651751579584,CN,TD,triads,连衣裙,tax_match,TRUE
SS1651751579584,CN,TD,triads,靴子,tax_match,FALSE
SS1651751579584,CN,TD,triads,锯子,tax_match,FALSE
SS1651751579584,CN,TD,triads,茶杯,tax_match,TRUE
SS1651761786814,CN,TD,triads,蜜蜂,tax_match,FALSE
SS1651761786814,CN,TD,triads,草稿本,tax_match,TRUE
SS1651761786814,CN,TD,triads,茶杯,tax_match,TRUE
SS1651761786814,CN,TD,triads,婚戒,tax_match,FALSE
SS1651761786814,CN,TD,triads,勺子,tax_match,TRUE
SS1651761786814,CN,TD,triads,碗,tax_match,FALSE
SS1651761786814,CN,TD,triads,老师,tax_match,FALSE
SS1651761786814,CN,TD,triads,靴子,tax_match,FALSE
SS1651761786814,CN,TD,triads,锯子,tax_match,FALSE
SS1651761786814,CN,TD,triads,大象,tax_match,FALSE
SS1651761786814,CN,TD,triads,山羊,tax_match,FALSE
SS1651762141455,CN,TD,triads,蜜蜂,tax_match,FALSE
SS1651762141455,CN,TD,triads,茶杯,tax_match,FALSE
SS1651762141455,CN,TD,triads,婚戒,tax_match,FALSE
SS1651762141455,CN,TD,triads,老师,tax_match,FALSE
SS1651762141455,CN,TD,triads,靴子,tax_match,FALSE
SS1651762141455,CN,TD,triads,大象,tax_match,FALSE
SS1651762141455,CN,TD,triads,鸽子,tax_match,FALSE
SS1651763037034,CN,TD,triads,蜜蜂,tax_match,FALSE
SS1651763037034,CN,TD,triads,腿,tax_match,FALSE
SS1651763037034,CN,TD,triads,草稿本,tax_match,TRUE
SS1651763037034,CN,TD,triads,茶杯,tax_match,FALSE
SS1651763037034,CN,TD,triads,勺子,tax_match,TRUE
SS1651763037034,CN,TD,triads,连衣裙,tax_match,FALSE
SS1651763037034,CN,TD,triads,大象,tax_match,FALSE
SS1651763037034,CN,TD,triads,山羊,tax_match,FALSE
SS1651763037034,CN,TD,triads,鸽子,tax_match,TRUE
SS1651764193629,CN,TD,triads,碗,tax_match,FALSE
SS1651764193629,CN,TD,triads,茶杯,tax_match,FALSE
SS1651764193629,CN,TD,triads,婚戒,tax_match,FALSE
SS1651764193629,CN,TD,triads,勺子,tax_match,TRUE
SS1651764193629,CN,TD,triads,连衣裙,tax_match,FALSE
SS1651764193629,CN,TD,triads,飞机,tax_match,FALSE
SS1651764193629,CN,TD,triads,锯子,tax_match,FALSE
SS1651764193629,CN,TD,triads,大象,tax_match,FALSE
SS1651764193629,CN,TD,triads,山羊,tax_match,FALSE
SS1651765169248,CN,TD,triads,鸽子,tax_match,FALSE
SS1651765169248,CN,TD,triads,草稿本,tax_match,TRUE
SS1651765169248,CN,TD,triads,茶杯,tax_match,TRUE
SS1651765169248,CN,TD,triads,婚戒,tax_match,FALSE
SS1651765169248,CN,TD,triads,勺子,tax_match,TRUE
SS1651765169248,CN,TD,triads,连衣裙,tax_match,FALSE
SS1651765169248,CN,TD,triads,靴子,tax_match,FALSE
SS1651765169248,CN,TD,triads,飞机,tax_match,FALSE
SS1651765169248,CN,TD,triads,山羊,tax_match,FALSE
SS1651765169248,CN,TD,triads,鸽子,tax_match,FALSE
SS1651765469703,CN,TD,triads,腿,tax_match,TRUE
SS1651765469703,CN,TD,triads,草稿本,tax_match,TRUE
SS1651765469703,CN,TD,triads,婚戒,tax_match,FALSE
SS1651765469703,CN,TD,triads,勺子,tax_match,TRUE
SS1651765469703,CN,TD,triads,靴子,tax_match,FALSE
SS1651765469703,CN,TD,triads,飞机,tax_match,FALSE
SS1651765469703,CN,TD,triads,大象,tax_match,TRUE
SS1651765469703,CN,TD,triads,鸽子,tax_match,FALSE
SS1651765894743,CN,TD,triads,蜜蜂,tax_match,TRUE
SS1651765894743,CN,TD,triads,腿,tax_match,FALSE
SS1651765894743,CN,TD,triads,茶杯,tax_match,TRUE
SS1651765894743,CN,TD,triads,大象,tax_match,TRUE
SS1651765894743,CN,TD,triads,山羊,tax_match,FALSE
SS1651765894743,CN,TD,triads,鸽子,tax_match,FALSE
SS1651765911820,CN,TD,triads,苿,tax_match,FALSE
SS1651765911820,CN,TD,triads,山羊,tax_match,TRUE
SS1651765911820,CN,TD,triads,婚戒,tax_match,FALSE
SS1651765911820,CN,TD,triads,勺子,tax_match,FALSE
SS1651765911820,CN,TD,triads,连衣裙,tax_match,FALSE
SS1651765911820,CN,TD,triads,靴子,tax_match,FALSE
SS1651765911820,CN,TD,triads,飞机,tax_match,TRUE
SS1651765911820,CN,TD,triads,锯子,tax_match,FALSE
SS1651765911820,CN,TD,triads,鸽子,tax_match,FALSE
SS1651767555827,CN,TD,triads,蜜蜂,tax_match,TRUE
SS1651767555827,CN,TD,triads,锯子,tax_match,TRUE
SS1651767555827,CN,TD,triads,连衣裙,tax_match,TRUE
SS1651767555827,CN,TD,triads,靴子,tax_match,TRUE
SS1651767555827,CN,TD,triads,飞机,tax_match,TRUE
SS1651767555827,CN,TD,triads,大象,tax_match,TRUE
SS1651767555827,CN,TD,triads,山羊,tax_match,TRUE
SS1651769304707,CN,TD,triads,蜜蜂,tax_match,TRUE
SS1651769304707,CN,TD,triads,腿,tax_match,TRUE
SS1651769304707,CN,TD,triads,茶杯,tax_match,TRUE
SS1651769304707,CN,TD,triads,婚戒,tax_match,TRUE
SS1651769304707,CN,TD,triads,碗,tax_match,FALSE
SS1651769304707,CN,TD,triads,大象,tax_match,TRUE
SS1651769304707,CN,TD,triads,山羊,tax_match,TRUE
SS1651771465459,CN,TD,triads,勺子,tax_match,TRUE
SS1651771465459,CN,TD,triads,碗,tax_match,FALSE
SS1651771465459,CN,TD,triads,连衣裙,tax_match,FALSE
SS1651771465459,CN,TD,triads,飞机,tax_match,FALSE
SS1651771465459,CN,TD,triads,大象,tax_match,FALSE
SS1651783487150,CN,TD,triads,蜜蜂,tax_match,TRUE
SS1651783487150,CN,TD,triads,腿,tax_match,FALSE
SS1651783487150,CN,TD,triads,草稿本,tax_match,TRUE
SS1651783487150,CN,TD,triads,老师,tax_match,FALSE
SS1651783487150,CN,TD,triads,靴子,tax_match,FALSE
SS1651783487150,CN,TD,triads,锯子,tax_match,FALSE
SS1651798074227,CN,TD,triads,腿,tax_match,FALSE
SS1651798074227,CN,TD,triads,茶杯,tax_match,FALSE
SS1651798074227,CN,TD,triads,碗,tax_match,FALSE
SS1651798074227,CN,TD,triads,连衣裙,tax_match,FALSE
SS1651798074227,CN,TD,triads,靴子,tax_match,FALSE
SS1651798074227,CN,TD,triads,飞机,tax_match,TRUE
SS1651798074227,CN,TD,triads,锯子,tax_match,FALSE
SS1651798074227,CN,TD,triads,山羊,tax_match,FALSE
SS1651799596238,CN,TD,triads,婚戒,tax_match,TRUE
SS1651799596238,CN,TD,triads,老师,tax_match,TRUE
SS1651799596238,CN,TD,triads,连衣裙,tax_match,TRUE
SS1651799596238,CN,TD,triads,靴子,tax_match,TRUE
SS1651799596238,CN,TD,triads,飞机,tax_match,TRUE
SS1651799596238,CN,TD,triads,锯子,tax_match,FALSE
SS1651799596238,CN,TD,triads,大象,tax_match,TRUE
SS1651799596238,CN,TD,triads,山羊,tax_match,FALSE
SS1651799596238,CN,TD,triads,鸽子,tax_match,FALSE
SS1651802919199,CN,TD,triads,草稿本,tax_match,TRUE
SS1651802919199,CN,TD,triads,茶杯,tax_match,TRUE
SS1651802919199,CN,TD,triads,碗,tax_match,TRUE
SS1651802919199,CN,TD,triads,飞机,tax_match,FALSE
SS1651802919199,CN,TD,triads,大象,tax_match,FALSE
SS1651802919199,CN,TD,triads,山羊,tax_match,FALSE
SS1651802919199,CN,TD,triads,鸽子,tax_match,FALSE
SS1651804378273,CN,TD,triads,蜜蜂,tax_match,FALSE
SS1651804378273,CN,TD,triads,草稿本,tax_match,TRUE
SS1651804378273,CN,TD,triads,茶杯,tax_match,FALSE
SS1651804378273,CN,TD,triads,碗,tax_match,TRUE
SS1651804378273,CN,TD,triads,连衣裙,tax_match,TRUE
SS1651804378273,CN,TD,triads,锯子,tax_match,FALSE
SS1651804378273,CN,TD,triads,婚戒,tax_match,FALSE
SS1651804729362,CN,TD,triads,蜜蜂,tax_match,FALSE
SS1651804729362,CN,TD,triads,腿,tax_match,FALSE
SS1651804729362,CN,TD,triads,草稿本,tax_match,TRUE
SS1651804729362,CN,TD,triads,婚戒,tax_match,FALSE
SS1651804729362,CN,TD,triads,勺子,tax_match,TRUE
SS1651804729362,CN,TD,triads,老师,tax_match,FALSE
SS1651804729362,CN,TD,triads,靴子,tax_match,FALSE
SS1651804729362,CN,TD,triads,飞机,tax_match,FALSE
SS1651804729362,CN,TD,triads,锯子,tax_match,FALSE
SS1651804729362,CN,TD,triads,山羊,tax_match,FALSE
SS1651804768520,CN,TD,triads,蜜蜂,tax_match,TRUE
SS1651804768520,CN,TD,triads,腿,tax_match,FALSE
SS1651804768520,CN,TD,triads,草稿本,tax_match,TRUE
SS1651804768520,CN,TD,triads,茶杯,tax_match,TRUE
SS1651804768520,CN,TD,triads,碗,tax_match,FALSE
SS1651804768520,CN,TD,triads,锯子,tax_match,FALSE
SS1651804768520,CN,TD,triads,大象,tax_match,TRUE
SS1651804768520,CN,TD,triads,山羊,tax_match,TRUE
SS1651804768520,CN,TD,triads,鸽子,tax_match,TRUE
SS1651806183814,CN,TD,triads,腿,tax_match,FALSE
SS1651806183814,CN,TD,triads,茶杯,tax_match,FALSE
SS1651806183814,CN,TD,triads,婚戒,tax_match,FALSE
SS1651806183814,CN,TD,triads,勺子,tax_match,TRUE
SS1651806183814,CN,TD,triads,碗,tax_match,FALSE
SS1651806183814,CN,TD,triads,飞机,tax_match,FALSE
SS1651806183814,CN,TD,triads,大象,tax_match,FALSE
SS1651806183814,CN,TD,triads,山羊,tax_match,FALSE
SS1651807227958,CN,TD,triads,蜜蜂,tax_match,FALSE
SS1651807227958,CN,TD,triads,腿,tax_match,TRUE
SS1651807227958,CN,TD,triads,茶杯,tax_match,FALSE
SS1651807227958,CN,TD,triads,老师,tax_match,FALSE
SS1651807227958,CN,TD,triads,连衣裙,tax_match,FALSE
SS1651807227958,CN,TD,triads,靴子,tax_match,FALSE
SS1651807227958,CN,TD,triads,锯子,tax_match,FALSE
SS1651807227958,CN,TD,triads,大象,tax_match,TRUE
SS1651807227958,CN,TD,triads,山羊,tax_match,TRUE
SS1651807671427,CN,TD,triads,蜜蜂,tax_match,FALSE
SS1651807671427,CN,TD,triads,腿,tax_match,TRUE
SS1651807671427,CN,TD,triads,草稿本,tax_match,TRUE
SS1651807671427,CN,TD,triads,老师,tax_match,TRUE
SS1651807671427,CN,TD,triads,连衣裙,tax_match,FALSE
SS1651807671427,CN,TD,triads,锯子,tax_match,FALSE
SS1651807671427,CN,TD,triads,鸽子,tax_match,FALSE
SS1651809674248,CN,TD,triads,腿,tax_match,FALSE
SS1651809674248,CN,TD,triads,茶杯,tax_match,TRUE
SS1651809674248,CN,TD,triads,婚戒,tax_match,TRUE
SS1651809674248,CN,TD,triads,锯子,tax_match,FALSE
SS1651809674248,CN,TD,triads,大象,tax_match,FALSE
SS1651809674248,CN,TD,triads,鸽子,tax_match,TRUE
SS1651810536901,CN,TD,triads,腿,tax_match,FALSE
SS1651810536901,CN,TD,triads,婚戒,tax_match,TRUE
SS1651810536901,CN,TD,triads,碗,tax_match,TRUE
SS1651810536901,CN,TD,triads,老师,tax_match,FALSE
SS1651810536901,CN,TD,triads,连衣裙,tax_match,TRUE
SS1651810536901,CN,TD,triads,飞机,tax_match,FALSE
SS1651810766684,CN,TD,triads,蜜蜂,tax_match,FALSE
SS1651810766684,CN,TD,triads,草稿本,tax_match,TRUE
SS1651810766684,CN,TD,triads,苿,tax_match,TRUE
SS1651810766684,CN,TD,triads,连衣裙,tax_match,TRUE
SS1651810766684,CN,TD,triads,锯子,tax_match,FALSE
SS1651810766684,CN,TD,triads,勺子,tax_match,FALSE
SS1651811217708,CN,TD,triads,蜜蜂,tax_match,FALSE
SS1651811217708,CN,TD,triads,茶杯,tax_match,FALSE
SS1651811217708,CN,TD,triads,婚戒,tax_match,FALSE
SS1651811217708,CN,TD,triads,勺子,tax_match,TRUE
SS1651811217708,CN,TD,triads,老师,tax_match,FALSE
SS1651811217708,CN,TD,triads,连衣裙,tax_match,FALSE
SS1651811217708,CN,TD,triads,靴子,tax_match,FALSE
SS1651811217708,CN,TD,triads,锯子,tax_match,FALSE
SS1651811217708,CN,TD,triads,鸽子,tax_match,FALSE
SS1651812084324,CN,TD,triads,蜜蜂,tax_match,FALSE
SS1651812084324,CN,TD,triads,腿,tax_match,FALSE
SS1651812084324,CN,TD,triads,锯子,tax_match,FALSE
SS1651812084324,CN,TD,triads,鸽子,tax_match,TRUE
SS1651812084324,CN,TD,triads,茶杯,tax_match,FALSE
SS1651812084324,CN,TD,triads,锯子,tax_match,FALSE
SS1651812084324,CN,TD,triads,大象,tax_match,FALSE
SS1651812084324,CN,TD,triads,鸽子,tax_match,FALSE
SS1651813057402,CN,TD,triads,蜜蜂,tax_match,TRUE
SS1651813057402,CN,TD,triads,腿,tax_match,FALSE
SS1651813057402,CN,TD,triads,草稿本,tax_match,TRUE
SS1651813057402,CN,TD,triads,茶杯,tax_match,TRUE
SS1651813057402,CN,TD,triads,婚戒,tax_match,FALSE
SS1651813057402,CN,TD,triads,连衣裙,tax_match,TRUE
SS1651813057402,CN,TD,triads,山羊,tax_match,FALSE
SS1651813633535,CN,TD,triads,腿,tax_match,FALSE
SS1651813633535,CN,TD,triads,草稿本,tax_match,TRUE
SS1651813633535,CN,TD,triads,茶杯,tax_match,FALSE
SS1651813633535,CN,TD,triads,婚戒,tax_match,FALSE
SS1651813633535,CN,TD,triads,碗,tax_match,FALSE
SS1651813633535,CN,TD,triads,连衣裙,tax_match,FALSE
SS1651813633535,CN,TD,triads,飞机,tax_match,FALSE
SS1651813633535,CN,TD,triads,大象,tax_match,FALSE
SS1651818877028,CN,TD,triads,蜜蜂,tax_match,TRUE
SS1651818877028,CN,TD,triads,茶杯,tax_match,TRUE
SS1651818877028,CN,TD,triads,婚戒,tax_match,TRUE
SS1651818877028,CN,TD,triads,碗,tax_match,TRUE
SS1651818877028,CN,TD,triads,老师,tax_match,TRUE
SS1651818877028,CN,TD,triads,连衣裙,tax_match,TRUE
SS1651818877028,CN,TD,triads,飞机,tax_match,TRUE
SS1651818877028,CN,TD,triads,锯子,tax_match,FALSE
SS1651818877028,CN,TD,triads,山羊,tax_match,TRUE
SS1651819204055,CN,TD,triads,腿,tax_match,TRUE
SS1651819204055,CN,TD,triads,草稿本,tax_match,TRUE
SS1651819204055,CN,TD,triads,婚戒,tax_match,FALSE
SS1651819204055,CN,TD,triads,勺子,tax_match,FALSE
SS1651819204055,CN,TD,triads,老师,tax_match,FALSE
SS1651819204055,CN,TD,triads,连衣裙,tax_match,FALSE
SS1651819204055,CN,TD,triads,锯子,tax_match,FALSE
SS1651819204055,CN,TD,triads,大象,tax_match,FALSE
SS1651819204055,CN,TD,triads,山羊,tax_match,FALSE
SS1651821991579,CN,TD,triads,腿,tax_match,TRUE
SS1651821991579,CN,TD,triads,茶杯,tax_match,TRUE
SS1651821991579,CN,TD,triads,婚戒,tax_match,TRUE
SS1651821991579,CN,TD,triads,碗,tax_match,FALSE
SS1651821991579,CN,TD,triads,老师,tax_match,FALSE
SS1651821991579,CN,TD,triads,连衣裙,tax_match,TRUE
SS1651821991579,CN,TD,triads,靴子,tax_match,TRUE
SS1651821991579,CN,TD,triads,锯子,tax_match,FALSE
SS1651821991579,CN,TD,triads,大象,tax_match,TRUE
SS1651821991579,CN,TD,triads,山羊,tax_match,FALSE
SS1651821991579,CN,TD,triads,鸽子,tax_match,FALSE
SS1651822926317,CN,TD,triads,勺子,tax_match,TRUE
SS1651822926317,CN,TD,triads,碗,tax_match,TRUE
SS1651822926317,CN,TD,triads,靴子,tax_match,FALSE
SS1651822926317,CN,TD,triads,飞机,tax_match,FALSE
SS1651822926317,CN,TD,triads,锯子,tax_match,FALSE
SS1651822926317,CN,TD,triads,山羊,tax_match,FALSE
SS1651827681410,CN,TD,triads,草稿本,tax_match,TRUE
SS1651827681410,CN,TD,triads,茶杯,tax_match,FALSE
SS1651827681410,CN,TD,triads,婚戒,tax_match,FALSE
SS1651827681410,CN,TD,triads,勺子,tax_match,FALSE
SS1651827681410,CN,TD,triads,飞机,tax_match,FALSE
SS1651827681410,CN,TD,triads,锯子,tax_match,FALSE
SS1651827681410,CN,TD,triads,大象,tax_match,TRUE
SS1651827681410,CN,TD,triads,山羊,tax_match,FALSE
SS1651827681410,CN,TD,triads,鸽子,tax_match,FALSE
SS1651828791480,CN,TD,triads,蜜蜂,tax_match,FALSE
SS1651828791480,CN,TD,triads,腿,tax_match,TRUE
SS1651828791480,CN,TD,triads,婚戒,tax_match,TRUE
SS1651828791480,CN,TD,triads,勺子,tax_match,FALSE
SS1651828791480,CN,TD,triads,老师,tax_match,FALSE
SS1651828791480,CN,TD,triads,飞机,tax_match,FALSE
SS1651828791480,CN,TD,triads,山羊,tax_match,TRUE
SS1651828791480,CN,TD,triads,鸽子,tax_match,FALSE
SS1651835352625,CN,TD,triads,腿,tax_match,TRUE
SS1651835352625,CN,TD,triads,勺子,tax_match,TRUE
SS1651835352625,CN,TD,triads,碗,tax_match,TRUE
SS1651835352625,CN,TD,triads,老师,tax_match,TRUE
SS1651835352625,CN,TD,triads,锯子,tax_match,FALSE
SS1651835352625,CN,TD,triads,大象,tax_match,TRUE
SS1651835352625,CN,TD,triads,山羊,tax_match,TRUE
SS1651835352625,CN,TD,triads,鸽子,tax_match,TRUE
SS1651837328638,CN,TD,triads,茶杯,tax_match,TRUE
SS1651837328638,CN,TD,triads,勺子,tax_match,FALSE
SS1651837328638,CN,TD,triads,耴师,tax_match,FALSE
SS1651837328638,CN,TD,triads,大象,tax_match,TRUE
SS1651837328638,CN,TD,triads,鸽子,tax_match,TRUE
SS1651837445397,CN,TD,triads,蜜蜂,tax_match,FALSE
SS1651837445397,CN,TD,triads,锯子,tax_match,FALSE
SS1651837445397,CN,TD,triads,茶杯,tax_match,FALSE
SS1651837445397,CN,TD,triads,婚戒,tax_match,FALSE
SS1651837445397,CN,TD,triads,碗,tax_match,FALSE
SS1651837445397,CN,TD,triads,老师,tax_match,FALSE
SS1651837445397,CN,TD,triads,连衣裙,tax_match,FALSE
SS1651837445397,CN,TD,triads,靴子,tax_match,FALSE
SS1651837445397,CN,TD,triads,飞机,tax_match,FALSE
SS1651837445397,CN,TD,triads,锯子,tax_match,FALSE
SS1651837445397,CN,TD,triads,山羊,tax_match,FALSE
SS1651837683659,CN,TD,triads,草稿本,tax_match,TRUE
SS1651837683659,CN,TD,triads,婚戒,tax_match,FALSE
SS1651837683659,CN,TD,triads,碗,tax_match,FALSE
SS1651837683659,CN,TD,triads,老师,tax_match,FALSE
SS1651837683659,CN,TD,triads,连衣裙,tax_match,FALSE
SS1651837683659,CN,TD,triads,蜜蜂,tax_match,FALSE
SS1651837683659,CN,TD,triads,大象,tax_match,FALSE
SS1651837683659,CN,TD,triads,山羊,tax_match,FALSE
SS1651839455332,CN,TD,triads,蜜蜂,tax_match,FALSE
SS1651839455332,CN,TD,triads,婚戒,tax_match,FALSE
SS1651839455332,CN,TD,triads,勺子,tax_match,TRUE
SS1651839455332,CN,TD,triads,碗,tax_match,FALSE
SS1651839455332,CN,TD,triads,连衣裙,tax_match,FALSE
SS1651839455332,CN,TD,triads,飞机,tax_match,FALSE
SS1651839455332,CN,TD,triads,锯子,tax_match,FALSE
SS1651839455332,CN,TD,triads,鸽子,tax_match,FALSE
SS1651840732818,CN,TD,triads,老师,tax_match,TRUE
SS1651840732818,CN,TD,triads,靴子,tax_match,FALSE
SS1651840732818,CN,TD,triads,飞机,tax_match,FALSE
SS1651840732818,CN,TD,triads,锯子,tax_match,FALSE
SS1651840732818,CN,TD,triads,大象,tax_match,TRUE
SS1651840732818,CN,TD,triads,山羊,tax_match,FALSE
SS1651840989750,CN,TD,triads,蜜蜂,tax_match,FALSE
SS1651840989750,CN,TD,triads,腿,tax_match,TRUE
SS1651840989750,CN,TD,triads,茶杯,tax_match,FALSE
SS1651840989750,CN,TD,triads,蜜蜂,tax_match,FALSE
SS1651840989750,CN,TD,triads,老师,tax_match,FALSE
SS1651840989750,CN,TD,triads,靴子,tax_match,FALSE
SS1651840989750,CN,TD,triads,飞机,tax_match,TRUE
SS1651844131204,CN,TD,triads,勺子,tax_match,TRUE
SS1651844131204,CN,TD,triads,碗,tax_match,TRUE
SS1651844131204,CN,TD,triads,老师,tax_match,TRUE
SS1651844131204,CN,TD,triads,锯子,tax_match,FALSE
SS1651845522237,CN,TD,triads,茶杯,tax_match,FALSE
SS1651845522237,CN,TD,triads,婚戒,tax_match,TRUE
SS1651845522237,CN,TD,triads,碗,tax_match,TRUE
SS1651845522237,CN,TD,triads,耴师,tax_match,TRUE
SS1651845522237,CN,TD,triads,连衣裙,tax_match,TRUE
SS1651845522237,CN,TD,triads,靴子,tax_match,TRUE
SS1651845522237,CN,TD,triads,蜜蜂,tax_match,TRUE
SS1651845522237,CN,TD,triads,锯子,tax_match,FALSE
SS1651845522237,CN,TD,triads,茶杯,tax_match,TRUE
SS1651845673245,CN,TD,triads,蜜蜂,tax_match,TRUE
SS1651845673245,CN,TD,triads,碗,tax_match,TRUE
SS1651845673245,CN,TD,triads,碗,tax_match,TRUE
SS1651845673245,CN,TD,triads,勺子,tax_match,TRUE
SS1651845673245,CN,TD,triads,飞机,tax_match,TRUE
SS1651845673245,CN,TD,triads,锯子,tax_match,TRUE
SS1651847391324,CN,TD,triads,腿,tax_match,FALSE
SS1651847391324,CN,TD,triads,茶杯,tax_match,TRUE
SS1651847391324,CN,TD,triads,婚戒,tax_match,FALSE
SS1651847391324,CN,TD,triads,连衣裙,tax_match,FALSE
SS1651847391324,CN,TD,triads,靴子,tax_match,FALSE
SS1651847391324,CN,TD,triads,大象,tax_match,FALSE
SS1651847391324,CN,TD,triads,鸽子,tax_match,FALSE
SS1651849043017,CN,TD,triads,蜜蜂,tax_match,FALSE
SS1651849043017,CN,TD,triads,草稿本,tax_match,TRUE
SS1651849043017,CN,TD,triads,碗,tax_match,TRUE
SS1651849043017,CN,TD,triads,连衣裙,tax_match,TRUE
SS1651849043017,CN,TD,triads,鸽子,tax_match,FALSE
SS1651849550334,CN,TD,triads,腿,tax_match,TRUE
SS1651849550334,CN,TD,triads,碗,tax_match,FALSE
SS1651849550334,CN,TD,triads,连衣裙,tax_match,TRUE
SS1651849550334,CN,TD,triads,靴子,tax_match,FALSE
SS1651849550334,CN,TD,triads,飞机,tax_match,FALSE
SS1651849550334,CN,TD,triads,锯子,tax_match,FALSE
SS1651849550334,CN,TD,triads,大象,tax_match,FALSE
SS1651849550334,CN,TD,triads,山羊,tax_match,FALSE
SS1651890985414,CN,TD,triads,蜜蜂,tax_match,FALSE
SS1651890985414,CN,TD,triads,腿,tax_match,TRUE
SS1651890985414,CN,TD,triads,茶杯,tax_match,FALSE
SS1651890985414,CN,TD,triads,飞,tax_match,FALSE
SS1651890985414,CN,TD,triads,靴子,tax_match,FALSE
SS1651890985414,CN,TD,triads,飞机,tax_match,FALSE
SS1651890985414,CN,TD,triads,大象,tax_match,FALSE
SS1651891187280,CN,TD,triads,蜜蜂,tax_match,FALSE
SS1651891187280,CN,TD,triads,草稿本,tax_match,FALSE
SS1651891187280,CN,TD,triads,婚戒,tax_match,FALSE
SS1651891187280,CN,TD,triads,靴子,tax_match,FALSE
SS1651891187280,CN,TD,triads,山羊,tax_match,FALSE
SS1651891187280,CN,TD,triads,鸽子,tax_match,FALSE
SS1651897042062,CN,TD,triads,腿,tax_match,FALSE
SS1651897042062,CN,TD,triads,茶杯,tax_match,FALSE
SS1651897042062,CN,TD,triads,碗,tax_match,TRUE
SS1651897042062,CN,TD,triads,靴子,tax_match,FALSE
SS1651897042062,CN,TD,triads,锯子,tax_match,FALSE
SS1651897042062,CN,TD,triads,大象,tax_match,TRUE
SS1651897042062,CN,TD,triads,山羊,tax_match,FALSE
SS1651901964830,CN,TD,triads,腿,tax_match,TRUE
SS1651901964830,CN,TD,triads,茶杯,tax_match,TRUE
SS1651901964830,CN,TD,triads,婚戒,tax_match,TRUE
SS1651901964830,CN,TD,triads,老师,tax_match,TRUE
SS1651901964830,CN,TD,triads,锯子,tax_match,FALSE
SS1651901964830,CN,TD,triads,大象,tax_match,FALSE
SS1651901964830,CN,TD,triads,鸽子,tax_match,TRUE
SS1651905218784,CN,TD,triads,蜜蜂,tax_match,FALSE
SS1651905218784,CN,TD,triads,草稿本,tax_match,TRUE
SS1651905218784,CN,TD,triads,碗,tax_match,TRUE
SS1651905218784,CN,TD,triads,连衣裙,tax_match,TRUE
SS1651905218784,CN,TD,triads,靴子,tax_match,TRUE
SS1651905218784,CN,TD,triads,蜜蜂,tax_match,TRUE
SS1651906129454,CN,TD,triads,蜜蜂,tax_match,TRUE
SS1651906129454,CN,TD,triads,婚戒,tax_match,TRUE
SS1651906129454,CN,TD,triads,碗,tax_match,TRUE
SS1651906129454,CN,TD,triads,锯子,tax_match,FALSE
SS1651906129454,CN,TD,triads,山羊,tax_match,TRUE
SS1651906568569,CN,TD,triads,腿,tax_match,TRUE
SS1651906568569,CN,TD,triads,草稿本,tax_match,TRUE
SS1651906568569,CN,TD,triads,婚戒,tax_match,TRUE
SS1651906568569,CN,TD,triads,勺子,tax_match,TRUE
SS1651906568569,CN,TD,triads,老师,tax_match,TRUE
SS1651906568569,CN,TD,triads,靴子,tax_match,TRUE
SS1651906568569,CN,TD,triads,飞机,tax_match,TRUE
SS1651906568569,CN,TD,triads,锯子,tax_match,FALSE
SS1651906568569,CN,TD,triads,大象,tax_match,TRUE
SS1651906591158,CN,TD,triads,蜜蜂,tax_match,TRUE
SS1651906591158,CN,TD,triads,婚戒,tax_match,TRUE
SS1651906591158,CN,TD,triads,碗,tax_match,FALSE
SS1651906591158,CN,TD,triads,老师,tax_match,TRUE
SS1651906591158,CN,TD,triads,连衣裙,tax_match,TRUE
SS1651906591158,CN,TD,triads,靴子,tax_match,TRUE
SS1651906591158,CN,TD,triads,飞机,tax_match,FALSE
SS1651906591158,CN,TD,triads,山羊,tax_match,TRUE
SS1651906591158,CN,TD,triads,鸽子,tax_match,FALSE
SS1651906687128,CN,TD,triads,茶杯,tax_match,TRUE
SS1651906687128,CN,TD,triads,勺子,tax_match,TRUE
SS1651906687128,CN,TD,triads,靴子,tax_match,TRUE
SS1651906687128,CN,TD,triads,飞机,tax_match,TRUE
SS1651906687128,CN,TD,triads,大象,tax_match,TRUE
SS1651907106845,CN,TD,triads,茶杯,tax_match,TRUE
SS1651907106845,CN,TD,triads,勺子,tax_match,TRUE
SS1651907106845,CN,TD,triads,大象,tax_match,FALSE
SS1651907106845,CN,TD,triads,连衣裙,tax_match,FALSE
SS1651907106845,CN,TD,triads,靴子,tax_match,FALSE
SS1651907106845,CN,TD,triads,飞机,tax_match,FALSE
SS1651907106845,CN,TD,triads,锯子,tax_match,FALSE
SS1651907106845,CN,TD,triads,大象,tax_match,FALSE
SS1651910974793,CN,TD,triads,蜜蜂,tax_match,FALSE
SS1651910974793,CN,TD,triads,老师,tax_match,TRUE
SS1651910974793,CN,TD,triads,连衣裙,tax_match,FALSE
SS1651910974793,CN,TD,triads,靴子,tax_match,FALSE
SS1651910974793,CN,TD,triads,飞机,tax_match,FALSE
SS1651910974793,CN,TD,triads,锯子,tax_match,FALSE
SS1651910974793,CN,TD,triads,锯子,tax_match,FALSE
SS1651912088419,CN,TD,triads,大象,tax_match,TRUE
SS1651912088419,CN,TD,triads,草稿本,tax_match,TRUE
SS1651912088419,CN,TD,triads,勺子,tax_match,TRUE
SS1651912088419,CN,TD,triads,碗,tax_match,TRUE
SS1651912088419,CN,TD,triads,老师,tax_match,TRUE
SS1651912088419,CN,TD,triads,飞机,tax_match,TRUE
SS1651912088419,CN,TD,triads,锯子,tax_match,FALSE
SS1651915236922,CN,TD,triads,蜜蜂,tax_match,FALSE
SS1651915236922,CN,TD,triads,草稿本,tax_match,TRUE
SS1651915236922,CN,TD,triads,茶杯,tax_match,FALSE
SS1651915236922,CN,TD,triads,老师,tax_match,FALSE
SS1651915236922,CN,TD,triads,锯子,tax_match,FALSE
SS1651915236922,CN,TD,triads,大象,tax_match,FALSE
SS1651916837690,CN,TD,triads,蜜蜂,tax_match,TRUE
SS1651916837690,CN,TD,triads,草稿本,tax_match,TRUE
SS1651916837690,CN,TD,triads,勺子,tax_match,TRUE
SS1651916837690,CN,TD,triads,碗,tax_match,FALSE
SS1651916837690,CN,TD,triads,老师,tax_match,FALSE
SS1651916837690,CN,TD,triads,连衣裙,tax_match,FALSE
SS1651916837690,CN,TD,triads,靴子,tax_match,TRUE
SS1651916837690,CN,TD,triads,大象,tax_match,TRUE
SS1651916837690,CN,TD,triads,鸽子,tax_match,FALSE
SS1651916886491,CN,TD,triads,腿,tax_match,FALSE
SS1651916886491,CN,TD,triads,草稿本,tax_match,TRUE
SS1651916886491,CN,TD,triads,勺子,tax_match,TRUE
SS1651916886491,CN,TD,triads,碗,tax_match,FALSE
SS1651916886491,CN,TD,triads,靴子,tax_match,FALSE
SS1651916886491,CN,TD,triads,大象,tax_match,FALSE
SS1651918483229,CN,TD,triads,腿,tax_match,FALSE
SS1651918483229,CN,TD,triads,茶杯,tax_match,TRUE
SS1651918483229,CN,TD,triads,飞机,tax_match,TRUE
SS1651918483229,CN,TD,triads,连衣裙,tax_match,TRUE
SS1651918483229,CN,TD,triads,飞机,tax_match,TRUE
SS1651918483229,CN,TD,triads,山羊,tax_match,FALSE
SS1651919285907,CN,TD,triads,蜜蜂,tax_match,FALSE
SS1651919285907,CN,TD,triads,草稿本,tax_match,TRUE
SS1651919285907,CN,TD,triads,婚戒,tax_match,TRUE
SS1651919285907,CN,TD,triads,碗,tax_match,TRUE
SS1651919285907,CN,TD,triads,老师,tax_match,FALSE
SS1651919285907,CN,TD,triads,靴子,tax_match,TRUE
SS1651919285907,CN,TD,triads,茶杯,tax_match,TRUE
SS1651919285907,CN,TD,triads,山 ��,tax_match,FALSE
SS1651921503296,CN,TD,triads,蜜蜂,tax_match,TRUE
SS1651921503296,CN,TD,triads,婚戒,tax_match,TRUE
SS1651921503296,CN,TD,triads,靴子,tax_match,TRUE
SS1651921503296,CN,TD,triads,飞机,tax_match,TRUE
SS1651921503296,CN,TD,triads,锯子,tax_match,FALSE
SS1651921503296,CN,TD,triads,茶杯,tax_match,TRUE
SS1651922816094,CN,TD,triads,蜜蜂,tax_match,TRUE
SS1651922816094,CN,TD,triads,连衣裙,tax_match,TRUE
SS1651922816094,CN,TD,triads,飞机,tax_match,TRUE
SS1651922816094,CN,TD,triads,茶杯,tax_match,FALSE
SS1651922816094,CN,TD,triads,婚戒,tax_match,FALSE
SS1651922816094,CN,TD,triads,鸽子,tax_match,TRUE
SS1651924494966,CN,TD,triads,蜜蜂,tax_match,FALSE
SS1651924494966,CN,TD,triads,草稿本,tax_match,TRUE
SS1651924494966,CN,TD,triads,勺子,tax_match,TRUE
SS1651924494966,CN,TD,triads,碗,tax_match,TRUE
SS1651924494966,CN,TD,triads,连衣裙,tax_match,TRUE
SS1651924494966,CN,TD,triads,靴子,tax_match,TRUE
SS1651924494966,CN,TD,triads,锯子,tax_match,FALSE
SS1651924494966,CN,TD,triads,鸽孒,tax_match,TRUE
SS1651926576151,CN,TD,triads,勺子,tax_match,TRUE
SS1651926576151,CN,TD,triads,碗,tax_match,TRUE
SS1651926576151,CN,TD,triads,老师,tax_match,TRUE
SS1651926576151,CN,TD,triads,连衣裙,tax_match,TRUE
SS1651926576151,CN,TD,triads,腿,tax_match,TRUE
SS1651926576151,CN,TD,triads,锯子,tax_match,FALSE
SS1651926576151,CN,TD,triads,鸽子,tax_match,TRUE
SS1651926856493,CN,TD,triads,蜜蜂,tax_match,FALSE
SS1651926856493,CN,TD,triads,腿,tax_match,FALSE
SS1651926856493,CN,TD,triads,草稿本,tax_match,TRUE
SS1651926856493,CN,TD,triads,婚戒,tax_match,FALSE
SS1651926856493,CN,TD,triads,勺子,tax_match,TRUE
SS1651926856493,CN,TD,triads,碗,tax_match,FALSE
SS1651926856493,CN,TD,triads,锯子,tax_match,FALSE
SS1651926856493,CN,TD,triads,鸽子,tax_match,FALSE
SS1651928385240,CN,TD,triads,蜜蜂,tax_match,FALSE
SS1651928385240,CN,TD,triads,腿,tax_match,FALSE
SS1651928385240,CN,TD,triads,勺子,tax_match,FALSE
SS1651928385240,CN,TD,triads,老师,tax_match,FALSE
SS1651928385240,CN,TD,triads,靴子,tax_match,FALSE
SS1651928385240,CN,TD,triads,山羊,tax_match,FALSE
SS1651928385240,CN,TD,triads,锯子,tax_match,FALSE
SS1651928385240,CN,TD,triads,大象,tax_match,FALSE
SS1651928385240,CN,TD,triads,山羊,tax_match,FALSE
SS1651928385240,CN,TD,triads,鸽子,tax_match,FALSE
SS1651932416698,CN,TD,triads,腿,tax_match,TRUE
SS1651932416698,CN,TD,triads,茶杯,tax_match,TRUE
SS1651932416698,CN,TD,triads,婚戒,tax_match,TRUE
SS1651932416698,CN,TD,triads,飞机,tax_match,TRUE
SS1651934015946,CN,TD,triads,腿,tax_match,TRUE
SS1651934015946,CN,TD,triads,草稿本,tax_match,TRUE
SS1651934015946,CN,TD,triads,碗,tax_match,TRUE
SS1651934015946,CN,TD,triads,老师,tax_match,TRUE
SS1651934015946,CN,TD,triads,靴子,tax_match,TRUE
SS1651934015946,CN,TD,triads,大象,tax_match,TRUE
SS1651934015946,CN,TD,triads,山羊,tax_match,TRUE
SS1651616817210,US,TD,catch,choose.cat,catch_resp,TRUE
SS1651616819170,US,TD,catch,choose.spring,catch_resp,TRUE
SS1651616821119,US,TD,catch,choose.spring,catch_resp,TRUE
SS1651616823657,US,TD,catch,choose.cat,catch_resp,TRUE
SS1651616824013,US,TD,catch,choose.cat,catch_resp,TRUE
SS1651616827589,US,TD,catch,choose.cat,catch_resp,TRUE
SS1651616829561,US,TD,catch,choose.cat,catch_resp,TRUE
SS1651616834023,US,TD,catch,choose.spring,catch_resp,TRUE
SS1651616835091,US,TD,catch,choose.spring,catch_resp,TRUE
SS1651616837719,US,TD,catch,choose.spring,catch_resp,TRUE
SS1651616838947,US,TD,catch,choose.spring,catch_resp,TRUE
SS1651616839031,US,TD,catch,choose.cat,catch_resp,TRUE
SS1651616839120,US,TD,catch,choose.spring,catch_resp,TRUE
SS1651616839551,US,TD,catch,choose.spring,catch_resp,TRUE
SS1651616839622,US,TD,catch,choose.spring,catch_resp,TRUE
SS1651616840889,US,TD,catch,choose.cat,catch_resp,TRUE
SS1651616841722,US,TD,catch,choose.spring,catch_resp,TRUE
SS1651616841972,US,TD,catch,choose.spring,catch_resp,TRUE
SS1651616843053,US,TD,catch,choose.cat,catch_resp,TRUE
SS1651616844450,US,TD,catch,choose.cat,catch_resp,TRUE
SS1651616844684,US,TD,catch,choose.spring,catch_resp,TRUE
SS1651616844911,US,TD,catch,choose.cat,catch_resp,TRUE
SS1651616846951,US,TD,catch,choose.spring,catch_resp,TRUE
SS1651616850845,US,TD,catch,choose.cat,catch_resp,TRUE
SS1651616854167,US,TD,catch,choose.cat,catch_resp,TRUE
SS1651616854402,US,TD,catch,choose.spring,catch_resp,TRUE
SS1651616857792,US,TD,catch,choose.spring,catch_resp,TRUE
SS1651616858489,US,TD,catch,choose.cat,catch_resp,TRUE
SS1651616858633,US,TD,catch,choose.spring,catch_resp,TRUE
SS1651616860080,US,TD,catch,choose.cat,catch_resp,TRUE
SS1651616860708,US,TD,catch,choose.cat,catch_resp,TRUE
SS1651616861128,US,TD,catch,choose.cat,catch_resp,TRUE
SS1651616861546,US,TD,catch,choose.cat,catch_resp,TRUE
SS1651616863114,US,TD,catch,choose.spring,catch_resp,TRUE
SS1651616863145,US,TD,catch,choose.cat,catch_resp,TRUE
SS1651616876627,US,TD,catch,choose.cat,catch_resp,TRUE
SS1651616909217,US,TD,catch,choose.spring,catch_resp,TRUE
SS1651616969092,US,TD,catch,choose.cat,catch_resp,TRUE
SS1651616969595,US,TD,catch,choose.spring,catch_resp,TRUE
SS1651616982939,US,TD,catch,choose.spring,catch_resp,TRUE
SS1651617013503,US,TD,catch,choose.spring,catch_resp,TRUE
SS1651617033971,US,TD,catch,choose.spring,catch_resp,TRUE
SS1651617071100,US,TD,catch,choose.spring,catch_resp,TRUE
SS1651617143573,US,TD,catch,choose.cat,catch_resp,TRUE
SS1651617282312,US,TD,catch,choose.spring,catch_resp,TRUE
SS1651617310480,US,TD,catch,choose.spring,catch_resp,TRUE
SS1651618567608,US,TD,catch,choose.spring,catch_resp,TRUE
SS1651624230659,US,TD,catch,choose.cat,catch_resp,TRUE
SS1651678150777,US,TD,catch,choose.cat,catch_resp,TRUE
SS1651678198123,US,TD,catch,choose.spring,catch_resp,TRUE
SS1651678202019,US,TD,catch,choose.cat,catch_resp,TRUE
SS1651678206055,US,TD,catch,choose.cat,catch_resp,TRUE
SS1651678216185,US,TD,catch,choose.cat,catch_resp,TRUE
SS1651678216437,US,TD,catch,choose.spring,catch_resp,TRUE
SS1651678218891,US,TD,catch,choose.cat,catch_resp,TRUE
SS1651678220434,US,TD,catch,choose.spring,catch_resp,TRUE
SS1651678224995,US,TD,catch,choose.cat,catch_resp,TRUE
SS1651678226524,US,TD,catch,choose.spring,catch_resp,TRUE
SS1651678227696,US,TD,catch,choose.spring,catch_resp,TRUE
SS1651678229872,US,TD,catch,choose.cat,catch_resp,TRUE
SS1651678231224,US,TD,catch,choose.spring,catch_resp,TRUE
SS1651678232565,US,TD,catch,choose.spring,catch_resp,TRUE
SS1651678239759,US,TD,catch,choose.cat,catch_resp,TRUE
SS1651678242246,US,TD,catch,choose.spring,catch_resp,TRUE
SS1651678243882,US,TD,catch,choose.cat,catch_resp,TRUE
SS1651678244241,US,TD,catch,choose.cat,catch_resp,TRUE
SS1651678245327,US,TD,catch,choose.cat,catch_resp,TRUE
SS1651678246113,US,TD,catch,choose.spring,catch_resp,TRUE
SS1651678246330,US,TD,catch,choose.spring,catch_resp,TRUE
SS1651678248637,US,TD,catch,choose.spring,catch_resp,TRUE
SS1651678248989,US,TD,catch,choose.cat,catch_resp,TRUE
SS1651678249603,US,TD,catch,choose.spring,catch_resp,TRUE
SS1651678250397,US,TD,catch,choose.cat,catch_resp,TRUE
SS1651678252363,US,TD,catch,choose.cat,catch_resp,TRUE
SS1651678252935,US,TD,catch,choose.spring,catch_resp,TRUE
SS1651678253736,US,TD,catch,choose.spring,catch_resp,TRUE
SS1651678256204,US,TD,catch,choose.spring,catch_resp,TRUE
SS1651678257395,US,TD,catch,choose.cat,catch_resp,TRUE
SS1651678258791,US,TD,catch,choose.cat,catch_resp,TRUE
SS1651678259296,US,TD,catch,choose.cat,catch_resp,TRUE
SS1651678260164,US,TD,catch,choose.spring,catch_resp,TRUE
SS1651678260331,US,TD,catch,choose.spring,catch_resp,TRUE
SS1651678260663,US,TD,catch,choose.cat,catch_resp,TRUE
SS1651678261063,US,TD,catch,choose.spring,catch_resp,TRUE
SS1651678261912,US,TD,catch,choose.cat,catch_resp,TRUE
SS1651678262590,US,TD,catch,choose.spring,catch_resp,TRUE
SS1651678262854,US,TD,catch,choose.spring,catch_resp,TRUE
SS1651678263725,US,TD,catch,choose.cat,catch_resp,TRUE
SS1651678265100,US,TD,catch,choose.spring,catch_resp,TRUE
SS1651678265263,US,TD,catch,choose.spring,catch_resp,TRUE
SS1651678267011,US,TD,catch,choose.spring,catch_resp,TRUE
SS1651678267140,US,TD,catch,choose.cat,catch_resp,TRUE
SS1651678267405,US,TD,catch,choose.cat,catch_resp,TRUE
SS1651678268119,US,TD,catch,choose.cat,catch_resp,TRUE
SS1651678270245,US,TD,catch,choose.spring,catch_resp,TRUE
SS1651678270524,US,TD,catch,choose.spring,catch_resp,TRUE
SS1651678271326,US,TD,catch,choose.spring,catch_resp,TRUE
SS1651678274966,US,TD,catch,choose.cat,catch_resp,TRUE
SS1651678278178,US,TD,catch,choose.spring,catch_resp,TRUE
SS1651678298946,US,TD,catch,choose.spring,catch_resp,TRUE
SS1651678302508,US,TD,catch,choose.cat,catch_resp,TRUE
SS1651678327719,US,TD,catch,choose.cat,catch_resp,TRUE
SS1651678328286,US,TD,catch,choose.cat,catch_resp,TRUE
SS1651678331156,US,TD,catch,choose.spring,catch_resp,TRUE
SS1651678353530,US,TD,catch,choose.cat,catch_resp,TRUE
SS1651678384991,US,TD,catch,choose.spring,catch_resp,TRUE
SS1651678386286,US,TD,catch,choose.cat,catch_resp,TRUE
SS1651678409670,US,TD,catch,choose.cat,catch_resp,TRUE
SS1651678434328,US,TD,catch,choose.cat,catch_resp,TRUE
SS1651678459452,US,TD,catch,choose.spring,catch_resp,TRUE
SS1651678462364,US,TD,catch,choose.cat,catch_resp,TRUE
SS1651678474300,US,TD,catch,choose.spring,catch_resp,TRUE
SS1651678537895,US,TD,catch,choose.spring,catch_resp,TRUE
SS1651678538948,US,TD,catch,choose.spring,catch_resp,TRUE
SS1651678556653,US,TD,catch,choose.spring,catch_resp,TRUE
SS1651678559284,US,TD,catch,choose.cat,catch_resp,TRUE
SS1651678574838,US,TD,catch,choose.cat,catch_resp,TRUE
SS1651678625157,US,TD,catch,choose.cat,catch_resp,TRUE
SS1651678626616,US,TD,catch,choose.spring,catch_resp,TRUE
SS1651678635745,US,TD,catch,choose.spring,catch_resp,TRUE
SS1651678637077,US,TD,catch,choose.spring,catch_resp,TRUE
SS1651678701050,US,TD,catch,choose.cat,catch_resp,TRUE
SS1651678717637,US,TD,catch,choose.cat,catch_resp,TRUE
SS1651678770686,US,TD,catch,choose.spring,catch_resp,TRUE
SS1651678809453,US,TD,catch,choose.spring,catch_resp,TRUE
SS1651678955017,US,TD,catch,choose.cat,catch_resp,TRUE
SS1651679034205,US,TD,catch,choose.cat,catch_resp,TRUE
SS1651679448134,US,TD,catch,choose.spring,catch_resp,TRUE
SS1651679534071,US,TD,catch,choose.cat,catch_resp,TRUE
SS1651679569580,US,TD,catch,choose.spring,catch_resp,TRUE
SS1651679629301,US,TD,catch,choose.spring,catch_resp,TRUE
SS1651679984067,US,TD,catch,choose.spring,catch_resp,TRUE
SS1651680129189,US,TD,catch,choose.spring,catch_resp,TRUE
SS1651680530568,US,TD,catch,choose.spring,catch_resp,TRUE
SS1651680818305,US,TD,catch,choose.cat,catch_resp,TRUE
SS1651680994828,US,TD,catch,choose.spring,catch_resp,TRUE
SS1651681877580,US,TD,catch,choose.spring,catch_resp,TRUE
SS1651682805154,US,TD,catch,choose.cat,catch_resp,TRUE
SS1651687447221,US,TD,catch,choose.spring,catch_resp,TRUE
SS1651689857645,US,TD,catch,choose.cat,catch_resp,TRUE
SS1651690446636,US,TD,catch,choose.spring,catch_resp,TRUE
SS1651690626669,US,TD,catch,choose.cat,catch_resp,TRUE
SS1651690672320,US,TD,catch,choose.spring,catch_resp,TRUE
SS1651690674639,US,TD,catch,choose.cat,catch_resp,TRUE
SS1651690678231,US,TD,catch,choose.cat,catch_resp,TRUE
SS1651690678388,US,TD,catch,choose.cat,catch_resp,TRUE
SS1651690681690,US,TD,catch,choose.cat,catch_resp,TRUE
SS1651690683219,US,TD,catch,choose.cat,catch_resp,TRUE
SS1651690685286,US,TD,catch,choose.spring,catch_resp,TRUE
SS1651690687499,US,TD,catch,choose.spring,catch_resp,TRUE
SS1651690687538,US,TD,catch,choose.spring,catch_resp,TRUE
SS1651690691047,US,TD,catch,choose.spring,catch_resp,TRUE
SS1651690691327,US,TD,catch,choose.spring,catch_resp,TRUE
SS1651690698980,US,TD,catch,choose.spring,catch_resp,TRUE
SS1651690706045,US,TD,catch,choose.cat,catch_resp,TRUE
SS1651690707343,US,TD,catch,choose.spring,catch_resp,TRUE
SS1651690707467,US,TD,catch,choose.spring,catch_resp,TRUE
SS1651690708015,US,TD,catch,choose.cat,catch_resp,TRUE
SS1651690711805,US,TD,catch,choose.spring,catch_resp,TRUE
SS1651690714289,US,TD,catch,choose.spring,catch_resp,TRUE
SS1651690719363,US,TD,catch,choose.cat,catch_resp,TRUE
SS1651690719510,US,TD,catch,choose.cat,catch_resp,TRUE
SS1651690723933,US,TD,catch,choose.cat,catch_resp,TRUE
SS1651690727662,US,TD,catch,choose.cat,catch_resp,TRUE
SS1651690727759,US,TD,catch,choose.cat,catch_resp,TRUE
SS1651690729593,US,TD,catch,choose.cat,catch_resp,TRUE
SS1651690730467,US,TD,catch,choose.spring,catch_resp,TRUE
SS1651690731537,US,TD,catch,choose.cat,catch_resp,TRUE
SS1651690732177,US,TD,catch,choose.cat,catch_resp,TRUE
SS1651690735020,US,TD,catch,choose.cat,catch_resp,TRUE
SS1651690737808,US,TD,catch,choose.cat,catch_resp,TRUE
SS1651690740366,US,TD,catch,choose.spring,catch_resp,TRUE
SS1651690741486,US,TD,catch,choose.spring,catch_resp,TRUE
SS1651690741942,US,TD,catch,choose.cat,catch_resp,TRUE
SS1651690743939,US,TD,catch,choose.cat,catch_resp,TRUE
SS1651690748106,US,TD,catch,choose.spring,catch_resp,TRUE
SS1651690758188,US,TD,catch,choose.spring,catch_resp,TRUE
SS1651690762770,US,TD,catch,choose.cat,catch_resp,TRUE
SS1651690768899,US,TD,catch,choose.cat,catch_resp,TRUE
SS1651690782524,US,TD,catch,choose.cat,catch_resp,TRUE
SS1651690793463,US,TD,catch,choose.spring,catch_resp,TRUE
SS1651690802568,US,TD,catch,choose.spring,catch_resp,TRUE
SS1651690810190,US,TD,catch,choose.spring,catch_resp,TRUE
SS1651690858692,US,TD,catch,choose.cat,catch_resp,TRUE
SS1651690873357,US,TD,catch,choose.spring,catch_resp,TRUE
SS1651690892118,US,TD,catch,choose.spring,catch_resp,TRUE
SS1651690926515,US,TD,catch,choose.spring,catch_resp,TRUE
SS1651690932141,US,TD,catch,choose.cat,catch_resp,TRUE
SS1651690949027,US,TD,catch,choose.cat,catch_resp,TRUE
SS1651691043519,US,TD,catch,choose.cat,catch_resp,TRUE
SS1651691175620,US,TD,catch,choose.spring,catch_resp,TRUE
SS1651691207769,US,TD,catch,choose.cat,catch_resp,TRUE
SS1651691673018,US,TD,catch,choose.spring,catch_resp,TRUE
SS1651692016531,US,TD,catch,choose.spring,catch_resp,TRUE
SS1651692160397,US,TD,catch,choose.spring,catch_resp,TRUE
SS1651694070275,US,TD,catch,choose.spring,catch_resp,TRUE
SS1651697396411,US,TD,catch,choose.spring,catch_resp,TRUE
SS1651868487521,US,TD,catch,choose.cat,catch_resp,TRUE
SS1651868699067,US,TD,catch,choose.cat,catch_resp,TRUE
SS1651868701012,US,TD,catch,choose.spring,catch_resp,TRUE
SS1651868705438,US,TD,catch,choose.spring,catch_resp,TRUE
SS1651868707186,US,TD,catch,choose.spring,catch_resp,TRUE
SS1651868708760,US,TD,catch,choose.cat,catch_resp,TRUE
SS1651868710355,US,TD,catch,choose.spring,catch_resp,TRUE
SS1651868712524,US,TD,catch,choose.spring,catch_resp,TRUE
SS1651868713554,US,TD,catch,choose.spring,catch_resp,TRUE
SS1651868714312,US,TD,catch,choose.cat,catch_resp,TRUE
SS1651868714404,US,TD,catch,choose.cat,catch_resp,TRUE
SS1651868716048,US,TD,catch,choose.spring,catch_resp,TRUE
SS1651868717843,US,TD,catch,choose.cat,catch_resp,TRUE
SS1651868718682,US,TD,catch,choose.spring,catch_resp,TRUE
SS1651868720723,US,TD,catch,choose.cat,catch_resp,TRUE
SS1651868725160,US,TD,catch,choose.cat,catch_resp,TRUE
SS1651868736601,US,TD,catch,choose.cat,catch_resp,TRUE
SS1651868738305,US,TD,catch,choose.spring,catch_resp,TRUE
SS1651868744832,US,TD,catch,choose.spring,catch_resp,TRUE
SS1651868744957,US,TD,catch,choose.spring,catch_resp,TRUE
SS1651868745180,US,TD,catch,choose.cat,catch_resp,TRUE
SS1651868745703,US,TD,catch,choose.spring,catch_resp,TRUE
SS1651868751261,US,TD,catch,choose.cat,catch_resp,TRUE
SS1651868754302,US,TD,catch,choose.cat,catch_resp,TRUE
SS1651868756130,US,TD,catch,choose.spring,catch_resp,TRUE
SS1651868757005,US,TD,catch,choose.spring,catch_resp,TRUE
SS1651868767690,US,TD,catch,choose.spring,catch_resp,TRUE
SS1651868773205,US,TD,catch,choose.cat,catch_resp,TRUE
SS1651868778604,US,TD,catch,choose.spring,catch_resp,TRUE
SS1651868779378,US,TD,catch,choose.spring,catch_resp,TRUE
SS1651868780067,US,TD,catch,choose.cat,catch_resp,TRUE
SS1651868782330,US,TD,catch,choose.cat,catch_resp,TRUE
SS1651868783532,US,TD,catch,choose.cat,catch_resp,TRUE
SS1651868784777,US,TD,catch,choose.cat,catch_resp,TRUE
SS1651868788340,US,TD,catch,choose.cat,catch_resp,TRUE
SS1651868788402,US,TD,catch,choose.spring,catch_resp,TRUE
SS1651868793732,US,TD,catch,choose.cat,catch_resp,TRUE
SS1651868796147,US,TD,catch,choose.spring,catch_resp,TRUE
SS1651868796810,US,TD,catch,choose.spring,catch_resp,TRUE
SS1651868799606,US,TD,catch,choose.cat,catch_resp,TRUE
SS1651868800189,US,TD,catch,choose.cat,catch_resp,TRUE
SS1651868802451,US,TD,catch,choose.cat,catch_resp,TRUE
SS1651868810933,US,TD,catch,choose.spring,catch_resp,TRUE
SS1651868811761,US,TD,catch,choose.spring,catch_resp,TRUE
SS1651868811860,US,TD,catch,choose.spring,catch_resp,TRUE
SS1651868812123,US,TD,catch,choose.cat,catch_resp,TRUE
SS1651868816028,US,TD,catch,choose.spring,catch_resp,TRUE
SS1651868817160,US,TD,catch,choose.cat,catch_resp,TRUE
SS1651868817171,US,TD,catch,choose.cat,catch_resp,TRUE
SS1651868820237,US,TD,catch,choose.cat,catch_resp,TRUE
SS1651868826063,US,TD,catch,choose.cat,catch_resp,TRUE
SS1651868827795,US,TD,catch,choose.spring,catch_resp,TRUE
SS1651868828049,US,TD,catch,choose.cat,catch_resp,TRUE
SS1651868830966,US,TD,catch,choose.spring,catch_resp,TRUE
SS1651868834466,US,TD,catch,choose.spring,catch_resp,TRUE
SS1651868837282,US,TD,catch,choose.cat,catch_resp,TRUE
SS1651868839147,US,TD,catch,choose.cat,catch_resp,TRUE
SS1651868839906,US,TD,catch,choose.cat,catch_resp,TRUE
SS1651868840289,US,TD,catch,choose.cat,catch_resp,TRUE
SS1651868840790,US,TD,catch,choose.cat,catch_resp,TRUE
SS1651868850581,US,TD,catch,choose.cat,catch_resp,TRUE
SS1651868852345,US,TD,catch,choose.spring,catch_resp,TRUE
SS1651868868975,US,TD,catch,choose.spring,catch_resp,TRUE
SS1651868873914,US,TD,catch,choose.spring,catch_resp,TRUE
SS1651868876318,US,TD,catch,choose.cat,catch_resp,TRUE
SS1651868901145,US,TD,catch,choose.spring,catch_resp,TRUE
SS1651868924360,US,TD,catch,choose.spring,catch_resp,TRUE
SS1651868966456,US,TD,catch,choose.spring,catch_resp,TRUE
SS1651869014963,US,TD,catch,choose.cat,catch_resp,TRUE
SS1651869017878,US,TD,catch,choose.cat,catch_resp,TRUE
SS1651869021473,US,TD,catch,choose.cat,catch_resp,TRUE
SS1651869024622,US,TD,catch,choose.spring,catch_resp,TRUE
SS1651869038791,US,TD,catch,choose.spring,catch_resp,TRUE
SS1651869076619,US,TD,catch,choose.cat,catch_resp,TRUE
SS1651869096666,US,TD,catch,choose.spring,catch_resp,TRUE
SS1651869107778,US,TD,catch,choose.spring,catch_resp,TRUE
SS1651869115143,US,TD,catch,choose.spring,catch_resp,TRUE
SS1651869117517,US,TD,catch,choose.cat,catch_resp,TRUE
SS1651869119140,US,TD,catch,choose.cat,catch_resp,TRUE
SS1651869128913,US,TD,catch,choose.spring,catch_resp,TRUE
SS1651869192697,US,TD,catch,choose.spring,catch_resp,TRUE
SS1651869198002,US,TD,catch,choose.spring,catch_resp,TRUE
SS1651869512955,US,TD,catch,choose.cat,catch_resp,TRUE
SS1651869609511,US,TD,catch,choose.cat,catch_resp,TRUE
SS1651869808693,US,TD,catch,choose.cat,catch_resp,TRUE
SS1651869849200,US,TD,catch,choose.cat,catch_resp,TRUE
SS1651870014949,US,TD,catch,choose.spring,catch_resp,TRUE
SS1651870238624,US,TD,catch,choose.cat,catch_resp,TRUE
SS1651870376242,US,TD,catch,choose.spring,catch_resp,TRUE
SS1651870443746,US,TD,catch,choose.spring,catch_resp,TRUE
SS1651871550730,US,TD,catch,choose.spring,catch_resp,TRUE
SS1651871841115,US,TD,catch,choose.spring,catch_resp,TRUE
SS1651871889261,US,TD,catch,choose.cat,catch_resp,TRUE
SS1651872480719,US,TD,catch,choose.spring,catch_resp,TRUE
SS1651873332890,US,TD,catch,choose.cat,catch_resp,TRUE
SS1651873359386,US,TD,catch,choose.spring,catch_resp,TRUE
SS1651878926426,US,TD,catch,choose.spring,catch_resp,TRUE
SS1651878928252,US,TD,catch,choose.spring,catch_resp,TRUE
SS1651544690789,CN,TD,catch,请选春天,catch_resp,TRUE
SS1651544913549,CN,TD,catch,请选猫,catch_resp,TRUE
SS1651544929438,CN,TD,catch,请选猫,catch_resp,TRUE
SS1651545081461,CN,TD,catch,请选猫,catch_resp,TRUE
SS1651545105150,CN,TD,catch,请选猫,catch_resp,TRUE
SS1651545107281,CN,TD,catch,请选春天,catch_resp,TRUE
SS1651545123067,CN,TD,catch,请选猫,catch_resp,TRUE
SS1651545188145,CN,TD,catch,请选猫,catch_resp,TRUE
SS1651545279588,CN,TD,catch,请选春天,catch_resp,TRUE
SS1651545285513,CN,TD,catch,请选猫,catch_resp,TRUE
SS1651545357097,CN,TD,catch,请选猫,catch_resp,TRUE
SS1651545751233,CN,TD,catch,请选春天,catch_resp,TRUE
SS1651546122639,CN,TD,catch,请选春天,catch_resp,TRUE
SS1651546827542,CN,TD,catch,请选猫,catch_resp,TRUE
SS1651546915326,CN,TD,catch,请选春天,catch_resp,TRUE
SS1651547162777,CN,TD,catch,请选春天,catch_resp,TRUE
SS1651548143005,CN,TD,catch,请选春天,catch_resp,TRUE
SS1651552362039,CN,TD,catch,请选春天,catch_resp,TRUE
SS1651552837542,CN,TD,catch,请选猫,catch_resp,TRUE
SS1651553474432,CN,TD,catch,请选猫,catch_resp,TRUE
SS1651553913160,CN,TD,catch,请选猫,catch_resp,TRUE
SS1651553969715,CN,TD,catch,请选猫,catch_resp,TRUE
SS1651554145523,CN,TD,catch,请选春天,catch_resp,TRUE
SS1651554184228,CN,TD,catch,请选猫,catch_resp,TRUE
SS1651554284065,CN,TD,catch,请选猫,catch_resp,TRUE
SS1651554809980,CN,TD,catch,请选猫,catch_resp,TRUE
SS1651555233128,CN,TD,catch,请选春天,catch_resp,TRUE
SS1651559729763,CN,TD,catch,请选春天,catch_resp,TRUE
SS1651560025455,CN,TD,catch,请选猫,catch_resp,TRUE
SS1651561685665,CN,TD,catch,请选猫,catch_resp,TRUE
SS1651562034956,CN,TD,catch,请选猫,catch_resp,TRUE
SS1651562868228,CN,TD,catch,请选春天,catch_resp,TRUE
SS1651564260438,CN,TD,catch,请选猫,catch_resp,TRUE
SS1651564308340,CN,TD,catch,请选猫,catch_resp,TRUE
SS1651565828518,CN,TD,catch,请选春天,catch_resp,TRUE
SS1651568252846,CN,TD,catch,请选春天,catch_resp,TRUE
SS1651568382617,CN,TD,catch,请选猫,catch_resp,TRUE
SS1651568918829,CN,TD,catch,请选春天,catch_resp,TRUE
SS1651570752111,CN,TD,catch,请选春天,catch_resp,TRUE
SS1651571509239,CN,TD,catch,请选春天,catch_resp,TRUE
SS1651572914976,CN,TD,catch,请选春天,catch_resp,TRUE
SS1651576408487,CN,TD,catch,请选春天,catch_resp,TRUE
SS1651578940027,CN,TD,catch,请选猫,catch_resp,TRUE
SS1651579399729,CN,TD,catch,请选春天,catch_resp,TRUE
SS1651582669897,CN,TD,catch,请选春天,catch_resp,TRUE
SS1651620046254,CN,TD,catch,请选猫,catch_resp,TRUE
SS1651623308643,CN,TD,catch,请选春天,catch_resp,TRUE
SS1651625504097,CN,TD,catch,请选春天,catch_resp,TRUE
SS1651629675682,CN,TD,catch,请选春天,catch_resp,TRUE
SS1651631038398,CN,TD,catch,请选猫,catch_resp,TRUE
SS1651631374290,CN,TD,catch,请选春天,catch_resp,TRUE
SS1651632269384,CN,TD,catch,请选猫,catch_resp,TRUE
SS1651633449820,CN,TD,catch,请选春天,catch_resp,TRUE
SS1651634088254,CN,TD,catch,请选猫,catch_resp,TRUE
SS1651634616537,CN,TD,catch,请选猫,catch_resp,TRUE
SS1651634772197,CN,TD,catch,请选春天,catch_resp,TRUE
SS1651636059839,CN,TD,catch,请选春天,catch_resp,TRUE
SS1651637972613,CN,TD,catch,请选猫,catch_resp,TRUE
SS1651642739005,CN,TD,catch,请选猫,catch_resp,TRUE
SS1651644576691,CN,TD,catch,请选春天,catch_resp,TRUE
SS1651645903803,CN,TD,catch,请选春天,catch_resp,TRUE
SS1651648364635,CN,TD,catch,请选春天,catch_resp,TRUE
SS1651649525276,CN,TD,catch,请选猫,catch_resp,TRUE
SS1651652206023,CN,TD,catch,请选猫,catch_resp,TRUE
SS1651652979760,CN,TD,catch,请选猫,catch_resp,TRUE
SS1651654468673,CN,TD,catch,请选猫,catch_resp,TRUE
SS1651654992618,CN,TD,catch,请选春天,catch_resp,TRUE
SS1651655612985,CN,TD,catch,请选春天,catch_resp,TRUE
SS1651660777144,CN,TD,catch,请选春天,catch_resp,TRUE
SS1651661370426,CN,TD,catch,请选猫,catch_resp,TRUE
SS1651662575870,CN,TD,catch,请选猫,catch_resp,TRUE
SS1651663394470,CN,TD,catch,请选春天,catch_resp,TRUE
SS1651664105704,CN,TD,catch,请选春天,catch_resp,TRUE
SS1651665034176,CN,TD,catch,请选春天,catch_resp,TRUE
SS1651666650135,CN,TD,catch,请选猫,catch_resp,TRUE
SS1651669607417,CN,TD,catch,请选春天,catch_resp,TRUE
SS1651669856701,CN,TD,catch,请选猫,catch_resp,TRUE
SS1651672824225,CN,TD,catch,请选猫,catch_resp,TRUE
SS1651674999028,CN,TD,catch,请选猫,catch_resp,TRUE
SS1651675575564,CN,TD,catch,请选猫,catch_resp,TRUE
SS1651675739437,CN,TD,catch,请选猫,catch_resp,TRUE
SS1651682617757,CN,TD,catch,请选春天,catch_resp,TRUE
SS1651705155608,CN,TD,catch,请选春天,catch_resp,TRUE
SS1651713128281,CN,TD,catch,请选春天,catch_resp,TRUE
SS1651721379726,CN,TD,catch,请选猫,catch_resp,TRUE
SS1651724542208,CN,TD,catch,请选春天,catch_resp,TRUE
SS1651726203467,CN,TD,catch,请选春天,catch_resp,TRUE
SS1651727116955,CN,TD,catch,请选春天,catch_resp,TRUE
SS1651727696486,CN,TD,catch,请选春天,catch_resp,TRUE
SS1651728177417,CN,TD,catch,请选猫,catch_resp,TRUE
SS1651729682124,CN,TD,catch,请选猫,catch_resp,TRUE
SS1651729792731,CN,TD,catch,请选春天,catch_resp,TRUE
SS1651731235827,CN,TD,catch,请选春天,catch_resp,TRUE
SS1651732296508,CN,TD,catch,请选春天,catch_resp,TRUE
SS1651737005457,CN,TD,catch,请选猫,catch_resp,TRUE
SS1651737139245,CN,TD,catch,请选春天,catch_resp,TRUE
SS1651739183035,CN,TD,catch,请选春天,catch_resp,TRUE
SS1651740018095,CN,TD,catch,请选猫,catch_resp,TRUE
SS1651742060593,CN,TD,catch,请选春天,catch_resp,TRUE
SS1651743246534,CN,TD,catch,请选春天,catch_resp,TRUE
SS1651744688510,CN,TD,catch,请选猫,catch_resp,TRUE
SS1651744829480,CN,TD,catch,请选猫,catch_resp,TRUE
SS1651747335475,CN,TD,catch,请选猫,catch_resp,TRUE
SS1651748703908,CN,TD,catch,请选春天,catch_resp,TRUE
SS1651751338853,CN,TD,catch,请选猫,catch_resp,TRUE
SS1651751579584,CN,TD,catch,请选猫,catch_resp,TRUE
SS1651761786814,CN,TD,catch,请选春天,catch_resp,TRUE
SS1651762141455,CN,TD,catch,请选猫,catch_resp,TRUE
SS1651763037034,CN,TD,catch,请选猫,catch_resp,TRUE
SS1651764193629,CN,TD,catch,请选春天,catch_resp,TRUE
SS1651765169248,CN,TD,catch,请选春天,catch_resp,TRUE
SS1651765469703,CN,TD,catch,请选猫,catch_resp,TRUE
SS1651765894743,CN,TD,catch,请选春天,catch_resp,TRUE
SS1651765911820,CN,TD,catch,请选春天,catch_resp,TRUE
SS1651767555827,CN,TD,catch,请选猫,catch_resp,TRUE
SS1651769304707,CN,TD,catch,请选猫,catch_resp,TRUE
SS1651771465459,CN,TD,catch,请选春天,catch_resp,TRUE
SS1651783487150,CN,TD,catch,请选猫,catch_resp,TRUE
SS1651798074227,CN,TD,catch,请选春天,catch_resp,TRUE
SS1651799596238,CN,TD,catch,请选春天,catch_resp,TRUE
SS1651802919199,CN,TD,catch,请选春天,catch_resp,TRUE
SS1651804378273,CN,TD,catch,请选春天,catch_resp,TRUE
SS1651804729362,CN,TD,catch,请选春天,catch_resp,TRUE
SS1651804768520,CN,TD,catch,请选春天,catch_resp,TRUE
SS1651806183814,CN,TD,catch,请选猫,catch_resp,TRUE
SS1651807227958,CN,TD,catch,请选猫,catch_resp,TRUE
SS1651807671427,CN,TD,catch,请选春天,catch_resp,TRUE
SS1651809674248,CN,TD,catch,请选猫,catch_resp,TRUE
SS1651810536901,CN,TD,catch,请选猫,catch_resp,TRUE
SS1651810766684,CN,TD,catch,请选春天,catch_resp,TRUE
SS1651811217708,CN,TD,catch,请选猫,catch_resp,TRUE
SS1651812084324,CN,TD,catch,请选春天,catch_resp,TRUE
SS1651813057402,CN,TD,catch,请选春天,catch_resp,TRUE
SS1651813633535,CN,TD,catch,请选春天,catch_resp,TRUE
SS1651818877028,CN,TD,catch,请选春天,catch_resp,TRUE
SS1651819204055,CN,TD,catch,请选猫,catch_resp,TRUE
SS1651821991579,CN,TD,catch,请选猫,catch_resp,TRUE
SS1651822926317,CN,TD,catch,请选春天,catch_resp,TRUE
SS1651827681410,CN,TD,catch,请选猫,catch_resp,TRUE
SS1651828791480,CN,TD,catch,请选猫,catch_resp,TRUE
SS1651835352625,CN,TD,catch,请选春天,catch_resp,TRUE
SS1651837328638,CN,TD,catch,请选春天,catch_resp,TRUE
SS1651837445397,CN,TD,catch,请选春天,catch_resp,TRUE
SS1651837683659,CN,TD,catch,请选猫,catch_resp,TRUE
SS1651839455332,CN,TD,catch,请选猫,catch_resp,TRUE
SS1651840732818,CN,TD,catch,请选春天,catch_resp,TRUE
SS1651840989750,CN,TD,catch,请选春天,catch_resp,TRUE
SS1651844131204,CN,TD,catch,请选春天,catch_resp,TRUE
SS1651845522237,CN,TD,catch,请选猫,catch_resp,TRUE
SS1651845673245,CN,TD,catch,请选春天,catch_resp,TRUE
SS1651847391324,CN,TD,catch,请选春天,catch_resp,TRUE
SS1651849043017,CN,TD,catch,请选猫,catch_resp,TRUE
SS1651849550334,CN,TD,catch,请选猫,catch_resp,TRUE
SS1651890985414,CN,TD,catch,请选猫,catch_resp,TRUE
SS1651891187280,CN,TD,catch,请选春天,catch_resp,TRUE
SS1651897042062,CN,TD,catch,请选猫,catch_resp,TRUE
SS1651901964830,CN,TD,catch,请选春天,catch_resp,TRUE
SS1651905218784,CN,TD,catch,请选猫,catch_resp,TRUE
SS1651906129454,CN,TD,catch,请选春天,catch_resp,TRUE
SS1651906568569,CN,TD,catch,请选春天,catch_resp,TRUE
SS1651906591158,CN,TD,catch,请选猫,catch_resp,TRUE
SS1651906687128,CN,TD,catch,请选猫,catch_resp,TRUE
SS1651907106845,CN,TD,catch,请选春天,catch_resp,TRUE
SS1651910974793,CN,TD,catch,请选春天,catch_resp,TRUE
SS1651912088419,CN,TD,catch,请选春天,catch_resp,TRUE
SS1651915236922,CN,TD,catch,请选猫,catch_resp,TRUE
SS1651916837690,CN,TD,catch,请选春天,catch_resp,TRUE
SS1651916886491,CN,TD,catch,请选猫,catch_resp,TRUE
SS1651918483229,CN,TD,catch,请选猫,catch_resp,TRUE
SS1651919285907,CN,TD,catch,请选猫,catch_resp,TRUE
SS1651921503296,CN,TD,catch,请选春天,catch_resp,TRUE
SS1651922816094,CN,TD,catch,请选猫,catch_resp,TRUE
SS1651924494966,CN,TD,catch,请选猫,catch_resp,TRUE
SS1651926576151,CN,TD,catch,请选春天,catch_resp,TRUE
SS1651926856493,CN,TD,catch,请选猫,catch_resp,TRUE
SS1651928385240,CN,TD,catch,请选春天,catch_resp,TRUE
SS1651932416698,CN,TD,catch,请选猫,catch_resp,TRUE
SS1651934015946,CN,TD,catch,请选猫,catch_resp,TRUE
SS1651616817210,US,TD,catch,choose.spring,catch_resp,TRUE
SS1651616819170,US,TD,catch,choose.cat,catch_resp,TRUE
SS1651616821119,US,TD,catch,choose.cat,catch_resp,TRUE
SS1651616823657,US,TD,catch,choose.spring,catch_resp,TRUE
SS1651616824013,US,TD,catch,choose.spring,catch_resp,TRUE
SS1651616827589,US,TD,catch,choose.spring,catch_resp,TRUE
SS1651616829561,US,TD,catch,choose.spring,catch_resp,TRUE
SS1651616834023,US,TD,catch,choose.cat,catch_resp,TRUE
SS1651616835091,US,TD,catch,choose.cat,catch_resp,TRUE
SS1651616837719,US,TD,catch,choose.cat,catch_resp,TRUE
SS1651616838947,US,TD,catch,choose.cat,catch_resp,TRUE
SS1651616839031,US,TD,catch,choose.spring,catch_resp,TRUE
SS1651616839120,US,TD,catch,choose.cat,catch_resp,TRUE
SS1651616839551,US,TD,catch,choose.cat,catch_resp,TRUE
SS1651616839622,US,TD,catch,choose.cat,catch_resp,TRUE
SS1651616840889,US,TD,catch,choose.spring,catch_resp,TRUE
SS1651616841722,US,TD,catch,choose.cat,catch_resp,TRUE
SS1651616841972,US,TD,catch,choose.cat,catch_resp,TRUE
SS1651616843053,US,TD,catch,choose.spring,catch_resp,TRUE
SS1651616844450,US,TD,catch,choose.spring,catch_resp,TRUE
SS1651616844684,US,TD,catch,choose.cat,catch_resp,TRUE
SS1651616844911,US,TD,catch,choose.spring,catch_resp,TRUE
SS1651616846951,US,TD,catch,choose.cat,catch_resp,TRUE
SS1651616850845,US,TD,catch,choose.spring,catch_resp,TRUE
SS1651616854167,US,TD,catch,choose.spring,catch_resp,TRUE
SS1651616854402,US,TD,catch,choose.cat,catch_resp,TRUE
SS1651616857792,US,TD,catch,choose.cat,catch_resp,TRUE
SS1651616858489,US,TD,catch,choose.spring,catch_resp,TRUE
SS1651616858633,US,TD,catch,choose.cat,catch_resp,TRUE
SS1651616860080,US,TD,catch,choose.spring,catch_resp,TRUE
SS1651616860708,US,TD,catch,choose.spring,catch_resp,TRUE
SS1651616861128,US,TD,catch,choose.spring,catch_resp,TRUE
SS1651616861546,US,TD,catch,choose.spring,catch_resp,TRUE
SS1651616863114,US,TD,catch,choose.cat,catch_resp,TRUE
SS1651616863145,US,TD,catch,choose.spring,catch_resp,TRUE
SS1651616876627,US,TD,catch,choose.spring,catch_resp,TRUE
SS1651616909217,US,TD,catch,choose.cat,catch_resp,TRUE
SS1651616969092,US,TD,catch,choose.spring,catch_resp,TRUE
SS1651616969595,US,TD,catch,choose.cat,catch_resp,TRUE
SS1651616982939,US,TD,catch,choose.cat,catch_resp,TRUE
SS1651617013503,US,TD,catch,choose.cat,catch_resp,TRUE
SS1651617033971,US,TD,catch,choose.cat,catch_resp,TRUE
SS1651617071100,US,TD,catch,choose.cat,catch_resp,TRUE
SS1651617143573,US,TD,catch,choose.spring,catch_resp,TRUE
SS1651617282312,US,TD,catch,choose.cat,catch_resp,TRUE
SS1651617310480,US,TD,catch,choose.cat,catch_resp,TRUE
SS1651618567608,US,TD,catch,choose.cat,catch_resp,TRUE
SS1651624230659,US,TD,catch,choose.spring,catch_resp,TRUE
SS1651678150777,US,TD,catch,choose.spring,catch_resp,TRUE
SS1651678198123,US,TD,catch,choose.cat,catch_resp,TRUE
SS1651678202019,US,TD,catch,choose.spring,catch_resp,TRUE
SS1651678206055,US,TD,catch,choose.spring,catch_resp,TRUE
SS1651678216185,US,TD,catch,choose.spring,catch_resp,TRUE
SS1651678216437,US,TD,catch,choose.cat,catch_resp,TRUE
SS1651678218891,US,TD,catch,choose.spring,catch_resp,TRUE
SS1651678220434,US,TD,catch,choose.cat,catch_resp,TRUE
SS1651678224995,US,TD,catch,choose.spring,catch_resp,TRUE
SS1651678226524,US,TD,catch,choose.cat,catch_resp,TRUE
SS1651678227696,US,TD,catch,choose.cat,catch_resp,TRUE
SS1651678229872,US,TD,catch,choose.spring,catch_resp,TRUE
SS1651678231224,US,TD,catch,choose.cat,catch_resp,TRUE
SS1651678232565,US,TD,catch,choose.cat,catch_resp,TRUE
SS1651678239759,US,TD,catch,choose.spring,catch_resp,TRUE
SS1651678242246,US,TD,catch,choose.cat,catch_resp,TRUE
SS1651678243882,US,TD,catch,choose.spring,catch_resp,TRUE
SS1651678244241,US,TD,catch,choose.spring,catch_resp,TRUE
SS1651678245327,US,TD,catch,choose.spring,catch_resp,TRUE
SS1651678246113,US,TD,catch,choose.cat,catch_resp,TRUE
SS1651678246330,US,TD,catch,choose.cat,catch_resp,TRUE
SS1651678248637,US,TD,catch,choose.cat,catch_resp,TRUE
SS1651678248989,US,TD,catch,choose.spring,catch_resp,TRUE
SS1651678249603,US,TD,catch,choose.cat,catch_resp,TRUE
SS1651678250397,US,TD,catch,choose.spring,catch_resp,TRUE
SS1651678252363,US,TD,catch,choose.spring,catch_resp,TRUE
SS1651678252935,US,TD,catch,choose.cat,catch_resp,TRUE
SS1651678253736,US,TD,catch,choose.cat,catch_resp,TRUE
SS1651678256204,US,TD,catch,choose.cat,catch_resp,TRUE
SS1651678257395,US,TD,catch,choose.spring,catch_resp,TRUE
SS1651678258791,US,TD,catch,choose.spring,catch_resp,TRUE
SS1651678259296,US,TD,catch,choose.spring,catch_resp,TRUE
SS1651678260164,US,TD,catch,choose.cat,catch_resp,TRUE
SS1651678260331,US,TD,catch,choose.cat,catch_resp,TRUE
SS1651678260663,US,TD,catch,choose.spring,catch_resp,TRUE
SS1651678261063,US,TD,catch,choose.cat,catch_resp,TRUE
SS1651678261912,US,TD,catch,choose.spring,catch_resp,TRUE
SS1651678262590,US,TD,catch,choose.cat,catch_resp,TRUE
SS1651678262854,US,TD,catch,choose.cat,catch_resp,TRUE
SS1651678263725,US,TD,catch,choose.spring,catch_resp,TRUE
SS1651678265100,US,TD,catch,choose.cat,catch_resp,TRUE
SS1651678265263,US,TD,catch,choose.cat,catch_resp,TRUE
SS1651678267011,US,TD,catch,choose.cat,catch_resp,TRUE
SS1651678267140,US,TD,catch,choose.spring,catch_resp,TRUE
SS1651678267405,US,TD,catch,choose.spring,catch_resp,TRUE
SS1651678268119,US,TD,catch,choose.spring,catch_resp,TRUE
SS1651678270245,US,TD,catch,choose.cat,catch_resp,TRUE
SS1651678270524,US,TD,catch,choose.cat,catch_resp,TRUE
SS1651678271326,US,TD,catch,choose.cat,catch_resp,TRUE
SS1651678274966,US,TD,catch,choose.spring,catch_resp,TRUE
SS1651678278178,US,TD,catch,choose.cat,catch_resp,TRUE
SS1651678298946,US,TD,catch,choose.cat,catch_resp,TRUE
SS1651678302508,US,TD,catch,choose.spring,catch_resp,TRUE
SS1651678327719,US,TD,catch,choose.spring,catch_resp,TRUE
SS1651678328286,US,TD,catch,choose.spring,catch_resp,TRUE
SS1651678331156,US,TD,catch,choose.cat,catch_resp,TRUE
SS1651678353530,US,TD,catch,choose.spring,catch_resp,TRUE
SS1651678384991,US,TD,catch,choose.cat,catch_resp,TRUE
SS1651678386286,US,TD,catch,choose.spring,catch_resp,TRUE
SS1651678409670,US,TD,catch,choose.spring,catch_resp,TRUE
SS1651678434328,US,TD,catch,choose.spring,catch_resp,TRUE
SS1651678459452,US,TD,catch,choose.cat,catch_resp,TRUE
SS1651678462364,US,TD,catch,choose.spring,catch_resp,TRUE
SS1651678474300,US,TD,catch,choose.cat,catch_resp,TRUE
SS1651678537895,US,TD,catch,choose.cat,catch_resp,TRUE
SS1651678538948,US,TD,catch,choose.cat,catch_resp,TRUE
SS1651678556653,US,TD,catch,choose.cat,catch_resp,TRUE
SS1651678559284,US,TD,catch,choose.spring,catch_resp,TRUE
SS1651678574838,US,TD,catch,choose.spring,catch_resp,TRUE
SS1651678625157,US,TD,catch,choose.spring,catch_resp,TRUE
SS1651678626616,US,TD,catch,choose.cat,catch_resp,TRUE
SS1651678635745,US,TD,catch,choose.cat,catch_resp,TRUE
SS1651678637077,US,TD,catch,choose.cat,catch_resp,TRUE
SS1651678701050,US,TD,catch,choose.spring,catch_resp,TRUE
SS1651678717637,US,TD,catch,choose.spring,catch_resp,TRUE
SS1651678770686,US,TD,catch,choose.cat,catch_resp,TRUE
SS1651678809453,US,TD,catch,choose.cat,catch_resp,TRUE
SS1651678955017,US,TD,catch,choose.spring,catch_resp,TRUE
SS1651679034205,US,TD,catch,choose.spring,catch_resp,TRUE
SS1651679448134,US,TD,catch,choose.cat,catch_resp,TRUE
SS1651679534071,US,TD,catch,choose.spring,catch_resp,TRUE
SS1651679569580,US,TD,catch,choose.cat,catch_resp,TRUE
SS1651679629301,US,TD,catch,choose.cat,catch_resp,TRUE
SS1651679984067,US,TD,catch,choose.cat,catch_resp,TRUE
SS1651680129189,US,TD,catch,choose.cat,catch_resp,TRUE
SS1651680530568,US,TD,catch,choose.cat,catch_resp,TRUE
SS1651680818305,US,TD,catch,choose.spring,catch_resp,TRUE
SS1651680994828,US,TD,catch,choose.cat,catch_resp,TRUE
SS1651681877580,US,TD,catch,choose.cat,catch_resp,TRUE
SS1651682805154,US,TD,catch,choose.spring,catch_resp,TRUE
SS1651687447221,US,TD,catch,choose.cat,catch_resp,TRUE
SS1651689857645,US,TD,catch,choose.spring,catch_resp,TRUE
SS1651690446636,US,TD,catch,choose.cat,catch_resp,TRUE
SS1651690626669,US,TD,catch,choose.spring,catch_resp,TRUE
SS1651690672320,US,TD,catch,choose.cat,catch_resp,TRUE
SS1651690674639,US,TD,catch,choose.spring,catch_resp,TRUE
SS1651690678231,US,TD,catch,choose.spring,catch_resp,TRUE
SS1651690678388,US,TD,catch,choose.spring,catch_resp,TRUE
SS1651690681690,US,TD,catch,choose.spring,catch_resp,TRUE
SS1651690683219,US,TD,catch,choose.spring,catch_resp,TRUE
SS1651690685286,US,TD,catch,choose.cat,catch_resp,TRUE
SS1651690687499,US,TD,catch,choose.cat,catch_resp,TRUE
SS1651690687538,US,TD,catch,choose.cat,catch_resp,TRUE
SS1651690691047,US,TD,catch,choose.cat,catch_resp,TRUE
SS1651690691327,US,TD,catch,choose.cat,catch_resp,TRUE
SS1651690698980,US,TD,catch,choose.cat,catch_resp,TRUE
SS1651690706045,US,TD,catch,choose.spring,catch_resp,TRUE
SS1651690707343,US,TD,catch,choose.cat,catch_resp,TRUE
SS1651690707467,US,TD,catch,choose.cat,catch_resp,TRUE
SS1651690708015,US,TD,catch,choose.spring,catch_resp,TRUE
SS1651690711805,US,TD,catch,choose.cat,catch_resp,TRUE
SS1651690714289,US,TD,catch,choose.cat,catch_resp,TRUE
SS1651690719363,US,TD,catch,choose.spring,catch_resp,TRUE
SS1651690719510,US,TD,catch,choose.spring,catch_resp,TRUE
SS1651690723933,US,TD,catch,choose.spring,catch_resp,TRUE
SS1651690727662,US,TD,catch,choose.spring,catch_resp,TRUE
SS1651690727759,US,TD,catch,choose.spring,catch_resp,TRUE
SS1651690729593,US,TD,catch,choose.spring,catch_resp,TRUE
SS1651690730467,US,TD,catch,choose.cat,catch_resp,TRUE
SS1651690731537,US,TD,catch,choose.spring,catch_resp,TRUE
SS1651690732177,US,TD,catch,choose.spring,catch_resp,TRUE
SS1651690735020,US,TD,catch,choose.spring,catch_resp,TRUE
SS1651690737808,US,TD,catch,choose.spring,catch_resp,TRUE
SS1651690740366,US,TD,catch,choose.cat,catch_resp,TRUE
SS1651690741486,US,TD,catch,choose.cat,catch_resp,TRUE
SS1651690741942,US,TD,catch,choose.spring,catch_resp,TRUE
SS1651690743939,US,TD,catch,choose.spring,catch_resp,TRUE
SS1651690748106,US,TD,catch,choose.cat,catch_resp,TRUE
SS1651690758188,US,TD,catch,choose.cat,catch_resp,TRUE
SS1651690762770,US,TD,catch,choose.spring,catch_resp,TRUE
SS1651690768899,US,TD,catch,choose.spring,catch_resp,TRUE
SS1651690782524,US,TD,catch,choose.spring,catch_resp,TRUE
SS1651690793463,US,TD,catch,choose.cat,catch_resp,TRUE
SS1651690802568,US,TD,catch,choose.cat,catch_resp,TRUE
SS1651690810190,US,TD,catch,choose.cat,catch_resp,TRUE
SS1651690858692,US,TD,catch,choose.spring,catch_resp,TRUE
SS1651690873357,US,TD,catch,choose.cat,catch_resp,TRUE
SS1651690892118,US,TD,catch,choose.cat,catch_resp,TRUE
SS1651690926515,US,TD,catch,choose.cat,catch_resp,TRUE
SS1651690932141,US,TD,catch,choose.spring,catch_resp,TRUE
SS1651690949027,US,TD,catch,choose.spring,catch_resp,TRUE
SS1651691043519,US,TD,catch,choose.spring,catch_resp,TRUE
SS1651691175620,US,TD,catch,choose.cat,catch_resp,TRUE
SS1651691207769,US,TD,catch,choose.spring,catch_resp,TRUE
SS1651691673018,US,TD,catch,choose.cat,catch_resp,TRUE
SS1651692016531,US,TD,catch,choose.cat,catch_resp,TRUE
SS1651692160397,US,TD,catch,choose.cat,catch_resp,TRUE
SS1651694070275,US,TD,catch,choose.cat,catch_resp,TRUE
SS1651697396411,US,TD,catch,choose.cat,catch_resp,TRUE
SS1651868487521,US,TD,catch,choose.spring,catch_resp,TRUE
SS1651868699067,US,TD,catch,choose.spring,catch_resp,TRUE
SS1651868701012,US,TD,catch,choose.cat,catch_resp,TRUE
SS1651868705438,US,TD,catch,choose.cat,catch_resp,TRUE
SS1651868707186,US,TD,catch,choose.cat,catch_resp,TRUE
SS1651868708760,US,TD,catch,choose.spring,catch_resp,TRUE
SS1651868710355,US,TD,catch,choose.cat,catch_resp,TRUE
SS1651868712524,US,TD,catch,choose.cat,catch_resp,TRUE
SS1651868713554,US,TD,catch,choose.cat,catch_resp,TRUE
SS1651868714312,US,TD,catch,choose.spring,catch_resp,TRUE
SS1651868714404,US,TD,catch,choose.spring,catch_resp,TRUE
SS1651868716048,US,TD,catch,choose.cat,catch_resp,TRUE
SS1651868717843,US,TD,catch,choose.spring,catch_resp,TRUE
SS1651868718682,US,TD,catch,choose.cat,catch_resp,TRUE
SS1651868720723,US,TD,catch,choose.spring,catch_resp,TRUE
SS1651868725160,US,TD,catch,choose.spring,catch_resp,TRUE
SS1651868736601,US,TD,catch,choose.spring,catch_resp,TRUE
SS1651868738305,US,TD,catch,choose.cat,catch_resp,TRUE
SS1651868744832,US,TD,catch,choose.cat,catch_resp,TRUE
SS1651868744957,US,TD,catch,choose.cat,catch_resp,TRUE
SS1651868745180,US,TD,catch,choose.spring,catch_resp,TRUE
SS1651868745703,US,TD,catch,choose.cat,catch_resp,TRUE
SS1651868751261,US,TD,catch,choose.spring,catch_resp,TRUE
SS1651868754302,US,TD,catch,choose.spring,catch_resp,TRUE
SS1651868756130,US,TD,catch,choose.cat,catch_resp,TRUE
SS1651868757005,US,TD,catch,choose.cat,catch_resp,TRUE
SS1651868767690,US,TD,catch,choose.cat,catch_resp,TRUE
SS1651868773205,US,TD,catch,choose.spring,catch_resp,TRUE
SS1651868778604,US,TD,catch,choose.cat,catch_resp,TRUE
SS1651868779378,US,TD,catch,choose.cat,catch_resp,TRUE
SS1651868780067,US,TD,catch,choose.spring,catch_resp,TRUE
SS1651868782330,US,TD,catch,choose.spring,catch_resp,TRUE
SS1651868783532,US,TD,catch,choose.spring,catch_resp,TRUE
SS1651868784777,US,TD,catch,choose.spring,catch_resp,TRUE
SS1651868788340,US,TD,catch,choose.spring,catch_resp,TRUE
SS1651868788402,US,TD,catch,choose.cat,catch_resp,TRUE
SS1651868793732,US,TD,catch,choose.spring,catch_resp,TRUE
SS1651868796147,US,TD,catch,choose.cat,catch_resp,TRUE
SS1651868796810,US,TD,catch,choose.cat,catch_resp,TRUE
SS1651868799606,US,TD,catch,choose.spring,catch_resp,TRUE
SS1651868800189,US,TD,catch,choose.spring,catch_resp,TRUE
SS1651868802451,US,TD,catch,choose.spring,catch_resp,TRUE
SS1651868810933,US,TD,catch,choose.cat,catch_resp,TRUE
SS1651868811761,US,TD,catch,choose.cat,catch_resp,TRUE
SS1651868811860,US,TD,catch,choose.cat,catch_resp,TRUE
SS1651868812123,US,TD,catch,choose.spring,catch_resp,TRUE
SS1651868816028,US,TD,catch,choose.cat,catch_resp,TRUE
SS1651868817160,US,TD,catch,choose.spring,catch_resp,TRUE
SS1651868817171,US,TD,catch,choose.spring,catch_resp,TRUE
SS1651868820237,US,TD,catch,choose.spring,catch_resp,TRUE
SS1651868826063,US,TD,catch,choose.spring,catch_resp,TRUE
SS1651868827795,US,TD,catch,choose.cat,catch_resp,TRUE
SS1651868828049,US,TD,catch,choose.spring,catch_resp,TRUE
SS1651868830966,US,TD,catch,choose.cat,catch_resp,TRUE
SS1651868834466,US,TD,catch,choose.cat,catch_resp,TRUE
SS1651868837282,US,TD,catch,choose.spring,catch_resp,TRUE
SS1651868839147,US,TD,catch,choose.spring,catch_resp,TRUE
SS1651868839906,US,TD,catch,choose.spring,catch_resp,TRUE
SS1651868840289,US,TD,catch,choose.spring,catch_resp,TRUE
SS1651868840790,US,TD,catch,choose.spring,catch_resp,TRUE
SS1651868850581,US,TD,catch,choose.spring,catch_resp,TRUE
SS1651868852345,US,TD,catch,choose.cat,catch_resp,TRUE
SS1651868868975,US,TD,catch,choose.cat,catch_resp,TRUE
SS1651868873914,US,TD,catch,choose.cat,catch_resp,TRUE
SS1651868876318,US,TD,catch,choose.spring,catch_resp,TRUE
SS1651868901145,US,TD,catch,choose.cat,catch_resp,TRUE
SS1651868924360,US,TD,catch,choose.cat,catch_resp,TRUE
SS1651868966456,US,TD,catch,choose.cat,catch_resp,TRUE
SS1651869014963,US,TD,catch,choose.spring,catch_resp,TRUE
SS1651869017878,US,TD,catch,choose.spring,catch_resp,TRUE
SS1651869021473,US,TD,catch,choose.spring,catch_resp,TRUE
SS1651869024622,US,TD,catch,choose.cat,catch_resp,TRUE
SS1651869038791,US,TD,catch,choose.cat,catch_resp,TRUE
SS1651869076619,US,TD,catch,choose.spring,catch_resp,TRUE
SS1651869096666,US,TD,catch,choose.cat,catch_resp,TRUE
SS1651869107778,US,TD,catch,choose.cat,catch_resp,TRUE
SS1651869115143,US,TD,catch,choose.cat,catch_resp,TRUE
SS1651869117517,US,TD,catch,choose.spring,catch_resp,TRUE
SS1651869119140,US,TD,catch,choose.spring,catch_resp,TRUE
SS1651869128913,US,TD,catch,choose.cat,catch_resp,TRUE
SS1651869192697,US,TD,catch,choose.cat,catch_resp,TRUE
SS1651869198002,US,TD,catch,choose.cat,catch_resp,TRUE
SS1651869512955,US,TD,catch,choose.spring,catch_resp,TRUE
SS1651869609511,US,TD,catch,choose.spring,catch_resp,TRUE
SS1651869808693,US,TD,catch,choose.spring,catch_resp,TRUE
SS1651869849200,US,TD,catch,choose.spring,catch_resp,TRUE
SS1651870014949,US,TD,catch,choose.cat,catch_resp,TRUE
SS1651870238624,US,TD,catch,choose.spring,catch_resp,TRUE
SS1651870376242,US,TD,catch,choose.cat,catch_resp,TRUE
SS1651870443746,US,TD,catch,choose.cat,catch_resp,TRUE
SS1651871550730,US,TD,catch,choose.cat,catch_resp,TRUE
SS1651871841115,US,TD,catch,choose.cat,catch_resp,TRUE
SS1651871889261,US,TD,catch,choose.spring,catch_resp,TRUE
SS1651872480719,US,TD,catch,choose.cat,catch_resp,TRUE
SS1651873332890,US,TD,catch,choose.spring,catch_resp,TRUE
SS1651873359386,US,TD,catch,choose.cat,catch_resp,TRUE
SS1651878926426,US,TD,catch,choose.cat,catch_resp,TRUE
SS1651878928252,US,TD,catch,choose.cat,catch_resp,TRUE
SS1651544690789,CN,TD,catch,请选猫,catch_resp,TRUE
SS1651544913549,CN,TD,catch,请选春天,catch_resp,TRUE
SS1651544929438,CN,TD,catch,请选春天,catch_resp,TRUE
SS1651545081461,CN,TD,catch,请选春天,catch_resp,TRUE
SS1651545105150,CN,TD,catch,请选春天,catch_resp,TRUE
SS1651545107281,CN,TD,catch,请选猫,catch_resp,TRUE
SS1651545123067,CN,TD,catch,请选春天,catch_resp,TRUE
SS1651545188145,CN,TD,catch,请选春天,catch_resp,TRUE
SS1651545279588,CN,TD,catch,请选春天,catch_resp,TRUE
SS1651545285513,CN,TD,catch,请选春天,catch_resp,TRUE
SS1651545357097,CN,TD,catch,请选春天,catch_resp,TRUE
SS1651545751233,CN,TD,catch,请选春天,catch_resp,TRUE
SS1651546122639,CN,TD,catch,请选猫,catch_resp,TRUE
SS1651546827542,CN,TD,catch,请选春天,catch_resp,TRUE
SS1651546915326,CN,TD,catch,请选猫,catch_resp,TRUE
SS1651547162777,CN,TD,catch,请选猫,catch_resp,TRUE
SS1651548143005,CN,TD,catch,请选猫,catch_resp,TRUE
SS1651552362039,CN,TD,catch,请选猫,catch_resp,TRUE
SS1651552837542,CN,TD,catch,请选春天,catch_resp,TRUE
SS1651553474432,CN,TD,catch,请选春天,catch_resp,TRUE
SS1651553913160,CN,TD,catch,请选春天,catch_resp,TRUE
SS1651553969715,CN,TD,catch,请选春天,catch_resp,TRUE
SS1651554145523,CN,TD,catch,请选猫,catch_resp,TRUE
SS1651554184228,CN,TD,catch,请选春天,catch_resp,TRUE
SS1651554284065,CN,TD,catch,请选春天,catch_resp,TRUE
SS1651554809980,CN,TD,catch,请选春天,catch_resp,TRUE
SS1651555233128,CN,TD,catch,请选猫,catch_resp,TRUE
SS1651559729763,CN,TD,catch,请选猫,catch_resp,TRUE
SS1651560025455,CN,TD,catch,请选春天,catch_resp,TRUE
SS1651561685665,CN,TD,catch,请选春天,catch_resp,TRUE
SS1651562034956,CN,TD,catch,请选春天,catch_resp,TRUE
SS1651562868228,CN,TD,catch,请选猫,catch_resp,TRUE
SS1651564260438,CN,TD,catch,请选春天,catch_resp,TRUE
SS1651564308340,CN,TD,catch,请选春天,catch_resp,TRUE
SS1651565828518,CN,TD,catch,请选猫,catch_resp,TRUE
SS1651568252846,CN,TD,catch,请选猫,catch_resp,TRUE
SS1651568382617,CN,TD,catch,请选春天,catch_resp,TRUE
SS1651568918829,CN,TD,catch,请选猫,catch_resp,TRUE
SS1651570752111,CN,TD,catch,请选猫,catch_resp,TRUE
SS1651571509239,CN,TD,catch,请选猫,catch_resp,TRUE
SS1651572914976,CN,TD,catch,请选猫,catch_resp,TRUE
SS1651576408487,CN,TD,catch,请选猫,catch_resp,TRUE
SS1651578940027,CN,TD,catch,请选春天,catch_resp,TRUE
SS1651579399729,CN,TD,catch,请选猫,catch_resp,TRUE
SS1651582669897,CN,TD,catch,请选猫,catch_resp,TRUE
SS1651620046254,CN,TD,catch,请选春天,catch_resp,TRUE
SS1651623308643,CN,TD,catch,请选猫,catch_resp,TRUE
SS1651625504097,CN,TD,catch,请选猫,catch_resp,TRUE
SS1651629675682,CN,TD,catch,请选猫,catch_resp,TRUE
SS1651631038398,CN,TD,catch,请选春天,catch_resp,TRUE
SS1651631374290,CN,TD,catch,请选猫,catch_resp,TRUE
SS1651632269384,CN,TD,catch,请选春天,catch_resp,TRUE
SS1651633449820,CN,TD,catch,请选猫,catch_resp,TRUE
SS1651634088254,CN,TD,catch,请选春天,catch_resp,TRUE
SS1651634616537,CN,TD,catch,请选猫,catch_resp,TRUE
SS1651634772197,CN,TD,catch,请选猫,catch_resp,TRUE
SS1651636059839,CN,TD,catch,请选猫,catch_resp,TRUE
SS1651637972613,CN,TD,catch,请选春天,catch_resp,TRUE
SS1651642739005,CN,TD,catch,请选春天,catch_resp,TRUE
SS1651644576691,CN,TD,catch,请选猫,catch_resp,TRUE
SS1651645903803,CN,TD,catch,请选猫,catch_resp,TRUE
SS1651648364635,CN,TD,catch,请选猫,catch_resp,TRUE
SS1651649525276,CN,TD,catch,请选春天,catch_resp,TRUE
SS1651652206023,CN,TD,catch,请选春天,catch_resp,TRUE
SS1651652979760,CN,TD,catch,请选春天,catch_resp,TRUE
SS1651654468673,CN,TD,catch,请选春天,catch_resp,TRUE
SS1651654992618,CN,TD,catch,请选猫,catch_resp,TRUE
SS1651655612985,CN,TD,catch,请选猫,catch_resp,TRUE
SS1651660777144,CN,TD,catch,请选猫,catch_resp,TRUE
SS1651661370426,CN,TD,catch,请选春天,catch_resp,TRUE
SS1651662575870,CN,TD,catch,请选春天,catch_resp,TRUE
SS1651663394470,CN,TD,catch,请选猫,catch_resp,TRUE
SS1651664105704,CN,TD,catch,请选猫,catch_resp,TRUE
SS1651665034176,CN,TD,catch,请选猫,catch_resp,TRUE
SS1651666650135,CN,TD,catch,请选春天,catch_resp,TRUE
SS1651669607417,CN,TD,catch,请选猫,catch_resp,TRUE
SS1651669856701,CN,TD,catch,请选春天,catch_resp,TRUE
SS1651672824225,CN,TD,catch,请选春天,catch_resp,TRUE
SS1651674999028,CN,TD,catch,请选春天,catch_resp,TRUE
SS1651675575564,CN,TD,catch,请选春天,catch_resp,TRUE
SS1651675739437,CN,TD,catch,请选春天,catch_resp,TRUE
SS1651682617757,CN,TD,catch,请选猫,catch_resp,TRUE
SS1651705155608,CN,TD,catch,请选猫,catch_resp,TRUE
SS1651713128281,CN,TD,catch,请选春天,catch_resp,TRUE
SS1651721379726,CN,TD,catch,请选春天,catch_resp,TRUE
SS1651724542208,CN,TD,catch,请选猫,catch_resp,TRUE
SS1651726203467,CN,TD,catch,请选猫,catch_resp,TRUE
SS1651727116955,CN,TD,catch,请选猫,catch_resp,TRUE
SS1651727696486,CN,TD,catch,请选猫,catch_resp,TRUE
SS1651728177417,CN,TD,catch,请选春天,catch_resp,TRUE
SS1651729682124,CN,TD,catch,请选春天,catch_resp,TRUE
SS1651729792731,CN,TD,catch,请选猫,catch_resp,TRUE
SS1651731235827,CN,TD,catch,请选猫,catch_resp,TRUE
SS1651732296508,CN,TD,catch,请选猫,catch_resp,TRUE
SS1651737005457,CN,TD,catch,请选猫,catch_resp,TRUE
SS1651737139245,CN,TD,catch,请选猫,catch_resp,TRUE
SS1651739183035,CN,TD,catch,请选猫,catch_resp,TRUE
SS1651740018095,CN,TD,catch,请选春天,catch_resp,TRUE
SS1651742060593,CN,TD,catch,请选猫,catch_resp,TRUE
SS1651743246534,CN,TD,catch,请选猫,catch_resp,TRUE
SS1651744688510,CN,TD,catch,请选猫,catch_resp,TRUE
SS1651744829480,CN,TD,catch,请选春天,catch_resp,TRUE
SS1651747335475,CN,TD,catch,请选春天,catch_resp,TRUE
SS1651748703908,CN,TD,catch,请选猫,catch_resp,TRUE
SS1651751338853,CN,TD,catch,请选春天,catch_resp,TRUE
SS1651751579584,CN,TD,catch,请选春天,catch_resp,TRUE
SS1651761786814,CN,TD,catch,请选猫,catch_resp,TRUE
SS1651762141455,CN,TD,catch,请选春天,catch_resp,TRUE
SS1651763037034,CN,TD,catch,请选春天,catch_resp,TRUE
SS1651764193629,CN,TD,catch,请选猫,catch_resp,TRUE
SS1651765169248,CN,TD,catch,请选猫,catch_resp,TRUE
SS1651765469703,CN,TD,catch,请选春天,catch_resp,TRUE
SS1651765894743,CN,TD,catch,请选猫,catch_resp,TRUE
SS1651765911820,CN,TD,catch,请选猫,catch_resp,TRUE
SS1651767555827,CN,TD,catch,请选春天,catch_resp,TRUE
SS1651769304707,CN,TD,catch,请选春天,catch_resp,TRUE
SS1651771465459,CN,TD,catch,请选猫,catch_resp,TRUE
SS1651783487150,CN,TD,catch,请选春天,catch_resp,TRUE
SS1651798074227,CN,TD,catch,请选猫,catch_resp,TRUE
SS1651799596238,CN,TD,catch,请选猫,catch_resp,TRUE
SS1651802919199,CN,TD,catch,请选猫,catch_resp,TRUE
SS1651804378273,CN,TD,catch,请选猫,catch_resp,TRUE
SS1651804729362,CN,TD,catch,请选猫,catch_resp,TRUE
SS1651804768520,CN,TD,catch,请选猫,catch_resp,TRUE
SS1651806183814,CN,TD,catch,请选春天,catch_resp,TRUE
SS1651807227958,CN,TD,catch,请选春天,catch_resp,TRUE
SS1651807671427,CN,TD,catch,请选猫,catch_resp,TRUE
SS1651809674248,CN,TD,catch,请选春天,catch_resp,TRUE
SS1651810536901,CN,TD,catch,请选春天,catch_resp,TRUE
SS1651810766684,CN,TD,catch,请选猫,catch_resp,TRUE
SS1651811217708,CN,TD,catch,请选春天,catch_resp,TRUE
SS1651812084324,CN,TD,catch,请选猫,catch_resp,TRUE
SS1651813057402,CN,TD,catch,请选猫,catch_resp,TRUE
SS1651813633535,CN,TD,catch,请选猫,catch_resp,TRUE
SS1651818877028,CN,TD,catch,请选猫,catch_resp,TRUE
SS1651819204055,CN,TD,catch,请选春天,catch_resp,TRUE
SS1651821991579,CN,TD,catch,请选春天,catch_resp,TRUE
SS1651822926317,CN,TD,catch,请选猫,catch_resp,TRUE
SS1651827681410,CN,TD,catch,请选春天,catch_resp,TRUE
SS1651828791480,CN,TD,catch,请选春天,catch_resp,TRUE
SS1651835352625,CN,TD,catch,请选猫,catch_resp,TRUE
SS1651837328638,CN,TD,catch,请选猫,catch_resp,TRUE
SS1651837445397,CN,TD,catch,请选猫,catch_resp,TRUE
SS1651837683659,CN,TD,catch,请选春天,catch_resp,TRUE
SS1651839455332,CN,TD,catch,请选春天,catch_resp,TRUE
SS1651840732818,CN,TD,catch,请选猫,catch_resp,TRUE
SS1651840989750,CN,TD,catch,请选猫,catch_resp,TRUE
SS1651844131204,CN,TD,catch,请选猫,catch_resp,TRUE
SS1651845522237,CN,TD,catch,请选春天,catch_resp,TRUE
SS1651845673245,CN,TD,catch,请选猫,catch_resp,TRUE
SS1651847391324,CN,TD,catch,请选猫,catch_resp,TRUE
SS1651849043017,CN,TD,catch,请选春天,catch_resp,TRUE
SS1651849550334,CN,TD,catch,请选春天,catch_resp,TRUE
SS1651890985414,CN,TD,catch,请选春天,catch_resp,TRUE
SS1651891187280,CN,TD,catch,请选猫,catch_resp,TRUE
SS1651897042062,CN,TD,catch,请选春天,catch_resp,TRUE
SS1651901964830,CN,TD,catch,请选猫,catch_resp,TRUE
SS1651905218784,CN,TD,catch,请选春天,catch_resp,TRUE
SS1651906129454,CN,TD,catch,请选猫,catch_resp,TRUE
SS1651906568569,CN,TD,catch,请选猫,catch_resp,TRUE
SS1651906591158,CN,TD,catch,请选春天,catch_resp,TRUE
SS1651906687128,CN,TD,catch,请选春天,catch_resp,TRUE
SS1651907106845,CN,TD,catch,请选猫,catch_resp,TRUE
SS1651910974793,CN,TD,catch,请选猫,catch_resp,TRUE
SS1651912088419,CN,TD,catch,请选猫,catch_resp,TRUE
SS1651915236922,CN,TD,catch,请选春天,catch_resp,TRUE
SS1651916837690,CN,TD,catch,请选猫,catch_resp,TRUE
SS1651916886491,CN,TD,catch,请选春天,catch_resp,TRUE
SS1651918483229,CN,TD,catch,请选春天,catch_resp,TRUE
SS1651919285907,CN,TD,catch,请选春天,catch_resp,TRUE
SS1651921503296,CN,TD,catch,请选猫,catch_resp,TRUE
SS1651922816094,CN,TD,catch,请选春天,catch_resp,TRUE
SS1651924494966,CN,TD,catch,请选春天,catch_resp,TRUE
SS1651926576151,CN,TD,catch,请选猫,catch_resp,TRUE
SS1651926856493,CN,TD,catch,请选春天,catch_resp,TRUE
SS1651928385240,CN,TD,catch,请选猫,catch_resp,TRUE
SS1651932416698,CN,TD,catch,请选春天,catch_resp,TRUE
SS1651934015946,CN,TD,catch,请选春天,catch_resp,TRUE
SS1651616817210,US,SeI,control,claymen1,answer,correct
SS1651616817210,US,SeI,critical,claymen2,answer,causal_historical
SS1651616817210,US,SeI,control,walter1,answer,correct
SS1651616817210,US,SeI,control,walter2,answer,correct
SS1651616817210,US,SeI,critical,superdog1,answer,causal_historical
SS1651616817210,US,SeI,control,superdog2,answer,correct
SS1651616817210,US,SeI,control,monkpic1,answer,correct
SS1651616817210,US,SeI,control,monkpic2,answer,incorrect
SS1651616817210,US,SeI,control,allheal1,answer,correct
SS1651616817210,US,SeI,control,allheal2,answer,correct
SS1651616819170,US,SeI,control,walter1,answer,correct
SS1651616819170,US,SeI,control,walter2,answer,correct
SS1651616819170,US,SeI,control,monkpic1,answer,correct
SS1651616819170,US,SeI,control,monkpic2,answer,incorrect
SS1651616819170,US,SeI,control,claymen1,answer,correct
SS1651616819170,US,SeI,critical,claymen2,answer,descriptivist
SS1651616819170,US,SeI,critical,superdog1,answer,descriptivist
SS1651616819170,US,SeI,control,superdog2,answer,correct
SS1651616819170,US,SeI,control,allheal1,answer,correct
SS1651616819170,US,SeI,control,allheal2,answer,correct
SS1651616821119,US,SeI,control,allheal1,answer,correct
SS1651616821119,US,SeI,control,allheal2,answer,correct
SS1651616821119,US,SeI,control,monkpic1,answer,correct
SS1651616821119,US,SeI,control,monkpic2,answer,incorrect
SS1651616821119,US,SeI,critical,superdog1,answer,causal_historical
SS1651616821119,US,SeI,control,superdog2,answer,correct
SS1651616821119,US,SeI,control,claymen1,answer,correct
SS1651616821119,US,SeI,critical,claymen2,answer,causal_historical
SS1651616821119,US,SeI,control,walter1,answer,correct
SS1651616821119,US,SeI,control,walter2,answer,correct
SS1651616823657,US,SeI,control,walter1,answer,correct
SS1651616823657,US,SeI,control,walter2,answer,correct
SS1651616823657,US,SeI,control,claymen1,answer,correct
SS1651616823657,US,SeI,critical,claymen2,answer,causal_historical
SS1651616823657,US,SeI,control,allheal1,answer,correct
SS1651616823657,US,SeI,control,allheal2,answer,correct
SS1651616823657,US,SeI,critical,superdog1,answer,causal_historical
SS1651616823657,US,SeI,control,superdog2,answer,correct
SS1651616823657,US,SeI,control,monkpic1,answer,correct
SS1651616823657,US,SeI,control,monkpic2,answer,incorrect
SS1651616824013,US,SeI,control,allheal1,answer,correct
SS1651616824013,US,SeI,control,allheal2,answer,correct
SS1651616824013,US,SeI,control,claymen1,answer,correct
SS1651616824013,US,SeI,critical,claymen2,answer,causal_historical
SS1651616824013,US,SeI,control,walter1,answer,correct
SS1651616824013,US,SeI,control,walter2,answer,correct
SS1651616824013,US,SeI,control,monkpic1,answer,correct
SS1651616824013,US,SeI,control,monkpic2,answer,incorrect
SS1651616824013,US,SeI,critical,superdog1,answer,descriptivist
SS1651616824013,US,SeI,control,superdog2,answer,correct
SS1651616827589,US,SeI,control,walter1,answer,correct
SS1651616827589,US,SeI,control,walter2,answer,correct
SS1651616827589,US,SeI,control,monkpic1,answer,correct
SS1651616827589,US,SeI,control,monkpic2,answer,incorrect
SS1651616827589,US,SeI,control,allheal1,answer,incorrect
SS1651616827589,US,SeI,control,allheal2,answer,correct
SS1651616827589,US,SeI,control,claymen1,answer,correct
SS1651616827589,US,SeI,critical,claymen2,answer,causal_historical
SS1651616827589,US,SeI,critical,superdog1,answer,causal_historical
SS1651616827589,US,SeI,control,superdog2,answer,incorrect
SS1651616829561,US,SeI,control,monkpic1,answer,correct
SS1651616829561,US,SeI,control,monkpic2,answer,incorrect
SS1651616829561,US,SeI,control,allheal1,answer,correct
SS1651616829561,US,SeI,control,allheal2,answer,correct
SS1651616829561,US,SeI,control,claymen1,answer,correct
SS1651616829561,US,SeI,critical,claymen2,answer,causal_historical
SS1651616829561,US,SeI,control,walter1,answer,correct
SS1651616829561,US,SeI,control,walter2,answer,correct
SS1651616829561,US,SeI,critical,superdog1,answer,causal_historical
SS1651616829561,US,SeI,control,superdog2,answer,correct
SS1651616834023,US,SeI,control,monkpic1,answer,correct
SS1651616834023,US,SeI,control,monkpic2,answer,incorrect
SS1651616834023,US,SeI,control,claymen1,answer,correct
SS1651616834023,US,SeI,critical,claymen2,answer,causal_historical
SS1651616834023,US,SeI,control,walter1,answer,correct
SS1651616834023,US,SeI,control,walter2,answer,correct
SS1651616834023,US,SeI,critical,superdog1,answer,causal_historical
SS1651616834023,US,SeI,control,superdog2,answer,correct
SS1651616834023,US,SeI,control,allheal1,answer,correct
SS1651616834023,US,SeI,control,allheal2,answer,correct
SS1651616835091,US,SeI,control,walter1,answer,correct
SS1651616835091,US,SeI,control,walter2,answer,correct
SS1651616835091,US,SeI,control,allheal1,answer,correct
SS1651616835091,US,SeI,control,allheal2,answer,correct
SS1651616835091,US,SeI,critical,superdog1,answer,causal_historical
SS1651616835091,US,SeI,control,superdog2,answer,correct
SS1651616835091,US,SeI,control,claymen1,answer,correct
SS1651616835091,US,SeI,critical,claymen2,answer,descriptivist
SS1651616835091,US,SeI,control,monkpic1,answer,correct
SS1651616835091,US,SeI,control,monkpic2,answer,incorrect
SS1651616837719,US,SeI,control,monkpic1,answer,correct
SS1651616837719,US,SeI,control,monkpic2,answer,incorrect
SS1651616837719,US,SeI,control,claymen1,answer,correct
SS1651616837719,US,SeI,critical,claymen2,answer,causal_historical
SS1651616837719,US,SeI,control,allheal1,answer,correct
SS1651616837719,US,SeI,control,allheal2,answer,correct
SS1651616837719,US,SeI,critical,superdog1,answer,descriptivist
SS1651616837719,US,SeI,control,superdog2,answer,correct
SS1651616837719,US,SeI,control,walter1,answer,correct
SS1651616837719,US,SeI,control,walter2,answer,correct
SS1651616838947,US,SeI,control,allheal1,answer,correct
SS1651616838947,US,SeI,control,allheal2,answer,correct
SS1651616838947,US,SeI,control,claymen1,answer,correct
SS1651616838947,US,SeI,critical,claymen2,answer,causal_historical
SS1651616838947,US,SeI,critical,superdog1,answer,causal_historical
SS1651616838947,US,SeI,control,superdog2,answer,correct
SS1651616838947,US,SeI,control,monkpic1,answer,correct
SS1651616838947,US,SeI,control,monkpic2,answer,incorrect
SS1651616838947,US,SeI,control,walter1,answer,correct
SS1651616838947,US,SeI,control,walter2,answer,correct
SS1651616839031,US,SeI,control,walter1,answer,incorrect
SS1651616839031,US,SeI,control,walter2,answer,correct
SS1651616839031,US,SeI,control,allheal1,answer,correct
SS1651616839031,US,SeI,control,allheal2,answer,correct
SS1651616839031,US,SeI,control,claymen1,answer,correct
SS1651616839031,US,SeI,critical,claymen2,answer,causal_historical
SS1651616839031,US,SeI,critical,superdog1,answer,descriptivist
SS1651616839031,US,SeI,control,superdog2,answer,correct
SS1651616839031,US,SeI,control,monkpic1,answer,correct
SS1651616839031,US,SeI,control,monkpic2,answer,incorrect
SS1651616839120,US,SeI,control,walter1,answer,correct
SS1651616839120,US,SeI,control,walter2,answer,correct
SS1651616839120,US,SeI,control,monkpic1,answer,correct
SS1651616839120,US,SeI,control,monkpic2,answer,incorrect
SS1651616839120,US,SeI,critical,superdog1,answer,descriptivist
SS1651616839120,US,SeI,control,superdog2,answer,correct
SS1651616839120,US,SeI,control,allheal1,answer,correct
SS1651616839120,US,SeI,control,allheal2,answer,correct
SS1651616839120,US,SeI,control,claymen1,answer,correct
SS1651616839120,US,SeI,critical,claymen2,answer,causal_historical
SS1651616839551,US,SeI,control,allheal1,answer,correct
SS1651616839551,US,SeI,control,allheal2,answer,correct
SS1651616839551,US,SeI,critical,superdog1,answer,causal_historical
SS1651616839551,US,SeI,control,superdog2,answer,incorrect
SS1651616839551,US,SeI,control,monkpic1,answer,correct
SS1651616839551,US,SeI,control,monkpic2,answer,incorrect
SS1651616839551,US,SeI,control,claymen1,answer,correct
SS1651616839551,US,SeI,critical,claymen2,answer,causal_historical
SS1651616839551,US,SeI,control,walter1,answer,correct
SS1651616839551,US,SeI,control,walter2,answer,correct
SS1651616839622,US,SeI,critical,superdog1,answer,causal_historical
SS1651616839622,US,SeI,control,superdog2,answer,correct
SS1651616839622,US,SeI,control,monkpic1,answer,correct
SS1651616839622,US,SeI,control,monkpic2,answer,incorrect
SS1651616839622,US,SeI,control,allheal1,answer,correct
SS1651616839622,US,SeI,control,allheal2,answer,correct
SS1651616839622,US,SeI,control,claymen1,answer,incorrect
SS1651616839622,US,SeI,critical,claymen2,answer,causal_historical
SS1651616839622,US,SeI,control,walter1,answer,correct
SS1651616839622,US,SeI,control,walter2,answer,correct
SS1651616840889,US,SeI,control,claymen1,answer,correct
SS1651616840889,US,SeI,critical,claymen2,answer,causal_historical
SS1651616840889,US,SeI,critical,superdog1,answer,causal_historical
SS1651616840889,US,SeI,control,superdog2,answer,correct
SS1651616840889,US,SeI,control,allheal1,answer,correct
SS1651616840889,US,SeI,control,allheal2,answer,correct
SS1651616840889,US,SeI,control,monkpic1,answer,correct
SS1651616840889,US,SeI,control,monkpic2,answer,incorrect
SS1651616840889,US,SeI,control,walter1,answer,correct
SS1651616840889,US,SeI,control,walter2,answer,correct
SS1651616841722,US,SeI,control,monkpic1,answer,correct
SS1651616841722,US,SeI,control,monkpic2,answer,incorrect
SS1651616841722,US,SeI,control,allheal1,answer,correct
SS1651616841722,US,SeI,control,allheal2,answer,correct
SS1651616841722,US,SeI,critical,superdog1,answer,descriptivist
SS1651616841722,US,SeI,control,superdog2,answer,correct
SS1651616841722,US,SeI,control,claymen1,answer,correct
SS1651616841722,US,SeI,critical,claymen2,answer,causal_historical
SS1651616841722,US,SeI,control,walter1,answer,correct
SS1651616841722,US,SeI,control,walter2,answer,correct
SS1651616841972,US,SeI,control,monkpic1,answer,correct
SS1651616841972,US,SeI,control,monkpic2,answer,incorrect
SS1651616841972,US,SeI,control,claymen1,answer,correct
SS1651616841972,US,SeI,critical,claymen2,answer,causal_historical
SS1651616841972,US,SeI,control,walter1,answer,correct
SS1651616841972,US,SeI,control,walter2,answer,correct
SS1651616841972,US,SeI,control,allheal1,answer,correct
SS1651616841972,US,SeI,control,allheal2,answer,incorrect
SS1651616841972,US,SeI,critical,superdog1,answer,descriptivist
SS1651616841972,US,SeI,control,superdog2,answer,correct
SS1651616843053,US,SeI,critical,superdog1,answer,causal_historical
SS1651616843053,US,SeI,control,superdog2,answer,correct
SS1651616843053,US,SeI,control,claymen1,answer,correct
SS1651616843053,US,SeI,critical,claymen2,answer,causal_historical
SS1651616843053,US,SeI,control,walter1,answer,correct
SS1651616843053,US,SeI,control,walter2,answer,correct
SS1651616843053,US,SeI,control,allheal1,answer,correct
SS1651616843053,US,SeI,control,allheal2,answer,correct
SS1651616843053,US,SeI,control,monkpic1,answer,correct
SS1651616843053,US,SeI,control,monkpic2,answer,incorrect
SS1651616844450,US,SeI,control,allheal1,answer,correct
SS1651616844450,US,SeI,control,allheal2,answer,correct
SS1651616844450,US,SeI,control,walter1,answer,correct
SS1651616844450,US,SeI,control,walter2,answer,correct
SS1651616844450,US,SeI,control,claymen1,answer,correct
SS1651616844450,US,SeI,critical,claymen2,answer,descriptivist
SS1651616844450,US,SeI,control,monkpic1,answer,correct
SS1651616844450,US,SeI,control,monkpic2,answer,incorrect
SS1651616844450,US,SeI,critical,superdog1,answer,descriptivist
SS1651616844450,US,SeI,control,superdog2,answer,correct
SS1651616844684,US,SeI,control,walter1,answer,correct
SS1651616844684,US,SeI,control,walter2,answer,correct
SS1651616844684,US,SeI,control,monkpic1,answer,correct
SS1651616844684,US,SeI,control,monkpic2,answer,incorrect
SS1651616844684,US,SeI,control,allheal1,answer,correct
SS1651616844684,US,SeI,control,allheal2,answer,incorrect
SS1651616844684,US,SeI,critical,superdog1,answer,causal_historical
SS1651616844684,US,SeI,control,superdog2,answer,correct
SS1651616844684,US,SeI,control,claymen1,answer,incorrect
SS1651616844684,US,SeI,critical,claymen2,answer,causal_historical
SS1651616844911,US,SeI,control,monkpic1,answer,correct
SS1651616844911,US,SeI,control,monkpic2,answer,incorrect
SS1651616844911,US,SeI,critical,superdog1,answer,descriptivist
SS1651616844911,US,SeI,control,superdog2,answer,correct
SS1651616844911,US,SeI,control,claymen1,answer,correct
SS1651616844911,US,SeI,critical,claymen2,answer,descriptivist
SS1651616844911,US,SeI,control,walter1,answer,correct
SS1651616844911,US,SeI,control,walter2,answer,correct
SS1651616844911,US,SeI,control,allheal1,answer,correct
SS1651616844911,US,SeI,control,allheal2,answer,correct
SS1651616846951,US,SeI,control,monkpic1,answer,correct
SS1651616846951,US,SeI,control,monkpic2,answer,incorrect
SS1651616846951,US,SeI,control,claymen1,answer,incorrect
SS1651616846951,US,SeI,critical,claymen2,answer,causal_historical
SS1651616846951,US,SeI,critical,superdog1,answer,causal_historical
SS1651616846951,US,SeI,control,superdog2,answer,incorrect
SS1651616846951,US,SeI,control,allheal1,answer,incorrect
SS1651616846951,US,SeI,control,allheal2,answer,incorrect
SS1651616846951,US,SeI,control,walter1,answer,correct
SS1651616846951,US,SeI,control,walter2,answer,incorrect
SS1651616850845,US,SeI,control,monkpic1,answer,correct
SS1651616850845,US,SeI,control,monkpic2,answer,incorrect
SS1651616850845,US,SeI,control,claymen1,answer,correct
SS1651616850845,US,SeI,critical,claymen2,answer,descriptivist
SS1651616850845,US,SeI,critical,superdog1,answer,causal_historical
SS1651616850845,US,SeI,control,superdog2,answer,correct
SS1651616850845,US,SeI,control,allheal1,answer,correct
SS1651616850845,US,SeI,control,allheal2,answer,correct
SS1651616850845,US,SeI,control,walter1,answer,correct
SS1651616850845,US,SeI,control,walter2,answer,correct
SS1651616854167,US,SeI,critical,superdog1,answer,descriptivist
SS1651616854167,US,SeI,control,superdog2,answer,correct
SS1651616854167,US,SeI,control,monkpic1,answer,correct
SS1651616854167,US,SeI,control,monkpic2,answer,correct
SS1651616854167,US,SeI,control,claymen1,answer,incorrect
SS1651616854167,US,SeI,critical,claymen2,answer,descriptivist
SS1651616854167,US,SeI,control,walter1,answer,correct
SS1651616854167,US,SeI,control,walter2,answer,correct
SS1651616854167,US,SeI,control,allheal1,answer,correct
SS1651616854167,US,SeI,control,allheal2,answer,correct
SS1651616854402,US,SeI,control,monkpic1,answer,correct
SS1651616854402,US,SeI,control,monkpic2,answer,incorrect
SS1651616854402,US,SeI,control,claymen1,answer,correct
SS1651616854402,US,SeI,critical,claymen2,answer,descriptivist
SS1651616854402,US,SeI,control,allheal1,answer,correct
SS1651616854402,US,SeI,control,allheal2,answer,correct
SS1651616854402,US,SeI,control,walter1,answer,correct
SS1651616854402,US,SeI,control,walter2,answer,correct
SS1651616854402,US,SeI,critical,superdog1,answer,descriptivist
SS1651616854402,US,SeI,control,superdog2,answer,correct
SS1651616857792,US,SeI,critical,superdog1,answer,descriptivist
SS1651616857792,US,SeI,control,superdog2,answer,correct
SS1651616857792,US,SeI,control,walter1,answer,correct
SS1651616857792,US,SeI,control,walter2,answer,correct
SS1651616857792,US,SeI,control,allheal1,answer,correct
SS1651616857792,US,SeI,control,allheal2,answer,correct
SS1651616857792,US,SeI,control,monkpic1,answer,incorrect
SS1651616857792,US,SeI,control,monkpic2,answer,incorrect
SS1651616857792,US,SeI,control,claymen1,answer,correct
SS1651616857792,US,SeI,critical,claymen2,answer,descriptivist
SS1651616858489,US,SeI,control,monkpic1,answer,correct
SS1651616858489,US,SeI,control,monkpic2,answer,incorrect
SS1651616858489,US,SeI,control,claymen1,answer,correct
SS1651616858489,US,SeI,critical,claymen2,answer,causal_historical
SS1651616858489,US,SeI,critical,superdog1,answer,causal_historical
SS1651616858489,US,SeI,control,superdog2,answer,correct
SS1651616858489,US,SeI,control,allheal1,answer,correct
SS1651616858489,US,SeI,control,allheal2,answer,correct
SS1651616858489,US,SeI,control,walter1,answer,correct
SS1651616858489,US,SeI,control,walter2,answer,correct
SS1651616858633,US,SeI,control,allheal1,answer,incorrect
SS1651616858633,US,SeI,control,allheal2,answer,correct
SS1651616858633,US,SeI,control,walter1,answer,correct
SS1651616858633,US,SeI,control,walter2,answer,correct
SS1651616858633,US,SeI,critical,superdog1,answer,causal_historical
SS1651616858633,US,SeI,control,superdog2,answer,correct
SS1651616858633,US,SeI,control,monkpic1,answer,correct
SS1651616858633,US,SeI,control,monkpic2,answer,correct
SS1651616858633,US,SeI,control,claymen1,answer,correct
SS1651616858633,US,SeI,critical,claymen2,answer,causal_historical
SS1651616860080,US,SeI,critical,superdog1,answer,causal_historical
SS1651616860080,US,SeI,control,superdog2,answer,correct
SS1651616860080,US,SeI,control,walter1,answer,correct
SS1651616860080,US,SeI,control,walter2,answer,correct
SS1651616860080,US,SeI,control,monkpic1,answer,correct
SS1651616860080,US,SeI,control,monkpic2,answer,incorrect
SS1651616860080,US,SeI,control,claymen1,answer,correct
SS1651616860080,US,SeI,critical,claymen2,answer,causal_historical
SS1651616860080,US,SeI,control,allheal1,answer,correct
SS1651616860080,US,SeI,control,allheal2,answer,correct
SS1651616860708,US,SeI,control,walter1,answer,correct
SS1651616860708,US,SeI,control,walter2,answer,correct
SS1651616860708,US,SeI,critical,superdog1,answer,descriptivist
SS1651616860708,US,SeI,control,superdog2,answer,correct
SS1651616860708,US,SeI,control,claymen1,answer,correct
SS1651616860708,US,SeI,critical,claymen2,answer,descriptivist
SS1651616860708,US,SeI,control,allheal1,answer,correct
SS1651616860708,US,SeI,control,allheal2,answer,incorrect
SS1651616860708,US,SeI,control,monkpic1,answer,incorrect
SS1651616860708,US,SeI,control,monkpic2,answer,incorrect
SS1651616861128,US,SeI,critical,superdog1,answer,descriptivist
SS1651616861128,US,SeI,control,superdog2,answer,correct
SS1651616861128,US,SeI,control,allheal1,answer,correct
SS1651616861128,US,SeI,control,allheal2,answer,correct
SS1651616861128,US,SeI,control,monkpic1,answer,correct
SS1651616861128,US,SeI,control,monkpic2,answer,incorrect
SS1651616861128,US,SeI,control,walter1,answer,correct
SS1651616861128,US,SeI,control,walter2,answer,correct
SS1651616861128,US,SeI,control,claymen1,answer,correct
SS1651616861128,US,SeI,critical,claymen2,answer,causal_historical
SS1651616861546,US,SeI,control,claymen1,answer,correct
SS1651616861546,US,SeI,critical,claymen2,answer,causal_historical
SS1651616861546,US,SeI,control,walter1,answer,correct
SS1651616861546,US,SeI,control,walter2,answer,correct
SS1651616861546,US,SeI,control,monkpic1,answer,correct
SS1651616861546,US,SeI,control,monkpic2,answer,incorrect
SS1651616861546,US,SeI,critical,superdog1,answer,causal_historical
SS1651616861546,US,SeI,control,superdog2,answer,correct
SS1651616861546,US,SeI,control,allheal1,answer,correct
SS1651616861546,US,SeI,control,allheal2,answer,correct
SS1651616863114,US,SeI,critical,superdog1,answer,descriptivist
SS1651616863114,US,SeI,control,superdog2,answer,incorrect
SS1651616863114,US,SeI,control,claymen1,answer,incorrect
SS1651616863114,US,SeI,critical,claymen2,answer,causal_historical
SS1651616863114,US,SeI,control,allheal1,answer,incorrect
SS1651616863114,US,SeI,control,allheal2,answer,incorrect
SS1651616863114,US,SeI,control,walter1,answer,correct
SS1651616863114,US,SeI,control,walter2,answer,incorrect
SS1651616863114,US,SeI,control,monkpic1,answer,correct
SS1651616863114,US,SeI,control,monkpic2,answer,correct
SS1651616863145,US,SeI,control,monkpic1,answer,correct
SS1651616863145,US,SeI,control,monkpic2,answer,incorrect
SS1651616863145,US,SeI,control,allheal1,answer,correct
SS1651616863145,US,SeI,control,allheal2,answer,correct
SS1651616863145,US,SeI,critical,superdog1,answer,causal_historical
SS1651616863145,US,SeI,control,superdog2,answer,correct
SS1651616863145,US,SeI,control,claymen1,answer,correct
SS1651616863145,US,SeI,critical,claymen2,answer,causal_historical
SS1651616863145,US,SeI,control,walter1,answer,correct
SS1651616863145,US,SeI,control,walter2,answer,correct
SS1651616876627,US,SeI,control,claymen1,answer,correct
SS1651616876627,US,SeI,critical,claymen2,answer,causal_historical
SS1651616876627,US,SeI,control,walter1,answer,correct
SS1651616876627,US,SeI,control,walter2,answer,correct
SS1651616876627,US,SeI,control,monkpic1,answer,correct
SS1651616876627,US,SeI,control,monkpic2,answer,incorrect
SS1651616876627,US,SeI,control,allheal1,answer,correct
SS1651616876627,US,SeI,control,allheal2,answer,correct
SS1651616876627,US,SeI,critical,superdog1,answer,causal_historical
SS1651616876627,US,SeI,control,superdog2,answer,correct
SS1651616909217,US,SeI,control,claymen1,answer,correct
SS1651616909217,US,SeI,critical,claymen2,answer,causal_historical
SS1651616909217,US,SeI,control,walter1,answer,incorrect
SS1651616909217,US,SeI,control,walter2,answer,incorrect
SS1651616909217,US,SeI,critical,superdog1,answer,causal_historical
SS1651616909217,US,SeI,control,superdog2,answer,correct
SS1651616909217,US,SeI,control,monkpic1,answer,correct
SS1651616909217,US,SeI,control,monkpic2,answer,incorrect
SS1651616909217,US,SeI,control,allheal1,answer,correct
SS1651616909217,US,SeI,control,allheal2,answer,incorrect
SS1651616969092,US,SeI,critical,superdog1,answer,causal_historical
SS1651616969092,US,SeI,control,superdog2,answer,correct
SS1651616969092,US,SeI,control,walter1,answer,correct
SS1651616969092,US,SeI,control,walter2,answer,correct
SS1651616969092,US,SeI,control,claymen1,answer,correct
SS1651616969092,US,SeI,critical,claymen2,answer,causal_historical
SS1651616969092,US,SeI,control,monkpic1,answer,correct
SS1651616969092,US,SeI,control,monkpic2,answer,incorrect
SS1651616969092,US,SeI,control,allheal1,answer,correct
SS1651616969092,US,SeI,control,allheal2,answer,correct
SS1651616969595,US,SeI,control,monkpic1,answer,correct
SS1651616969595,US,SeI,control,monkpic2,answer,incorrect
SS1651616969595,US,SeI,control,allheal1,answer,correct
SS1651616969595,US,SeI,control,allheal2,answer,correct
SS1651616969595,US,SeI,control,claymen1,answer,correct
SS1651616969595,US,SeI,critical,claymen2,answer,descriptivist
SS1651616969595,US,SeI,control,walter1,answer,correct
SS1651616969595,US,SeI,control,walter2,answer,correct
SS1651616969595,US,SeI,critical,superdog1,answer,descriptivist
SS1651616969595,US,SeI,control,superdog2,answer,incorrect
SS1651616982939,US,SeI,control,monkpic1,answer,correct
SS1651616982939,US,SeI,control,monkpic2,answer,incorrect
SS1651616982939,US,SeI,control,allheal1,answer,correct
SS1651616982939,US,SeI,control,allheal2,answer,correct
SS1651616982939,US,SeI,critical,superdog1,answer,descriptivist
SS1651616982939,US,SeI,control,superdog2,answer,correct
SS1651616982939,US,SeI,control,walter1,answer,correct
SS1651616982939,US,SeI,control,walter2,answer,correct
SS1651616982939,US,SeI,control,claymen1,answer,correct
SS1651616982939,US,SeI,critical,claymen2,answer,descriptivist
SS1651617013503,US,SeI,control,walter1,answer,correct
SS1651617013503,US,SeI,control,walter2,answer,correct
SS1651617013503,US,SeI,control,allheal1,answer,correct
SS1651617013503,US,SeI,control,allheal2,answer,correct
SS1651617013503,US,SeI,control,monkpic1,answer,correct
SS1651617013503,US,SeI,control,monkpic2,answer,incorrect
SS1651617013503,US,SeI,control,claymen1,answer,correct
SS1651617013503,US,SeI,critical,claymen2,answer,causal_historical
SS1651617013503,US,SeI,critical,superdog1,answer,descriptivist
SS1651617013503,US,SeI,control,superdog2,answer,correct
SS1651617033971,US,SeI,control,claymen1,answer,incorrect
SS1651617033971,US,SeI,critical,claymen2,answer,descriptivist
SS1651617033971,US,SeI,control,allheal1,answer,correct
SS1651617033971,US,SeI,control,allheal2,answer,correct
SS1651617033971,US,SeI,control,monkpic1,answer,correct
SS1651617033971,US,SeI,control,monkpic2,answer,correct
SS1651617033971,US,SeI,critical,superdog1,answer,descriptivist
SS1651617033971,US,SeI,control,superdog2,answer,incorrect
SS1651617033971,US,SeI,control,walter1,answer,correct
SS1651617033971,US,SeI,control,walter2,answer,correct
SS1651617071100,US,SeI,control,monkpic1,answer,correct
SS1651617071100,US,SeI,control,monkpic2,answer,incorrect
SS1651617071100,US,SeI,control,walter1,answer,correct
SS1651617071100,US,SeI,control,walter2,answer,correct
SS1651617071100,US,SeI,control,claymen1,answer,correct
SS1651617071100,US,SeI,critical,claymen2,answer,descriptivist
SS1651617071100,US,SeI,control,allheal1,answer,correct
SS1651617071100,US,SeI,control,allheal2,answer,correct
SS1651617071100,US,SeI,critical,superdog1,answer,causal_historical
SS1651617071100,US,SeI,control,superdog2,answer,incorrect
SS1651617143573,US,SeI,control,allheal1,answer,correct
SS1651617143573,US,SeI,control,allheal2,answer,correct
SS1651617143573,US,SeI,control,claymen1,answer,correct
SS1651617143573,US,SeI,critical,claymen2,answer,causal_historical
SS1651617143573,US,SeI,control,monkpic1,answer,correct
SS1651617143573,US,SeI,control,monkpic2,answer,incorrect
SS1651617143573,US,SeI,control,walter1,answer,correct
SS1651617143573,US,SeI,control,walter2,answer,correct
SS1651617143573,US,SeI,critical,superdog1,answer,causal_historical
SS1651617143573,US,SeI,control,superdog2,answer,correct
SS1651617282312,US,SeI,control,claymen1,answer,correct
SS1651617282312,US,SeI,critical,claymen2,answer,causal_historical
SS1651617282312,US,SeI,control,allheal1,answer,correct
SS1651617282312,US,SeI,control,allheal2,answer,incorrect
SS1651617282312,US,SeI,critical,superdog1,answer,causal_historical
SS1651617282312,US,SeI,control,superdog2,answer,correct
SS1651617282312,US,SeI,control,walter1,answer,correct
SS1651617282312,US,SeI,control,walter2,answer,correct
SS1651617282312,US,SeI,control,monkpic1,answer,correct
SS1651617282312,US,SeI,control,monkpic2,answer,incorrect
SS1651617310480,US,SeI,control,allheal1,answer,correct
SS1651617310480,US,SeI,control,allheal2,answer,correct
SS1651617310480,US,SeI,control,monkpic1,answer,correct
SS1651617310480,US,SeI,control,monkpic2,answer,incorrect
SS1651617310480,US,SeI,critical,superdog1,answer,descriptivist
SS1651617310480,US,SeI,control,superdog2,answer,correct
SS1651617310480,US,SeI,control,walter1,answer,correct
SS1651617310480,US,SeI,control,walter2,answer,correct
SS1651617310480,US,SeI,control,claymen1,answer,correct
SS1651617310480,US,SeI,critical,claymen2,answer,descriptivist
SS1651618567608,US,SeI,control,monkpic1,answer,correct
SS1651618567608,US,SeI,control,monkpic2,answer,incorrect
SS1651618567608,US,SeI,control,claymen1,answer,correct
SS1651618567608,US,SeI,critical,claymen2,answer,causal_historical
SS1651618567608,US,SeI,control,allheal1,answer,correct
SS1651618567608,US,SeI,control,allheal2,answer,correct
SS1651618567608,US,SeI,control,walter1,answer,correct
SS1651618567608,US,SeI,control,walter2,answer,correct
SS1651618567608,US,SeI,critical,superdog1,answer,descriptivist
SS1651618567608,US,SeI,control,superdog2,answer,correct
SS1651624230659,US,SeI,control,allheal1,answer,correct
SS1651624230659,US,SeI,control,allheal2,answer,correct
SS1651624230659,US,SeI,critical,superdog1,answer,causal_historical
SS1651624230659,US,SeI,control,superdog2,answer,correct
SS1651624230659,US,SeI,control,walter1,answer,correct
SS1651624230659,US,SeI,control,walter2,answer,correct
SS1651624230659,US,SeI,control,claymen1,answer,correct
SS1651624230659,US,SeI,critical,claymen2,answer,causal_historical
SS1651624230659,US,SeI,control,monkpic1,answer,incorrect
SS1651624230659,US,SeI,control,monkpic2,answer,incorrect
SS1651678150777,US,SeI,control,claymen1,answer,incorrect
SS1651678150777,US,SeI,critical,claymen2,answer,causal_historical
SS1651678150777,US,SeI,control,allheal1,answer,incorrect
SS1651678150777,US,SeI,control,allheal2,answer,incorrect
SS1651678150777,US,SeI,control,monkpic1,answer,correct
SS1651678150777,US,SeI,control,monkpic2,answer,correct
SS1651678150777,US,SeI,critical,superdog1,answer,descriptivist
SS1651678150777,US,SeI,control,superdog2,answer,correct
SS1651678150777,US,SeI,control,walter1,answer,correct
SS1651678150777,US,SeI,control,walter2,answer,incorrect
SS1651678198123,US,SeI,control,allheal1,answer,correct
SS1651678198123,US,SeI,control,allheal2,answer,correct
SS1651678198123,US,SeI,control,monkpic1,answer,correct
SS1651678198123,US,SeI,control,monkpic2,answer,incorrect
SS1651678198123,US,SeI,critical,superdog1,answer,causal_historical
SS1651678198123,US,SeI,control,superdog2,answer,correct
SS1651678198123,US,SeI,control,claymen1,answer,correct
SS1651678198123,US,SeI,critical,claymen2,answer,causal_historical
SS1651678198123,US,SeI,control,walter1,answer,correct
SS1651678198123,US,SeI,control,walter2,answer,correct
SS1651678202019,US,SeI,control,monkpic1,answer,correct
SS1651678202019,US,SeI,control,monkpic2,answer,incorrect
SS1651678202019,US,SeI,control,claymen1,answer,correct
SS1651678202019,US,SeI,critical,claymen2,answer,descriptivist
SS1651678202019,US,SeI,control,allheal1,answer,correct
SS1651678202019,US,SeI,control,allheal2,answer,incorrect
SS1651678202019,US,SeI,critical,superdog1,answer,descriptivist
SS1651678202019,US,SeI,control,superdog2,answer,correct
SS1651678202019,US,SeI,control,walter1,answer,correct
SS1651678202019,US,SeI,control,walter2,answer,correct
SS1651678206055,US,SeI,control,walter1,answer,correct
SS1651678206055,US,SeI,control,walter2,answer,correct
SS1651678206055,US,SeI,control,claymen1,answer,correct
SS1651678206055,US,SeI,critical,claymen2,answer,descriptivist
SS1651678206055,US,SeI,critical,superdog1,answer,descriptivist
SS1651678206055,US,SeI,control,superdog2,answer,correct
SS1651678206055,US,SeI,control,allheal1,answer,correct
SS1651678206055,US,SeI,control,allheal2,answer,correct
SS1651678206055,US,SeI,control,monkpic1,answer,correct
SS1651678206055,US,SeI,control,monkpic2,answer,incorrect
SS1651678216185,US,SeI,control,allheal1,answer,correct
SS1651678216185,US,SeI,control,allheal2,answer,correct
SS1651678216185,US,SeI,control,monkpic1,answer,correct
SS1651678216185,US,SeI,control,monkpic2,answer,correct
SS1651678216185,US,SeI,control,walter1,answer,correct
SS1651678216185,US,SeI,control,walter2,answer,correct
SS1651678216185,US,SeI,critical,superdog1,answer,descriptivist
SS1651678216185,US,SeI,control,superdog2,answer,correct
SS1651678216185,US,SeI,control,claymen1,answer,correct
SS1651678216185,US,SeI,critical,claymen2,answer,causal_historical
SS1651678216437,US,SeI,control,monkpic1,answer,correct
SS1651678216437,US,SeI,control,monkpic2,answer,incorrect
SS1651678216437,US,SeI,control,walter1,answer,correct
SS1651678216437,US,SeI,control,walter2,answer,correct
SS1651678216437,US,SeI,critical,superdog1,answer,causal_historical
SS1651678216437,US,SeI,control,superdog2,answer,correct
SS1651678216437,US,SeI,control,claymen1,answer,correct
SS1651678216437,US,SeI,critical,claymen2,answer,causal_historical
SS1651678216437,US,SeI,control,allheal1,answer,correct
SS1651678216437,US,SeI,control,allheal2,answer,incorrect
SS1651678218891,US,SeI,control,allheal1,answer,correct
SS1651678218891,US,SeI,control,allheal2,answer,correct
SS1651678218891,US,SeI,control,claymen1,answer,correct
SS1651678218891,US,SeI,critical,claymen2,answer,descriptivist
SS1651678218891,US,SeI,control,walter1,answer,correct
SS1651678218891,US,SeI,control,walter2,answer,correct
SS1651678218891,US,SeI,control,monkpic1,answer,correct
SS1651678218891,US,SeI,control,monkpic2,answer,incorrect
SS1651678218891,US,SeI,critical,superdog1,answer,causal_historical
SS1651678218891,US,SeI,control,superdog2,answer,correct
SS1651678220434,US,SeI,control,allheal1,answer,correct
SS1651678220434,US,SeI,control,allheal2,answer,correct
SS1651678220434,US,SeI,control,monkpic1,answer,correct
SS1651678220434,US,SeI,control,monkpic2,answer,incorrect
SS1651678220434,US,SeI,critical,superdog1,answer,descriptivist
SS1651678220434,US,SeI,control,superdog2,answer,correct
SS1651678220434,US,SeI,control,walter1,answer,correct
SS1651678220434,US,SeI,control,walter2,answer,correct
SS1651678220434,US,SeI,control,claymen1,answer,incorrect
SS1651678220434,US,SeI,critical,claymen2,answer,causal_historical
SS1651678224995,US,SeI,control,claymen1,answer,correct
SS1651678224995,US,SeI,critical,claymen2,answer,causal_historical
SS1651678224995,US,SeI,critical,superdog1,answer,descriptivist
SS1651678224995,US,SeI,control,superdog2,answer,correct
SS1651678224995,US,SeI,control,walter1,answer,correct
SS1651678224995,US,SeI,control,walter2,answer,correct
SS1651678224995,US,SeI,control,allheal1,answer,correct
SS1651678224995,US,SeI,control,allheal2,answer,incorrect
SS1651678224995,US,SeI,control,monkpic1,answer,correct
SS1651678224995,US,SeI,control,monkpic2,answer,incorrect
SS1651678226524,US,SeI,control,walter1,answer,correct
SS1651678226524,US,SeI,control,walter2,answer,correct
SS1651678226524,US,SeI,control,allheal1,answer,correct
SS1651678226524,US,SeI,control,allheal2,answer,correct
SS1651678226524,US,SeI,critical,superdog1,answer,descriptivist
SS1651678226524,US,SeI,control,superdog2,answer,correct
SS1651678226524,US,SeI,control,claymen1,answer,correct
SS1651678226524,US,SeI,critical,claymen2,answer,descriptivist
SS1651678226524,US,SeI,control,monkpic1,answer,correct
SS1651678226524,US,SeI,control,monkpic2,answer,incorrect
SS1651678227696,US,SeI,control,allheal1,answer,correct
SS1651678227696,US,SeI,control,allheal2,answer,correct
SS1651678227696,US,SeI,control,walter1,answer,correct
SS1651678227696,US,SeI,control,walter2,answer,correct
SS1651678227696,US,SeI,control,claymen1,answer,incorrect
SS1651678227696,US,SeI,critical,claymen2,answer,causal_historical
SS1651678227696,US,SeI,control,monkpic1,answer,correct
SS1651678227696,US,SeI,control,monkpic2,answer,incorrect
SS1651678227696,US,SeI,critical,superdog1,answer,causal_historical
SS1651678227696,US,SeI,control,superdog2,answer,correct
SS1651678229872,US,SeI,critical,superdog1,answer,causal_historical
SS1651678229872,US,SeI,control,superdog2,answer,correct
SS1651678229872,US,SeI,control,walter1,answer,correct
SS1651678229872,US,SeI,control,walter2,answer,correct
SS1651678229872,US,SeI,control,claymen1,answer,correct
SS1651678229872,US,SeI,critical,claymen2,answer,descriptivist
SS1651678229872,US,SeI,control,allheal1,answer,incorrect
SS1651678229872,US,SeI,control,allheal2,answer,incorrect
SS1651678229872,US,SeI,control,monkpic1,answer,correct
SS1651678229872,US,SeI,control,monkpic2,answer,correct
SS1651678231224,US,SeI,control,allheal1,answer,correct
SS1651678231224,US,SeI,control,allheal2,answer,correct
SS1651678231224,US,SeI,control,walter1,answer,correct
SS1651678231224,US,SeI,control,walter2,answer,correct
SS1651678231224,US,SeI,critical,superdog1,answer,causal_historical
SS1651678231224,US,SeI,control,superdog2,answer,correct
SS1651678231224,US,SeI,control,monkpic1,answer,correct
SS1651678231224,US,SeI,control,monkpic2,answer,incorrect
SS1651678231224,US,SeI,control,claymen1,answer,correct
SS1651678231224,US,SeI,critical,claymen2,answer,causal_historical
SS1651678232565,US,SeI,critical,superdog1,answer,causal_historical
SS1651678232565,US,SeI,control,superdog2,answer,correct
SS1651678232565,US,SeI,control,walter1,answer,correct
SS1651678232565,US,SeI,control,walter2,answer,correct
SS1651678232565,US,SeI,control,claymen1,answer,correct
SS1651678232565,US,SeI,critical,claymen2,answer,causal_historical
SS1651678232565,US,SeI,control,monkpic1,answer,correct
SS1651678232565,US,SeI,control,monkpic2,answer,incorrect
SS1651678232565,US,SeI,control,allheal1,answer,correct
SS1651678232565,US,SeI,control,allheal2,answer,correct
SS1651678239759,US,SeI,control,walter1,answer,correct
SS1651678239759,US,SeI,control,walter2,answer,correct
SS1651678239759,US,SeI,critical,superdog1,answer,descriptivist
SS1651678239759,US,SeI,control,superdog2,answer,correct
SS1651678239759,US,SeI,control,claymen1,answer,incorrect
SS1651678239759,US,SeI,critical,claymen2,answer,causal_historical
SS1651678239759,US,SeI,control,monkpic1,answer,correct
SS1651678239759,US,SeI,control,monkpic2,answer,incorrect
SS1651678239759,US,SeI,control,allheal1,answer,correct
SS1651678239759,US,SeI,control,allheal2,answer,correct
SS1651678242246,US,SeI,control,walter1,answer,correct
SS1651678242246,US,SeI,control,walter2,answer,correct
SS1651678242246,US,SeI,critical,superdog1,answer,descriptivist
SS1651678242246,US,SeI,control,superdog2,answer,correct
SS1651678242246,US,SeI,control,allheal1,answer,correct
SS1651678242246,US,SeI,control,allheal2,answer,correct
SS1651678242246,US,SeI,control,monkpic1,answer,correct
SS1651678242246,US,SeI,control,monkpic2,answer,incorrect
SS1651678242246,US,SeI,control,claymen1,answer,incorrect
SS1651678242246,US,SeI,critical,claymen2,answer,causal_historical
SS1651678243882,US,SeI,control,allheal1,answer,correct
SS1651678243882,US,SeI,control,allheal2,answer,correct
SS1651678243882,US,SeI,critical,superdog1,answer,descriptivist
SS1651678243882,US,SeI,control,superdog2,answer,correct
SS1651678243882,US,SeI,control,monkpic1,answer,correct
SS1651678243882,US,SeI,control,monkpic2,answer,incorrect
SS1651678243882,US,SeI,control,walter1,answer,correct
SS1651678243882,US,SeI,control,walter2,answer,correct
SS1651678243882,US,SeI,control,claymen1,answer,correct
SS1651678243882,US,SeI,critical,claymen2,answer,descriptivist
SS1651678244241,US,SeI,critical,superdog1,answer,causal_historical
SS1651678244241,US,SeI,control,superdog2,answer,correct
SS1651678244241,US,SeI,control,allheal1,answer,correct
SS1651678244241,US,SeI,control,allheal2,answer,correct
SS1651678244241,US,SeI,control,monkpic1,answer,correct
SS1651678244241,US,SeI,control,monkpic2,answer,incorrect
SS1651678244241,US,SeI,control,walter1,answer,correct
SS1651678244241,US,SeI,control,walter2,answer,correct
SS1651678244241,US,SeI,control,claymen1,answer,correct
SS1651678244241,US,SeI,critical,claymen2,answer,causal_historical
SS1651678245327,US,SeI,control,walter1,answer,correct
SS1651678245327,US,SeI,control,walter2,answer,correct
SS1651678245327,US,SeI,control,monkpic1,answer,correct
SS1651678245327,US,SeI,control,monkpic2,answer,incorrect
SS1651678245327,US,SeI,control,claymen1,answer,correct
SS1651678245327,US,SeI,critical,claymen2,answer,causal_historical
SS1651678245327,US,SeI,critical,superdog1,answer,causal_historical
SS1651678245327,US,SeI,control,superdog2,answer,correct
SS1651678245327,US,SeI,control,allheal1,answer,correct
SS1651678245327,US,SeI,control,allheal2,answer,correct
SS1651678246113,US,SeI,control,allheal1,answer,correct
SS1651678246113,US,SeI,control,allheal2,answer,correct
SS1651678246113,US,SeI,critical,superdog1,answer,descriptivist
SS1651678246113,US,SeI,control,superdog2,answer,correct
SS1651678246113,US,SeI,control,claymen1,answer,correct
SS1651678246113,US,SeI,critical,claymen2,answer,descriptivist
SS1651678246113,US,SeI,control,walter1,answer,correct
SS1651678246113,US,SeI,control,walter2,answer,correct
SS1651678246113,US,SeI,control,monkpic1,answer,correct
SS1651678246113,US,SeI,control,monkpic2,answer,incorrect
SS1651678246330,US,SeI,control,monkpic1,answer,correct
SS1651678246330,US,SeI,control,monkpic2,answer,incorrect
SS1651678246330,US,SeI,control,allheal1,answer,correct
SS1651678246330,US,SeI,control,allheal2,answer,correct
SS1651678246330,US,SeI,control,walter1,answer,correct
SS1651678246330,US,SeI,control,walter2,answer,correct
SS1651678246330,US,SeI,control,claymen1,answer,correct
SS1651678246330,US,SeI,critical,claymen2,answer,causal_historical
SS1651678246330,US,SeI,critical,superdog1,answer,causal_historical
SS1651678246330,US,SeI,control,superdog2,answer,correct
SS1651678248637,US,SeI,control,monkpic1,answer,correct
SS1651678248637,US,SeI,control,monkpic2,answer,incorrect
SS1651678248637,US,SeI,control,claymen1,answer,correct
SS1651678248637,US,SeI,critical,claymen2,answer,causal_historical
SS1651678248637,US,SeI,control,walter1,answer,correct
SS1651678248637,US,SeI,control,walter2,answer,correct
SS1651678248637,US,SeI,critical,superdog1,answer,causal_historical
SS1651678248637,US,SeI,control,superdog2,answer,correct
SS1651678248637,US,SeI,control,allheal1,answer,correct
SS1651678248637,US,SeI,control,allheal2,answer,incorrect
SS1651678248989,US,SeI,critical,superdog1,answer,causal_historical
SS1651678248989,US,SeI,control,superdog2,answer,correct
SS1651678248989,US,SeI,control,walter1,answer,correct
SS1651678248989,US,SeI,control,walter2,answer,correct
SS1651678248989,US,SeI,control,monkpic1,answer,correct
SS1651678248989,US,SeI,control,monkpic2,answer,incorrect
SS1651678248989,US,SeI,control,allheal1,answer,correct
SS1651678248989,US,SeI,control,allheal2,answer,correct
SS1651678248989,US,SeI,control,claymen1,answer,correct
SS1651678248989,US,SeI,critical,claymen2,answer,causal_historical
SS1651678249603,US,SeI,control,walter1,answer,correct
SS1651678249603,US,SeI,control,walter2,answer,correct
SS1651678249603,US,SeI,critical,superdog1,answer,causal_historical
SS1651678249603,US,SeI,control,superdog2,answer,correct
SS1651678249603,US,SeI,control,monkpic1,answer,correct
SS1651678249603,US,SeI,control,monkpic2,answer,incorrect
SS1651678249603,US,SeI,control,allheal1,answer,correct
SS1651678249603,US,SeI,control,allheal2,answer,incorrect
SS1651678249603,US,SeI,control,claymen1,answer,correct
SS1651678249603,US,SeI,critical,claymen2,answer,causal_historical
SS1651678250397,US,SeI,control,monkpic1,answer,correct
SS1651678250397,US,SeI,control,monkpic2,answer,incorrect
SS1651678250397,US,SeI,control,allheal1,answer,correct
SS1651678250397,US,SeI,control,allheal2,answer,correct
SS1651678250397,US,SeI,control,walter1,answer,correct
SS1651678250397,US,SeI,control,walter2,answer,correct
SS1651678250397,US,SeI,critical,superdog1,answer,causal_historical
SS1651678250397,US,SeI,control,superdog2,answer,correct
SS1651678250397,US,SeI,control,claymen1,answer,correct
SS1651678250397,US,SeI,critical,claymen2,answer,causal_historical
SS1651678252363,US,SeI,control,allheal1,answer,correct
SS1651678252363,US,SeI,control,allheal2,answer,correct
SS1651678252363,US,SeI,critical,superdog1,answer,causal_historical
SS1651678252363,US,SeI,control,superdog2,answer,correct
SS1651678252363,US,SeI,control,claymen1,answer,correct
SS1651678252363,US,SeI,critical,claymen2,answer,causal_historical
SS1651678252363,US,SeI,control,monkpic1,answer,correct
SS1651678252363,US,SeI,control,monkpic2,answer,incorrect
SS1651678252363,US,SeI,control,walter1,answer,correct
SS1651678252363,US,SeI,control,walter2,answer,correct
SS1651678252935,US,SeI,critical,superdog1,answer,causal_historical
SS1651678252935,US,SeI,control,superdog2,answer,correct
SS1651678252935,US,SeI,control,monkpic1,answer,correct
SS1651678252935,US,SeI,control,monkpic2,answer,incorrect
SS1651678252935,US,SeI,control,walter1,answer,correct
SS1651678252935,US,SeI,control,walter2,answer,correct
SS1651678252935,US,SeI,control,allheal1,answer,correct
SS1651678252935,US,SeI,control,allheal2,answer,correct
SS1651678252935,US,SeI,control,claymen1,answer,correct
SS1651678252935,US,SeI,critical,claymen2,answer,causal_historical
SS1651678253736,US,SeI,control,walter1,answer,correct
SS1651678253736,US,SeI,control,walter2,answer,correct
SS1651678253736,US,SeI,control,allheal1,answer,correct
SS1651678253736,US,SeI,control,allheal2,answer,correct
SS1651678253736,US,SeI,control,claymen1,answer,correct
SS1651678253736,US,SeI,critical,claymen2,answer,descriptivist
SS1651678253736,US,SeI,critical,superdog1,answer,causal_historical
SS1651678253736,US,SeI,control,superdog2,answer,correct
SS1651678253736,US,SeI,control,monkpic1,answer,correct
SS1651678253736,US,SeI,control,monkpic2,answer,correct
SS1651678256204,US,SeI,control,walter1,answer,correct
SS1651678256204,US,SeI,control,walter2,answer,correct
SS1651678256204,US,SeI,control,monkpic1,answer,correct
SS1651678256204,US,SeI,control,monkpic2,answer,incorrect
SS1651678256204,US,SeI,control,claymen1,answer,incorrect
SS1651678256204,US,SeI,critical,claymen2,answer,causal_historical
SS1651678256204,US,SeI,critical,superdog1,answer,descriptivist
SS1651678256204,US,SeI,control,superdog2,answer,correct
SS1651678256204,US,SeI,control,allheal1,answer,correct
SS1651678256204,US,SeI,control,allheal2,answer,correct
SS1651678257395,US,SeI,control,walter1,answer,correct
SS1651678257395,US,SeI,control,walter2,answer,correct
SS1651678257395,US,SeI,critical,superdog1,answer,causal_historical
SS1651678257395,US,SeI,control,superdog2,answer,correct
SS1651678257395,US,SeI,control,claymen1,answer,correct
SS1651678257395,US,SeI,critical,claymen2,answer,causal_historical
SS1651678257395,US,SeI,control,monkpic1,answer,correct
SS1651678257395,US,SeI,control,monkpic2,answer,incorrect
SS1651678257395,US,SeI,control,allheal1,answer,correct
SS1651678257395,US,SeI,control,allheal2,answer,correct
SS1651678258791,US,SeI,control,monkpic1,answer,correct
SS1651678258791,US,SeI,control,monkpic2,answer,incorrect
SS1651678258791,US,SeI,control,claymen1,answer,correct
SS1651678258791,US,SeI,critical,claymen2,answer,causal_historical
SS1651678258791,US,SeI,control,allheal1,answer,correct
SS1651678258791,US,SeI,control,allheal2,answer,correct
SS1651678258791,US,SeI,critical,superdog1,answer,causal_historical
SS1651678258791,US,SeI,control,superdog2,answer,correct
SS1651678258791,US,SeI,control,walter1,answer,correct
SS1651678258791,US,SeI,control,walter2,answer,correct
SS1651678259296,US,SeI,control,walter1,answer,correct
SS1651678259296,US,SeI,control,walter2,answer,correct
SS1651678259296,US,SeI,control,claymen1,answer,correct
SS1651678259296,US,SeI,critical,claymen2,answer,causal_historical
SS1651678259296,US,SeI,control,allheal1,answer,correct
SS1651678259296,US,SeI,control,allheal2,answer,correct
SS1651678259296,US,SeI,control,monkpic1,answer,correct
SS1651678259296,US,SeI,control,monkpic2,answer,incorrect
SS1651678259296,US,SeI,critical,superdog1,answer,causal_historical
SS1651678259296,US,SeI,control,superdog2,answer,correct
SS1651678260164,US,SeI,control,allheal1,answer,correct
SS1651678260164,US,SeI,control,allheal2,answer,correct
SS1651678260164,US,SeI,control,monkpic1,answer,correct
SS1651678260164,US,SeI,control,monkpic2,answer,incorrect
SS1651678260164,US,SeI,control,walter1,answer,correct
SS1651678260164,US,SeI,control,walter2,answer,correct
SS1651678260164,US,SeI,critical,superdog1,answer,causal_historical
SS1651678260164,US,SeI,control,superdog2,answer,correct
SS1651678260164,US,SeI,control,claymen1,answer,correct
SS1651678260164,US,SeI,critical,claymen2,answer,descriptivist
SS1651678260331,US,SeI,control,monkpic1,answer,correct
SS1651678260331,US,SeI,control,monkpic2,answer,incorrect
SS1651678260331,US,SeI,control,allheal1,answer,correct
SS1651678260331,US,SeI,control,allheal2,answer,correct
SS1651678260331,US,SeI,control,walter1,answer,correct
SS1651678260331,US,SeI,control,walter2,answer,correct
SS1651678260331,US,SeI,control,claymen1,answer,correct
SS1651678260331,US,SeI,critical,claymen2,answer,causal_historical
SS1651678260331,US,SeI,critical,superdog1,answer,causal_historical
SS1651678260331,US,SeI,control,superdog2,answer,correct
SS1651678260663,US,SeI,control,walter1,answer,correct
SS1651678260663,US,SeI,control,walter2,answer,correct
SS1651678260663,US,SeI,control,allheal1,answer,correct
SS1651678260663,US,SeI,control,allheal2,answer,correct
SS1651678260663,US,SeI,control,claymen1,answer,correct
SS1651678260663,US,SeI,critical,claymen2,answer,causal_historical
SS1651678260663,US,SeI,critical,superdog1,answer,causal_historical
SS1651678260663,US,SeI,control,superdog2,answer,correct
SS1651678260663,US,SeI,control,monkpic1,answer,correct
SS1651678260663,US,SeI,control,monkpic2,answer,incorrect
SS1651678261063,US,SeI,control,claymen1,answer,correct
SS1651678261063,US,SeI,critical,claymen2,answer,descriptivist
SS1651678261063,US,SeI,control,monkpic1,answer,correct
SS1651678261063,US,SeI,control,monkpic2,answer,incorrect
SS1651678261063,US,SeI,control,allheal1,answer,correct
SS1651678261063,US,SeI,control,allheal2,answer,correct
SS1651678261063,US,SeI,control,walter1,answer,correct
SS1651678261063,US,SeI,control,walter2,answer,correct
SS1651678261063,US,SeI,critical,superdog1,answer,descriptivist
SS1651678261063,US,SeI,control,superdog2,answer,correct
SS1651678261912,US,SeI,critical,superdog1,answer,causal_historical
SS1651678261912,US,SeI,control,superdog2,answer,correct
SS1651678261912,US,SeI,control,allheal1,answer,correct
SS1651678261912,US,SeI,control,allheal2,answer,correct
SS1651678261912,US,SeI,control,monkpic1,answer,correct
SS1651678261912,US,SeI,control,monkpic2,answer,incorrect
SS1651678261912,US,SeI,control,walter1,answer,correct
SS1651678261912,US,SeI,control,walter2,answer,correct
SS1651678261912,US,SeI,control,claymen1,answer,incorrect
SS1651678261912,US,SeI,critical,claymen2,answer,causal_historical
SS1651678262590,US,SeI,control,monkpic1,answer,correct
SS1651678262590,US,SeI,control,monkpic2,answer,incorrect
SS1651678262590,US,SeI,control,walter1,answer,correct
SS1651678262590,US,SeI,control,walter2,answer,correct
SS1651678262590,US,SeI,critical,superdog1,answer,causal_historical
SS1651678262590,US,SeI,control,superdog2,answer,correct
SS1651678262590,US,SeI,control,claymen1,answer,correct
SS1651678262590,US,SeI,critical,claymen2,answer,causal_historical
SS1651678262590,US,SeI,control,allheal1,answer,correct
SS1651678262590,US,SeI,control,allheal2,answer,incorrect
SS1651678262854,US,SeI,control,walter1,answer,correct
SS1651678262854,US,SeI,control,walter2,answer,correct
SS1651678262854,US,SeI,control,allheal1,answer,incorrect
SS1651678262854,US,SeI,control,allheal2,answer,incorrect
SS1651678262854,US,SeI,control,monkpic1,answer,correct
SS1651678262854,US,SeI,control,monkpic2,answer,incorrect
SS1651678262854,US,SeI,control,claymen1,answer,correct
SS1651678262854,US,SeI,critical,claymen2,answer,causal_historical
SS1651678262854,US,SeI,critical,superdog1,answer,descriptivist
SS1651678262854,US,SeI,control,superdog2,answer,correct
SS1651678263725,US,SeI,control,monkpic1,answer,correct
SS1651678263725,US,SeI,control,monkpic2,answer,incorrect
SS1651678263725,US,SeI,control,walter1,answer,correct
SS1651678263725,US,SeI,control,walter2,answer,correct
SS1651678263725,US,SeI,control,allheal1,answer,correct
SS1651678263725,US,SeI,control,allheal2,answer,correct
SS1651678263725,US,SeI,control,claymen1,answer,correct
SS1651678263725,US,SeI,critical,claymen2,answer,causal_historical
SS1651678263725,US,SeI,critical,superdog1,answer,causal_historical
SS1651678263725,US,SeI,control,superdog2,answer,correct
SS1651678265100,US,SeI,critical,superdog1,answer,causal_historical
SS1651678265100,US,SeI,control,superdog2,answer,correct
SS1651678265100,US,SeI,control,monkpic1,answer,incorrect
SS1651678265100,US,SeI,control,monkpic2,answer,incorrect
SS1651678265100,US,SeI,control,allheal1,answer,correct
SS1651678265100,US,SeI,control,allheal2,answer,correct
SS1651678265100,US,SeI,control,claymen1,answer,correct
SS1651678265100,US,SeI,critical,claymen2,answer,causal_historical
SS1651678265100,US,SeI,control,walter1,answer,correct
SS1651678265100,US,SeI,control,walter2,answer,correct
SS1651678265263,US,SeI,critical,superdog1,answer,descriptivist
SS1651678265263,US,SeI,control,superdog2,answer,correct
SS1651678265263,US,SeI,control,monkpic1,answer,correct
SS1651678265263,US,SeI,control,monkpic2,answer,incorrect
SS1651678265263,US,SeI,control,walter1,answer,correct
SS1651678265263,US,SeI,control,walter2,answer,correct
SS1651678265263,US,SeI,control,claymen1,answer,correct
SS1651678265263,US,SeI,critical,claymen2,answer,descriptivist
SS1651678265263,US,SeI,control,allheal1,answer,correct
SS1651678265263,US,SeI,control,allheal2,answer,correct
SS1651678267011,US,SeI,control,allheal1,answer,correct
SS1651678267011,US,SeI,control,allheal2,answer,correct
SS1651678267011,US,SeI,control,monkpic1,answer,correct
SS1651678267011,US,SeI,control,monkpic2,answer,incorrect
SS1651678267011,US,SeI,control,walter1,answer,correct
SS1651678267011,US,SeI,control,walter2,answer,correct
SS1651678267011,US,SeI,critical,superdog1,answer,causal_historical
SS1651678267011,US,SeI,control,superdog2,answer,correct
SS1651678267011,US,SeI,control,claymen1,answer,correct
SS1651678267011,US,SeI,critical,claymen2,answer,causal_historical
SS1651678267140,US,SeI,control,allheal1,answer,correct
SS1651678267140,US,SeI,control,allheal2,answer,correct
SS1651678267140,US,SeI,control,walter1,answer,correct
SS1651678267140,US,SeI,control,walter2,answer,correct
SS1651678267140,US,SeI,control,monkpic1,answer,correct
SS1651678267140,US,SeI,control,monkpic2,answer,incorrect
SS1651678267140,US,SeI,control,claymen1,answer,correct
SS1651678267140,US,SeI,critical,claymen2,answer,descriptivist
SS1651678267140,US,SeI,critical,superdog1,answer,descriptivist
SS1651678267140,US,SeI,control,superdog2,answer,correct
SS1651678267405,US,SeI,control,claymen1,answer,correct
SS1651678267405,US,SeI,critical,claymen2,answer,causal_historical
SS1651678267405,US,SeI,critical,superdog1,answer,causal_historical
SS1651678267405,US,SeI,control,superdog2,answer,correct
SS1651678267405,US,SeI,control,walter1,answer,correct
SS1651678267405,US,SeI,control,walter2,answer,correct
SS1651678267405,US,SeI,control,allheal1,answer,correct
SS1651678267405,US,SeI,control,allheal2,answer,correct
SS1651678267405,US,SeI,control,monkpic1,answer,correct
SS1651678267405,US,SeI,control,monkpic2,answer,incorrect
SS1651678268119,US,SeI,control,walter1,answer,incorrect
SS1651678268119,US,SeI,control,walter2,answer,correct
SS1651678268119,US,SeI,critical,superdog1,answer,descriptivist
SS1651678268119,US,SeI,control,superdog2,answer,correct
SS1651678268119,US,SeI,control,allheal1,answer,correct
SS1651678268119,US,SeI,control,allheal2,answer,correct
SS1651678268119,US,SeI,control,monkpic1,answer,correct
SS1651678268119,US,SeI,control,monkpic2,answer,incorrect
SS1651678268119,US,SeI,control,claymen1,answer,correct
SS1651678268119,US,SeI,critical,claymen2,answer,causal_historical
SS1651678270245,US,SeI,control,claymen1,answer,correct
SS1651678270245,US,SeI,critical,claymen2,answer,causal_historical
SS1651678270245,US,SeI,control,monkpic1,answer,correct
SS1651678270245,US,SeI,control,monkpic2,answer,incorrect
SS1651678270245,US,SeI,control,allheal1,answer,correct
SS1651678270245,US,SeI,control,allheal2,answer,correct
SS1651678270245,US,SeI,critical,superdog1,answer,causal_historical
SS1651678270245,US,SeI,control,superdog2,answer,correct
SS1651678270245,US,SeI,control,walter1,answer,correct
SS1651678270245,US,SeI,control,walter2,answer,correct
SS1651678270524,US,SeI,control,walter1,answer,correct
SS1651678270524,US,SeI,control,walter2,answer,correct
SS1651678270524,US,SeI,control,allheal1,answer,correct
SS1651678270524,US,SeI,control,allheal2,answer,correct
SS1651678270524,US,SeI,control,monkpic1,answer,correct
SS1651678270524,US,SeI,control,monkpic2,answer,incorrect
SS1651678270524,US,SeI,critical,superdog1,answer,causal_historical
SS1651678270524,US,SeI,control,superdog2,answer,correct
SS1651678270524,US,SeI,control,claymen1,answer,correct
SS1651678270524,US,SeI,critical,claymen2,answer,causal_historical
SS1651678271326,US,SeI,critical,superdog1,answer,causal_historical
SS1651678271326,US,SeI,control,superdog2,answer,correct
SS1651678271326,US,SeI,control,monkpic1,answer,correct
SS1651678271326,US,SeI,control,monkpic2,answer,incorrect
SS1651678271326,US,SeI,control,allheal1,answer,correct
SS1651678271326,US,SeI,control,allheal2,answer,incorrect
SS1651678271326,US,SeI,control,claymen1,answer,correct
SS1651678271326,US,SeI,critical,claymen2,answer,causal_historical
SS1651678271326,US,SeI,control,walter1,answer,correct
SS1651678271326,US,SeI,control,walter2,answer,correct
SS1651678274966,US,SeI,control,walter1,answer,correct
SS1651678274966,US,SeI,control,walter2,answer,correct
SS1651678274966,US,SeI,control,monkpic1,answer,correct
SS1651678274966,US,SeI,control,monkpic2,answer,incorrect
SS1651678274966,US,SeI,control,claymen1,answer,correct
SS1651678274966,US,SeI,critical,claymen2,answer,causal_historical
SS1651678274966,US,SeI,control,allheal1,answer,incorrect
SS1651678274966,US,SeI,control,allheal2,answer,incorrect
SS1651678274966,US,SeI,critical,superdog1,answer,causal_historical
SS1651678274966,US,SeI,control,superdog2,answer,correct
SS1651678278178,US,SeI,control,claymen1,answer,correct
SS1651678278178,US,SeI,critical,claymen2,answer,causal_historical
SS1651678278178,US,SeI,control,walter1,answer,correct
SS1651678278178,US,SeI,control,walter2,answer,correct
SS1651678278178,US,SeI,critical,superdog1,answer,causal_historical
SS1651678278178,US,SeI,control,superdog2,answer,correct
SS1651678278178,US,SeI,control,monkpic1,answer,correct
SS1651678278178,US,SeI,control,monkpic2,answer,incorrect
SS1651678278178,US,SeI,control,allheal1,answer,correct
SS1651678278178,US,SeI,control,allheal2,answer,incorrect
SS1651678298946,US,SeI,control,allheal1,answer,correct
SS1651678298946,US,SeI,control,allheal2,answer,correct
SS1651678298946,US,SeI,control,walter1,answer,correct
SS1651678298946,US,SeI,control,walter2,answer,correct
SS1651678298946,US,SeI,critical,superdog1,answer,descriptivist
SS1651678298946,US,SeI,control,superdog2,answer,correct
SS1651678298946,US,SeI,control,monkpic1,answer,correct
SS1651678298946,US,SeI,control,monkpic2,answer,incorrect
SS1651678298946,US,SeI,control,claymen1,answer,correct
SS1651678298946,US,SeI,critical,claymen2,answer,descriptivist
SS1651678302508,US,SeI,control,monkpic1,answer,correct
SS1651678302508,US,SeI,control,monkpic2,answer,incorrect
SS1651678302508,US,SeI,critical,superdog1,answer,causal_historical
SS1651678302508,US,SeI,control,superdog2,answer,correct
SS1651678302508,US,SeI,control,claymen1,answer,correct
SS1651678302508,US,SeI,critical,claymen2,answer,causal_historical
SS1651678302508,US,SeI,control,allheal1,answer,correct
SS1651678302508,US,SeI,control,allheal2,answer,correct
SS1651678302508,US,SeI,control,walter1,answer,correct
SS1651678302508,US,SeI,control,walter2,answer,correct
SS1651678327719,US,SeI,control,claymen1,answer,correct
SS1651678327719,US,SeI,critical,claymen2,answer,causal_historical
SS1651678327719,US,SeI,control,walter1,answer,correct
SS1651678327719,US,SeI,control,walter2,answer,correct
SS1651678327719,US,SeI,critical,superdog1,answer,causal_historical
SS1651678327719,US,SeI,control,superdog2,answer,correct
SS1651678327719,US,SeI,control,monkpic1,answer,correct
SS1651678327719,US,SeI,control,monkpic2,answer,incorrect
SS1651678327719,US,SeI,control,allheal1,answer,correct
SS1651678327719,US,SeI,control,allheal2,answer,correct
SS1651678328286,US,SeI,control,monkpic1,answer,correct
SS1651678328286,US,SeI,control,monkpic2,answer,incorrect
SS1651678328286,US,SeI,critical,superdog1,answer,descriptivist
SS1651678328286,US,SeI,control,superdog2,answer,correct
SS1651678328286,US,SeI,control,walter1,answer,correct
SS1651678328286,US,SeI,control,walter2,answer,correct
SS1651678328286,US,SeI,control,allheal1,answer,correct
SS1651678328286,US,SeI,control,allheal2,answer,correct
SS1651678328286,US,SeI,control,claymen1,answer,correct
SS1651678328286,US,SeI,critical,claymen2,answer,descriptivist
SS1651678331156,US,SeI,control,claymen1,answer,correct
SS1651678331156,US,SeI,critical,claymen2,answer,causal_historical
SS1651678331156,US,SeI,control,allheal1,answer,correct
SS1651678331156,US,SeI,control,allheal2,answer,correct
SS1651678331156,US,SeI,critical,superdog1,answer,descriptivist
SS1651678331156,US,SeI,control,superdog2,answer,correct
SS1651678331156,US,SeI,control,monkpic1,answer,correct
SS1651678331156,US,SeI,control,monkpic2,answer,incorrect
SS1651678331156,US,SeI,control,walter1,answer,correct
SS1651678331156,US,SeI,control,walter2,answer,correct
SS1651678353530,US,SeI,control,walter1,answer,correct
SS1651678353530,US,SeI,control,walter2,answer,correct
SS1651678353530,US,SeI,control,monkpic1,answer,correct
SS1651678353530,US,SeI,control,monkpic2,answer,incorrect
SS1651678353530,US,SeI,critical,superdog1,answer,causal_historical
SS1651678353530,US,SeI,control,superdog2,answer,correct
SS1651678353530,US,SeI,control,claymen1,answer,correct
SS1651678353530,US,SeI,critical,claymen2,answer,causal_historical
SS1651678353530,US,SeI,control,allheal1,answer,correct
SS1651678353530,US,SeI,control,allheal2,answer,correct
SS1651678384991,US,SeI,control,monkpic1,answer,correct
SS1651678384991,US,SeI,control,monkpic2,answer,incorrect
SS1651678384991,US,SeI,control,claymen1,answer,correct
SS1651678384991,US,SeI,critical,claymen2,answer,descriptivist
SS1651678384991,US,SeI,control,walter1,answer,correct
SS1651678384991,US,SeI,control,walter2,answer,correct
SS1651678384991,US,SeI,control,allheal1,answer,correct
SS1651678384991,US,SeI,control,allheal2,answer,correct
SS1651678384991,US,SeI,critical,superdog1,answer,descriptivist
SS1651678384991,US,SeI,control,superdog2,answer,correct
SS1651678386286,US,SeI,critical,superdog1,answer,causal_historical
SS1651678386286,US,SeI,control,superdog2,answer,correct
SS1651678386286,US,SeI,control,monkpic1,answer,correct
SS1651678386286,US,SeI,control,monkpic2,answer,incorrect
SS1651678386286,US,SeI,control,claymen1,answer,correct
SS1651678386286,US,SeI,critical,claymen2,answer,causal_historical
SS1651678386286,US,SeI,control,allheal1,answer,correct
SS1651678386286,US,SeI,control,allheal2,answer,correct
SS1651678386286,US,SeI,control,walter1,answer,correct
SS1651678386286,US,SeI,control,walter2,answer,correct
SS1651678409670,US,SeI,control,monkpic1,answer,correct
SS1651678409670,US,SeI,control,monkpic2,answer,incorrect
SS1651678409670,US,SeI,control,walter1,answer,correct
SS1651678409670,US,SeI,control,walter2,answer,correct
SS1651678409670,US,SeI,critical,superdog1,answer,causal_historical
SS1651678409670,US,SeI,control,superdog2,answer,correct
SS1651678409670,US,SeI,control,allheal1,answer,correct
SS1651678409670,US,SeI,control,allheal2,answer,correct
SS1651678409670,US,SeI,control,claymen1,answer,correct
SS1651678409670,US,SeI,critical,claymen2,answer,causal_historical
SS1651678434328,US,SeI,control,monkpic1,answer,correct
SS1651678434328,US,SeI,control,monkpic2,answer,incorrect
SS1651678434328,US,SeI,critical,superdog1,answer,causal_historical
SS1651678434328,US,SeI,control,superdog2,answer,correct
SS1651678434328,US,SeI,control,allheal1,answer,correct
SS1651678434328,US,SeI,control,allheal2,answer,correct
SS1651678434328,US,SeI,control,claymen1,answer,correct
SS1651678434328,US,SeI,critical,claymen2,answer,causal_historical
SS1651678434328,US,SeI,control,walter1,answer,correct
SS1651678434328,US,SeI,control,walter2,answer,correct
SS1651678459452,US,SeI,control,monkpic1,answer,correct
SS1651678459452,US,SeI,control,monkpic2,answer,incorrect
SS1651678459452,US,SeI,control,allheal1,answer,correct
SS1651678459452,US,SeI,control,allheal2,answer,incorrect
SS1651678459452,US,SeI,control,claymen1,answer,correct
SS1651678459452,US,SeI,critical,claymen2,answer,causal_historical
SS1651678459452,US,SeI,critical,superdog1,answer,causal_historical
SS1651678459452,US,SeI,control,superdog2,answer,correct
SS1651678459452,US,SeI,control,walter1,answer,correct
SS1651678459452,US,SeI,control,walter2,answer,correct
SS1651678462364,US,SeI,control,allheal1,answer,correct
SS1651678462364,US,SeI,control,allheal2,answer,correct
SS1651678462364,US,SeI,control,monkpic1,answer,correct
SS1651678462364,US,SeI,control,monkpic2,answer,incorrect
SS1651678462364,US,SeI,control,walter1,answer,correct
SS1651678462364,US,SeI,control,walter2,answer,correct
SS1651678462364,US,SeI,control,claymen1,answer,correct
SS1651678462364,US,SeI,critical,claymen2,answer,descriptivist
SS1651678462364,US,SeI,critical,superdog1,answer,descriptivist
SS1651678462364,US,SeI,control,superdog2,answer,correct
SS1651678474300,US,SeI,control,claymen1,answer,correct
SS1651678474300,US,SeI,critical,claymen2,answer,descriptivist
SS1651678474300,US,SeI,control,monkpic1,answer,correct
SS1651678474300,US,SeI,control,monkpic2,answer,incorrect
SS1651678474300,US,SeI,critical,superdog1,answer,descriptivist
SS1651678474300,US,SeI,control,superdog2,answer,correct
SS1651678474300,US,SeI,control,allheal1,answer,correct
SS1651678474300,US,SeI,control,allheal2,answer,correct
SS1651678474300,US,SeI,control,walter1,answer,correct
SS1651678474300,US,SeI,control,walter2,answer,correct
SS1651678537895,US,SeI,control,walter1,answer,correct
SS1651678537895,US,SeI,control,walter2,answer,correct
SS1651678537895,US,SeI,control,monkpic1,answer,correct
SS1651678537895,US,SeI,control,monkpic2,answer,incorrect
SS1651678537895,US,SeI,control,allheal1,answer,correct
SS1651678537895,US,SeI,control,allheal2,answer,correct
SS1651678537895,US,SeI,control,claymen1,answer,correct
SS1651678537895,US,SeI,critical,claymen2,answer,causal_historical
SS1651678537895,US,SeI,critical,superdog1,answer,causal_historical
SS1651678537895,US,SeI,control,superdog2,answer,correct
SS1651678538948,US,SeI,control,monkpic1,answer,correct
SS1651678538948,US,SeI,control,monkpic2,answer,incorrect
SS1651678538948,US,SeI,control,walter1,answer,correct
SS1651678538948,US,SeI,control,walter2,answer,correct
SS1651678538948,US,SeI,critical,superdog1,answer,descriptivist
SS1651678538948,US,SeI,control,superdog2,answer,correct
SS1651678538948,US,SeI,control,allheal1,answer,correct
SS1651678538948,US,SeI,control,allheal2,answer,correct
SS1651678538948,US,SeI,control,claymen1,answer,correct
SS1651678538948,US,SeI,critical,claymen2,answer,descriptivist
SS1651678556653,US,SeI,control,walter1,answer,correct
SS1651678556653,US,SeI,control,walter2,answer,correct
SS1651678556653,US,SeI,critical,superdog1,answer,causal_historical
SS1651678556653,US,SeI,control,superdog2,answer,correct
SS1651678556653,US,SeI,control,monkpic1,answer,correct
SS1651678556653,US,SeI,control,monkpic2,answer,incorrect
SS1651678556653,US,SeI,control,allheal1,answer,correct
SS1651678556653,US,SeI,control,allheal2,answer,correct
SS1651678556653,US,SeI,control,claymen1,answer,correct
SS1651678556653,US,SeI,critical,claymen2,answer,causal_historical
SS1651678559284,US,SeI,control,walter1,answer,correct
SS1651678559284,US,SeI,control,walter2,answer,correct
SS1651678559284,US,SeI,control,claymen1,answer,correct
SS1651678559284,US,SeI,critical,claymen2,answer,causal_historical
SS1651678559284,US,SeI,critical,superdog1,answer,descriptivist
SS1651678559284,US,SeI,control,superdog2,answer,correct
SS1651678559284,US,SeI,control,allheal1,answer,correct
SS1651678559284,US,SeI,control,allheal2,answer,correct
SS1651678559284,US,SeI,control,monkpic1,answer,correct
SS1651678559284,US,SeI,control,monkpic2,answer,incorrect
SS1651678574838,US,SeI,control,claymen1,answer,correct
SS1651678574838,US,SeI,critical,claymen2,answer,causal_historical
SS1651678574838,US,SeI,control,monkpic1,answer,correct
SS1651678574838,US,SeI,control,monkpic2,answer,incorrect
SS1651678574838,US,SeI,control,walter1,answer,correct
SS1651678574838,US,SeI,control,walter2,answer,correct
SS1651678574838,US,SeI,critical,superdog1,answer,descriptivist
SS1651678574838,US,SeI,control,superdog2,answer,correct
SS1651678574838,US,SeI,control,allheal1,answer,correct
SS1651678574838,US,SeI,control,allheal2,answer,correct
SS1651678625157,US,SeI,control,claymen1,answer,correct
SS1651678625157,US,SeI,critical,claymen2,answer,causal_historical
SS1651678625157,US,SeI,control,monkpic1,answer,correct
SS1651678625157,US,SeI,control,monkpic2,answer,incorrect
SS1651678625157,US,SeI,critical,superdog1,answer,descriptivist
SS1651678625157,US,SeI,control,superdog2,answer,correct
SS1651678625157,US,SeI,control,allheal1,answer,correct
SS1651678625157,US,SeI,control,allheal2,answer,incorrect
SS1651678625157,US,SeI,control,walter1,answer,correct
SS1651678625157,US,SeI,control,walter2,answer,correct
SS1651678626616,US,SeI,control,allheal1,answer,correct
SS1651678626616,US,SeI,control,allheal2,answer,correct
SS1651678626616,US,SeI,critical,superdog1,answer,descriptivist
SS1651678626616,US,SeI,control,superdog2,answer,correct
SS1651678626616,US,SeI,control,walter1,answer,correct
SS1651678626616,US,SeI,control,walter2,answer,correct
SS1651678626616,US,SeI,control,claymen1,answer,correct
SS1651678626616,US,SeI,critical,claymen2,answer,descriptivist
SS1651678626616,US,SeI,control,monkpic1,answer,correct
SS1651678626616,US,SeI,control,monkpic2,answer,incorrect
SS1651678635745,US,SeI,control,claymen1,answer,correct
SS1651678635745,US,SeI,critical,claymen2,answer,causal_historical
SS1651678635745,US,SeI,control,allheal1,answer,correct
SS1651678635745,US,SeI,control,allheal2,answer,correct
SS1651678635745,US,SeI,control,monkpic1,answer,correct
SS1651678635745,US,SeI,control,monkpic2,answer,incorrect
SS1651678635745,US,SeI,control,walter1,answer,correct
SS1651678635745,US,SeI,control,walter2,answer,correct
SS1651678635745,US,SeI,critical,superdog1,answer,causal_historical
SS1651678635745,US,SeI,control,superdog2,answer,correct
SS1651678637077,US,SeI,control,claymen1,answer,correct
SS1651678637077,US,SeI,critical,claymen2,answer,descriptivist
SS1651678637077,US,SeI,control,walter1,answer,correct
SS1651678637077,US,SeI,control,walter2,answer,correct
SS1651678637077,US,SeI,control,monkpic1,answer,correct
SS1651678637077,US,SeI,control,monkpic2,answer,incorrect
SS1651678637077,US,SeI,critical,superdog1,answer,descriptivist
SS1651678637077,US,SeI,control,superdog2,answer,correct
SS1651678637077,US,SeI,control,allheal1,answer,correct
SS1651678637077,US,SeI,control,allheal2,answer,correct
SS1651678701050,US,SeI,critical,superdog1,answer,causal_historical
SS1651678701050,US,SeI,control,superdog2,answer,correct
SS1651678701050,US,SeI,control,walter1,answer,correct
SS1651678701050,US,SeI,control,walter2,answer,correct
SS1651678701050,US,SeI,control,allheal1,answer,correct
SS1651678701050,US,SeI,control,allheal2,answer,correct
SS1651678701050,US,SeI,control,monkpic1,answer,correct
SS1651678701050,US,SeI,control,monkpic2,answer,incorrect
SS1651678701050,US,SeI,control,claymen1,answer,correct
SS1651678701050,US,SeI,critical,claymen2,answer,causal_historical
SS1651678717637,US,SeI,control,monkpic1,answer,correct
SS1651678717637,US,SeI,control,monkpic2,answer,incorrect
SS1651678717637,US,SeI,control,allheal1,answer,correct
SS1651678717637,US,SeI,control,allheal2,answer,correct
SS1651678717637,US,SeI,critical,superdog1,answer,causal_historical
SS1651678717637,US,SeI,control,superdog2,answer,correct
SS1651678717637,US,SeI,control,claymen1,answer,correct
SS1651678717637,US,SeI,critical,claymen2,answer,causal_historical
SS1651678717637,US,SeI,control,walter1,answer,correct
SS1651678717637,US,SeI,control,walter2,answer,correct
SS1651678770686,US,SeI,control,monkpic1,answer,correct
SS1651678770686,US,SeI,control,monkpic2,answer,incorrect
SS1651678770686,US,SeI,critical,superdog1,answer,descriptivist
SS1651678770686,US,SeI,control,superdog2,answer,correct
SS1651678770686,US,SeI,control,walter1,answer,correct
SS1651678770686,US,SeI,control,walter2,answer,correct
SS1651678770686,US,SeI,control,claymen1,answer,correct
SS1651678770686,US,SeI,critical,claymen2,answer,descriptivist
SS1651678770686,US,SeI,control,allheal1,answer,correct
SS1651678770686,US,SeI,control,allheal2,answer,correct
SS1651678809453,US,SeI,critical,superdog1,answer,causal_historical
SS1651678809453,US,SeI,control,superdog2,answer,correct
SS1651678809453,US,SeI,control,allheal1,answer,correct
SS1651678809453,US,SeI,control,allheal2,answer,correct
SS1651678809453,US,SeI,control,claymen1,answer,correct
SS1651678809453,US,SeI,critical,claymen2,answer,causal_historical
SS1651678809453,US,SeI,control,walter1,answer,correct
SS1651678809453,US,SeI,control,walter2,answer,correct
SS1651678809453,US,SeI,control,monkpic1,answer,correct
SS1651678809453,US,SeI,control,monkpic2,answer,incorrect
SS1651678955017,US,SeI,control,allheal1,answer,correct
SS1651678955017,US,SeI,control,allheal2,answer,correct
SS1651678955017,US,SeI,control,walter1,answer,correct
SS1651678955017,US,SeI,control,walter2,answer,correct
SS1651678955017,US,SeI,critical,superdog1,answer,descriptivist
SS1651678955017,US,SeI,control,superdog2,answer,correct
SS1651678955017,US,SeI,control,claymen1,answer,correct
SS1651678955017,US,SeI,critical,claymen2,answer,causal_historical
SS1651678955017,US,SeI,control,monkpic1,answer,correct
SS1651678955017,US,SeI,control,monkpic2,answer,incorrect
SS1651679034205,US,SeI,control,monkpic1,answer,correct
SS1651679034205,US,SeI,control,monkpic2,answer,incorrect
SS1651679034205,US,SeI,control,allheal1,answer,correct
SS1651679034205,US,SeI,control,allheal2,answer,correct
SS1651679034205,US,SeI,critical,superdog1,answer,causal_historical
SS1651679034205,US,SeI,control,superdog2,answer,correct
SS1651679034205,US,SeI,control,claymen1,answer,correct
SS1651679034205,US,SeI,critical,claymen2,answer,causal_historical
SS1651679034205,US,SeI,control,walter1,answer,correct
SS1651679034205,US,SeI,control,walter2,answer,correct
SS1651679448134,US,SeI,control,monkpic1,answer,correct
SS1651679448134,US,SeI,control,monkpic2,answer,incorrect
SS1651679448134,US,SeI,control,claymen1,answer,correct
SS1651679448134,US,SeI,critical,claymen2,answer,causal_historical
SS1651679448134,US,SeI,control,allheal1,answer,correct
SS1651679448134,US,SeI,control,allheal2,answer,correct
SS1651679448134,US,SeI,critical,superdog1,answer,causal_historical
SS1651679448134,US,SeI,control,superdog2,answer,correct
SS1651679448134,US,SeI,control,walter1,answer,correct
SS1651679448134,US,SeI,control,walter2,answer,correct
SS1651679534071,US,SeI,control,monkpic1,answer,correct
SS1651679534071,US,SeI,control,monkpic2,answer,incorrect
SS1651679534071,US,SeI,critical,superdog1,answer,descriptivist
SS1651679534071,US,SeI,control,superdog2,answer,correct
SS1651679534071,US,SeI,control,allheal1,answer,correct
SS1651679534071,US,SeI,control,allheal2,answer,correct
SS1651679534071,US,SeI,control,claymen1,answer,correct
SS1651679534071,US,SeI,critical,claymen2,answer,descriptivist
SS1651679534071,US,SeI,control,walter1,answer,correct
SS1651679534071,US,SeI,control,walter2,answer,correct
SS1651679569580,US,SeI,control,allheal1,answer,correct
SS1651679569580,US,SeI,control,allheal2,answer,correct
SS1651679569580,US,SeI,control,monkpic1,answer,correct
SS1651679569580,US,SeI,control,monkpic2,answer,incorrect
SS1651679569580,US,SeI,critical,superdog1,answer,descriptivist
SS1651679569580,US,SeI,control,superdog2,answer,correct
SS1651679569580,US,SeI,control,claymen1,answer,correct
SS1651679569580,US,SeI,critical,claymen2,answer,descriptivist
SS1651679569580,US,SeI,control,walter1,answer,incorrect
SS1651679569580,US,SeI,control,walter2,answer,correct
SS1651679629301,US,SeI,control,claymen1,answer,correct
SS1651679629301,US,SeI,critical,claymen2,answer,causal_historical
SS1651679629301,US,SeI,control,monkpic1,answer,correct
SS1651679629301,US,SeI,control,monkpic2,answer,incorrect
SS1651679629301,US,SeI,critical,superdog1,answer,causal_historical
SS1651679629301,US,SeI,control,superdog2,answer,correct
SS1651679629301,US,SeI,control,allheal1,answer,incorrect
SS1651679629301,US,SeI,control,allheal2,answer,incorrect
SS1651679629301,US,SeI,control,walter1,answer,correct
SS1651679629301,US,SeI,control,walter2,answer,correct
SS1651679984067,US,SeI,control,allheal1,answer,correct
SS1651679984067,US,SeI,control,allheal2,answer,correct
SS1651679984067,US,SeI,control,claymen1,answer,correct
SS1651679984067,US,SeI,critical,claymen2,answer,causal_historical
SS1651679984067,US,SeI,control,monkpic1,answer,correct
SS1651679984067,US,SeI,control,monkpic2,answer,incorrect
SS1651679984067,US,SeI,control,walter1,answer,correct
SS1651679984067,US,SeI,control,walter2,answer,correct
SS1651679984067,US,SeI,critical,superdog1,answer,causal_historical
SS1651679984067,US,SeI,control,superdog2,answer,correct
SS1651680129189,US,SeI,control,walter1,answer,correct
SS1651680129189,US,SeI,control,walter2,answer,correct
SS1651680129189,US,SeI,control,claymen1,answer,incorrect
SS1651680129189,US,SeI,critical,claymen2,answer,descriptivist
SS1651680129189,US,SeI,critical,superdog1,answer,descriptivist
SS1651680129189,US,SeI,control,superdog2,answer,correct
SS1651680129189,US,SeI,control,monkpic1,answer,incorrect
SS1651680129189,US,SeI,control,monkpic2,answer,incorrect
SS1651680129189,US,SeI,control,allheal1,answer,incorrect
SS1651680129189,US,SeI,control,allheal2,answer,incorrect
SS1651680530568,US,SeI,control,claymen1,answer,correct
SS1651680530568,US,SeI,critical,claymen2,answer,causal_historical
SS1651680530568,US,SeI,control,allheal1,answer,correct
SS1651680530568,US,SeI,control,allheal2,answer,correct
SS1651680530568,US,SeI,critical,superdog1,answer,causal_historical
SS1651680530568,US,SeI,control,superdog2,answer,correct
SS1651680530568,US,SeI,control,walter1,answer,correct
SS1651680530568,US,SeI,control,walter2,answer,correct
SS1651680530568,US,SeI,control,monkpic1,answer,correct
SS1651680530568,US,SeI,control,monkpic2,answer,incorrect
SS1651680818305,US,SeI,control,walter1,answer,correct
SS1651680818305,US,SeI,control,walter2,answer,correct
SS1651680818305,US,SeI,control,monkpic1,answer,correct
SS1651680818305,US,SeI,control,monkpic2,answer,incorrect
SS1651680818305,US,SeI,critical,superdog1,answer,causal_historical
SS1651680818305,US,SeI,control,superdog2,answer,correct
SS1651680818305,US,SeI,control,allheal1,answer,correct
SS1651680818305,US,SeI,control,allheal2,answer,correct
SS1651680818305,US,SeI,control,claymen1,answer,correct
SS1651680818305,US,SeI,critical,claymen2,answer,causal_historical
SS1651680994828,US,SeI,control,allheal1,answer,correct
SS1651680994828,US,SeI,control,allheal2,answer,correct
SS1651680994828,US,SeI,control,claymen1,answer,correct
SS1651680994828,US,SeI,critical,claymen2,answer,causal_historical
SS1651680994828,US,SeI,critical,superdog1,answer,causal_historical
SS1651680994828,US,SeI,control,superdog2,answer,correct
SS1651680994828,US,SeI,control,walter1,answer,correct
SS1651680994828,US,SeI,control,walter2,answer,correct
SS1651680994828,US,SeI,control,monkpic1,answer,correct
SS1651680994828,US,SeI,control,monkpic2,answer,incorrect
SS1651681877580,US,SeI,control,allheal1,answer,correct
SS1651681877580,US,SeI,control,allheal2,answer,correct
SS1651681877580,US,SeI,critical,superdog1,answer,descriptivist
SS1651681877580,US,SeI,control,superdog2,answer,correct
SS1651681877580,US,SeI,control,claymen1,answer,correct
SS1651681877580,US,SeI,critical,claymen2,answer,descriptivist
SS1651681877580,US,SeI,control,monkpic1,answer,correct
SS1651681877580,US,SeI,control,monkpic2,answer,incorrect
SS1651681877580,US,SeI,control,walter1,answer,correct
SS1651681877580,US,SeI,control,walter2,answer,correct
SS1651682805154,US,SeI,control,monkpic1,answer,correct
SS1651682805154,US,SeI,control,monkpic2,answer,incorrect
SS1651682805154,US,SeI,critical,superdog1,answer,causal_historical
SS1651682805154,US,SeI,control,superdog2,answer,correct
SS1651682805154,US,SeI,control,claymen1,answer,correct
SS1651682805154,US,SeI,critical,claymen2,answer,descriptivist
SS1651682805154,US,SeI,control,walter1,answer,correct
SS1651682805154,US,SeI,control,walter2,answer,correct
SS1651682805154,US,SeI,control,allheal1,answer,correct
SS1651682805154,US,SeI,control,allheal2,answer,incorrect
SS1651687447221,US,SeI,control,walter1,answer,correct
SS1651687447221,US,SeI,control,walter2,answer,correct
SS1651687447221,US,SeI,control,claymen1,answer,correct
SS1651687447221,US,SeI,critical,claymen2,answer,causal_historical
SS1651687447221,US,SeI,critical,superdog1,answer,descriptivist
SS1651687447221,US,SeI,control,superdog2,answer,correct
SS1651687447221,US,SeI,control,allheal1,answer,correct
SS1651687447221,US,SeI,control,allheal2,answer,correct
SS1651687447221,US,SeI,control,monkpic1,answer,correct
SS1651687447221,US,SeI,control,monkpic2,answer,incorrect
SS1651689857645,US,SeI,control,walter1,answer,correct
SS1651689857645,US,SeI,control,walter2,answer,correct
SS1651689857645,US,SeI,control,monkpic1,answer,correct
SS1651689857645,US,SeI,control,monkpic2,answer,incorrect
SS1651689857645,US,SeI,control,claymen1,answer,correct
SS1651689857645,US,SeI,critical,claymen2,answer,causal_historical
SS1651689857645,US,SeI,control,allheal1,answer,incorrect
SS1651689857645,US,SeI,control,allheal2,answer,incorrect
SS1651689857645,US,SeI,critical,superdog1,answer,causal_historical
SS1651689857645,US,SeI,control,superdog2,answer,correct
SS1651690446636,US,SeI,control,walter1,answer,correct
SS1651690446636,US,SeI,control,walter2,answer,correct
SS1651690446636,US,SeI,control,monkpic1,answer,incorrect
SS1651690446636,US,SeI,control,monkpic2,answer,incorrect
SS1651690446636,US,SeI,control,claymen1,answer,incorrect
SS1651690446636,US,SeI,critical,claymen2,answer,descriptivist
SS1651690446636,US,SeI,control,allheal1,answer,correct
SS1651690446636,US,SeI,control,allheal2,answer,correct
SS1651690446636,US,SeI,critical,superdog1,answer,causal_historical
SS1651690446636,US,SeI,control,superdog2,answer,incorrect
SS1651690626669,US,SeI,critical,superdog1,answer,descriptivist
SS1651690626669,US,SeI,control,superdog2,answer,correct
SS1651690626669,US,SeI,control,walter1,answer,correct
SS1651690626669,US,SeI,control,walter2,answer,correct
SS1651690626669,US,SeI,control,monkpic1,answer,correct
SS1651690626669,US,SeI,control,monkpic2,answer,incorrect
SS1651690626669,US,SeI,control,allheal1,answer,correct
SS1651690626669,US,SeI,control,allheal2,answer,correct
SS1651690626669,US,SeI,control,claymen1,answer,correct
SS1651690626669,US,SeI,critical,claymen2,answer,descriptivist
SS1651690672320,US,SeI,control,monkpic1,answer,correct
SS1651690672320,US,SeI,control,monkpic2,answer,incorrect
SS1651690672320,US,SeI,control,walter1,answer,correct
SS1651690672320,US,SeI,control,walter2,answer,correct
SS1651690672320,US,SeI,critical,superdog1,answer,causal_historical
SS1651690672320,US,SeI,control,superdog2,answer,correct
SS1651690672320,US,SeI,control,allheal1,answer,correct
SS1651690672320,US,SeI,control,allheal2,answer,correct
SS1651690672320,US,SeI,control,claymen1,answer,correct
SS1651690672320,US,SeI,critical,claymen2,answer,causal_historical
SS1651690674639,US,SeI,control,monkpic1,answer,correct
SS1651690674639,US,SeI,control,monkpic2,answer,incorrect
SS1651690674639,US,SeI,control,walter1,answer,correct
SS1651690674639,US,SeI,control,walter2,answer,correct
SS1651690674639,US,SeI,critical,superdog1,answer,causal_historical
SS1651690674639,US,SeI,control,superdog2,answer,correct
SS1651690674639,US,SeI,control,claymen1,answer,correct
SS1651690674639,US,SeI,critical,claymen2,answer,causal_historical
SS1651690674639,US,SeI,control,allheal1,answer,correct
SS1651690674639,US,SeI,control,allheal2,answer,correct
SS1651690678231,US,SeI,control,claymen1,answer,correct
SS1651690678231,US,SeI,critical,claymen2,answer,causal_historical
SS1651690678231,US,SeI,control,walter1,answer,correct
SS1651690678231,US,SeI,control,walter2,answer,correct
SS1651690678231,US,SeI,control,allheal1,answer,correct
SS1651690678231,US,SeI,control,allheal2,answer,correct
SS1651690678231,US,SeI,critical,superdog1,answer,causal_historical
SS1651690678231,US,SeI,control,superdog2,answer,correct
SS1651690678231,US,SeI,control,monkpic1,answer,correct
SS1651690678231,US,SeI,control,monkpic2,answer,incorrect
SS1651690678388,US,SeI,control,claymen1,answer,correct
SS1651690678388,US,SeI,critical,claymen2,answer,causal_historical
SS1651690678388,US,SeI,control,monkpic1,answer,correct
SS1651690678388,US,SeI,control,monkpic2,answer,incorrect
SS1651690678388,US,SeI,critical,superdog1,answer,causal_historical
SS1651690678388,US,SeI,control,superdog2,answer,correct
SS1651690678388,US,SeI,control,allheal1,answer,correct
SS1651690678388,US,SeI,control,allheal2,answer,correct
SS1651690678388,US,SeI,control,walter1,answer,correct
SS1651690678388,US,SeI,control,walter2,answer,correct
SS1651690681690,US,SeI,control,claymen1,answer,correct
SS1651690681690,US,SeI,critical,claymen2,answer,descriptivist
SS1651690681690,US,SeI,control,allheal1,answer,correct
SS1651690681690,US,SeI,control,allheal2,answer,incorrect
SS1651690681690,US,SeI,control,walter1,answer,correct
SS1651690681690,US,SeI,control,walter2,answer,correct
SS1651690681690,US,SeI,critical,superdog1,answer,descriptivist
SS1651690681690,US,SeI,control,superdog2,answer,correct
SS1651690681690,US,SeI,control,monkpic1,answer,correct
SS1651690681690,US,SeI,control,monkpic2,answer,incorrect
SS1651690683219,US,SeI,control,walter1,answer,correct
SS1651690683219,US,SeI,control,walter2,answer,correct
SS1651690683219,US,SeI,control,claymen1,answer,correct
SS1651690683219,US,SeI,critical,claymen2,answer,causal_historical
SS1651690683219,US,SeI,control,allheal1,answer,correct
SS1651690683219,US,SeI,control,allheal2,answer,correct
SS1651690683219,US,SeI,critical,superdog1,answer,causal_historical
SS1651690683219,US,SeI,control,superdog2,answer,correct
SS1651690683219,US,SeI,control,monkpic1,answer,correct
SS1651690683219,US,SeI,control,monkpic2,answer,incorrect
SS1651690685286,US,SeI,control,claymen1,answer,correct
SS1651690685286,US,SeI,critical,claymen2,answer,causal_historical
SS1651690685286,US,SeI,control,allheal1,answer,correct
SS1651690685286,US,SeI,control,allheal2,answer,correct
SS1651690685286,US,SeI,control,walter1,answer,correct
SS1651690685286,US,SeI,control,walter2,answer,correct
SS1651690685286,US,SeI,critical,superdog1,answer,causal_historical
SS1651690685286,US,SeI,control,superdog2,answer,correct
SS1651690685286,US,SeI,control,monkpic1,answer,correct
SS1651690685286,US,SeI,control,monkpic2,answer,incorrect
SS1651690687499,US,SeI,control,walter1,answer,correct
SS1651690687499,US,SeI,control,walter2,answer,correct
SS1651690687499,US,SeI,control,allheal1,answer,correct
SS1651690687499,US,SeI,control,allheal2,answer,correct
SS1651690687499,US,SeI,critical,superdog1,answer,causal_historical
SS1651690687499,US,SeI,control,superdog2,answer,correct
SS1651690687499,US,SeI,control,monkpic1,answer,correct
SS1651690687499,US,SeI,control,monkpic2,answer,incorrect
SS1651690687499,US,SeI,control,claymen1,answer,correct
SS1651690687499,US,SeI,critical,claymen2,answer,causal_historical
SS1651690687538,US,SeI,control,monkpic1,answer,incorrect
SS1651690687538,US,SeI,control,monkpic2,answer,incorrect
SS1651690687538,US,SeI,control,claymen1,answer,correct
SS1651690687538,US,SeI,critical,claymen2,answer,causal_historical
SS1651690687538,US,SeI,control,allheal1,answer,incorrect
SS1651690687538,US,SeI,control,allheal2,answer,incorrect
SS1651690687538,US,SeI,critical,superdog1,answer,causal_historical
SS1651690687538,US,SeI,control,superdog2,answer,correct
SS1651690687538,US,SeI,control,walter1,answer,correct
SS1651690687538,US,SeI,control,walter2,answer,correct
SS1651690691047,US,SeI,control,claymen1,answer,correct
SS1651690691047,US,SeI,critical,claymen2,answer,causal_historical
SS1651690691047,US,SeI,critical,superdog1,answer,causal_historical
SS1651690691047,US,SeI,control,superdog2,answer,correct
SS1651690691047,US,SeI,control,allheal1,answer,correct
SS1651690691047,US,SeI,control,allheal2,answer,incorrect
SS1651690691047,US,SeI,control,walter1,answer,correct
SS1651690691047,US,SeI,control,walter2,answer,correct
SS1651690691047,US,SeI,control,monkpic1,answer,correct
SS1651690691047,US,SeI,control,monkpic2,answer,incorrect
SS1651690691327,US,SeI,critical,superdog1,answer,causal_historical
SS1651690691327,US,SeI,control,superdog2,answer,correct
SS1651690691327,US,SeI,control,monkpic1,answer,correct
SS1651690691327,US,SeI,control,monkpic2,answer,incorrect
SS1651690691327,US,SeI,control,allheal1,answer,correct
SS1651690691327,US,SeI,control,allheal2,answer,correct
SS1651690691327,US,SeI,control,walter1,answer,correct
SS1651690691327,US,SeI,control,walter2,answer,correct
SS1651690691327,US,SeI,control,claymen1,answer,correct
SS1651690691327,US,SeI,critical,claymen2,answer,causal_historical
SS1651690698980,US,SeI,critical,superdog1,answer,causal_historical
SS1651690698980,US,SeI,control,superdog2,answer,correct
SS1651690698980,US,SeI,control,monkpic1,answer,correct
SS1651690698980,US,SeI,control,monkpic2,answer,incorrect
SS1651690698980,US,SeI,control,walter1,answer,correct
SS1651690698980,US,SeI,control,walter2,answer,correct
SS1651690698980,US,SeI,control,claymen1,answer,correct
SS1651690698980,US,SeI,critical,claymen2,answer,causal_historical
SS1651690698980,US,SeI,control,allheal1,answer,correct
SS1651690698980,US,SeI,control,allheal2,answer,correct
SS1651690706045,US,SeI,control,claymen1,answer,correct
SS1651690706045,US,SeI,critical,claymen2,answer,causal_historical
SS1651690706045,US,SeI,critical,superdog1,answer,descriptivist
SS1651690706045,US,SeI,control,superdog2,answer,correct
SS1651690706045,US,SeI,control,walter1,answer,correct
SS1651690706045,US,SeI,control,walter2,answer,correct
SS1651690706045,US,SeI,control,allheal1,answer,correct
SS1651690706045,US,SeI,control,allheal2,answer,correct
SS1651690706045,US,SeI,control,monkpic1,answer,correct
SS1651690706045,US,SeI,control,monkpic2,answer,incorrect
SS1651690707343,US,SeI,control,claymen1,answer,correct
SS1651690707343,US,SeI,critical,claymen2,answer,descriptivist
SS1651690707343,US,SeI,control,walter1,answer,correct
SS1651690707343,US,SeI,control,walter2,answer,correct
SS1651690707343,US,SeI,critical,superdog1,answer,causal_historical
SS1651690707343,US,SeI,control,superdog2,answer,incorrect
SS1651690707343,US,SeI,control,allheal1,answer,correct
SS1651690707343,US,SeI,control,allheal2,answer,incorrect
SS1651690707343,US,SeI,control,monkpic1,answer,correct
SS1651690707343,US,SeI,control,monkpic2,answer,incorrect
SS1651690707467,US,SeI,critical,superdog1,answer,causal_historical
SS1651690707467,US,SeI,control,superdog2,answer,correct
SS1651690707467,US,SeI,control,allheal1,answer,correct
SS1651690707467,US,SeI,control,allheal2,answer,correct
SS1651690707467,US,SeI,control,walter1,answer,incorrect
SS1651690707467,US,SeI,control,walter2,answer,correct
SS1651690707467,US,SeI,control,claymen1,answer,correct
SS1651690707467,US,SeI,critical,claymen2,answer,descriptivist
SS1651690707467,US,SeI,control,monkpic1,answer,incorrect
SS1651690707467,US,SeI,control,monkpic2,answer,incorrect
SS1651690708015,US,SeI,critical,superdog1,answer,causal_historical
SS1651690708015,US,SeI,control,superdog2,answer,correct
SS1651690708015,US,SeI,control,allheal1,answer,correct
SS1651690708015,US,SeI,control,allheal2,answer,correct
SS1651690708015,US,SeI,control,monkpic1,answer,correct
SS1651690708015,US,SeI,control,monkpic2,answer,incorrect
SS1651690708015,US,SeI,control,claymen1,answer,correct
SS1651690708015,US,SeI,critical,claymen2,answer,causal_historical
SS1651690708015,US,SeI,control,walter1,answer,correct
SS1651690708015,US,SeI,control,walter2,answer,correct
SS1651690711805,US,SeI,control,monkpic1,answer,incorrect
SS1651690711805,US,SeI,control,monkpic2,answer,incorrect
SS1651690711805,US,SeI,critical,superdog1,answer,descriptivist
SS1651690711805,US,SeI,control,superdog2,answer,correct
SS1651690711805,US,SeI,control,claymen1,answer,correct
SS1651690711805,US,SeI,critical,claymen2,answer,descriptivist
SS1651690711805,US,SeI,control,allheal1,answer,incorrect
SS1651690711805,US,SeI,control,allheal2,answer,incorrect
SS1651690711805,US,SeI,control,walter1,answer,correct
SS1651690711805,US,SeI,control,walter2,answer,correct
SS1651690714289,US,SeI,control,claymen1,answer,correct
SS1651690714289,US,SeI,critical,claymen2,answer,descriptivist
SS1651690714289,US,SeI,control,monkpic1,answer,correct
SS1651690714289,US,SeI,control,monkpic2,answer,incorrect
SS1651690714289,US,SeI,critical,superdog1,answer,descriptivist
SS1651690714289,US,SeI,control,superdog2,answer,correct
SS1651690714289,US,SeI,control,allheal1,answer,correct
SS1651690714289,US,SeI,control,allheal2,answer,correct
SS1651690714289,US,SeI,control,walter1,answer,correct
SS1651690714289,US,SeI,control,walter2,answer,correct
SS1651690719363,US,SeI,critical,superdog1,answer,descriptivist
SS1651690719363,US,SeI,control,superdog2,answer,correct
SS1651690719363,US,SeI,control,walter1,answer,correct
SS1651690719363,US,SeI,control,walter2,answer,correct
SS1651690719363,US,SeI,control,allheal1,answer,correct
SS1651690719363,US,SeI,control,allheal2,answer,correct
SS1651690719363,US,SeI,control,claymen1,answer,correct
SS1651690719363,US,SeI,critical,claymen2,answer,descriptivist
SS1651690719363,US,SeI,control,monkpic1,answer,correct
SS1651690719363,US,SeI,control,monkpic2,answer,incorrect
SS1651690719510,US,SeI,control,monkpic1,answer,correct
SS1651690719510,US,SeI,control,monkpic2,answer,incorrect
SS1651690719510,US,SeI,critical,superdog1,answer,descriptivist
SS1651690719510,US,SeI,control,superdog2,answer,correct
SS1651690719510,US,SeI,control,walter1,answer,correct
SS1651690719510,US,SeI,control,walter2,answer,correct
SS1651690719510,US,SeI,control,claymen1,answer,correct
SS1651690719510,US,SeI,critical,claymen2,answer,descriptivist
SS1651690719510,US,SeI,control,allheal1,answer,correct
SS1651690719510,US,SeI,control,allheal2,answer,correct
SS1651690723933,US,SeI,control,allheal1,answer,correct
SS1651690723933,US,SeI,control,allheal2,answer,correct
SS1651690723933,US,SeI,critical,superdog1,answer,causal_historical
SS1651690723933,US,SeI,control,superdog2,answer,correct
SS1651690723933,US,SeI,control,claymen1,answer,correct
SS1651690723933,US,SeI,critical,claymen2,answer,causal_historical
SS1651690723933,US,SeI,control,walter1,answer,correct
SS1651690723933,US,SeI,control,walter2,answer,correct
SS1651690723933,US,SeI,control,monkpic1,answer,correct
SS1651690723933,US,SeI,control,monkpic2,answer,incorrect
SS1651690727662,US,SeI,critical,superdog1,answer,causal_historical
SS1651690727662,US,SeI,control,superdog2,answer,correct
SS1651690727662,US,SeI,control,walter1,answer,correct
SS1651690727662,US,SeI,control,walter2,answer,correct
SS1651690727662,US,SeI,control,claymen1,answer,correct
SS1651690727662,US,SeI,critical,claymen2,answer,causal_historical
SS1651690727662,US,SeI,control,monkpic1,answer,correct
SS1651690727662,US,SeI,control,monkpic2,answer,incorrect
SS1651690727662,US,SeI,control,allheal1,answer,correct
SS1651690727662,US,SeI,control,allheal2,answer,correct
SS1651690727759,US,SeI,control,claymen1,answer,correct
SS1651690727759,US,SeI,critical,claymen2,answer,causal_historical
SS1651690727759,US,SeI,critical,superdog1,answer,causal_historical
SS1651690727759,US,SeI,control,superdog2,answer,correct
SS1651690727759,US,SeI,control,allheal1,answer,incorrect
SS1651690727759,US,SeI,control,allheal2,answer,correct
SS1651690727759,US,SeI,control,monkpic1,answer,correct
SS1651690727759,US,SeI,control,monkpic2,answer,incorrect
SS1651690727759,US,SeI,control,walter1,answer,correct
SS1651690727759,US,SeI,control,walter2,answer,correct
SS1651690729593,US,SeI,control,claymen1,answer,correct
SS1651690729593,US,SeI,critical,claymen2,answer,causal_historical
SS1651690729593,US,SeI,control,monkpic1,answer,correct
SS1651690729593,US,SeI,control,monkpic2,answer,incorrect
SS1651690729593,US,SeI,control,walter1,answer,correct
SS1651690729593,US,SeI,control,walter2,answer,correct
SS1651690729593,US,SeI,control,allheal1,answer,correct
SS1651690729593,US,SeI,control,allheal2,answer,correct
SS1651690729593,US,SeI,critical,superdog1,answer,descriptivist
SS1651690729593,US,SeI,control,superdog2,answer,correct
SS1651690730467,US,SeI,control,monkpic1,answer,correct
SS1651690730467,US,SeI,control,monkpic2,answer,incorrect
SS1651690730467,US,SeI,critical,superdog1,answer,causal_historical
SS1651690730467,US,SeI,control,superdog2,answer,correct
SS1651690730467,US,SeI,control,walter1,answer,correct
SS1651690730467,US,SeI,control,walter2,answer,correct
SS1651690730467,US,SeI,control,claymen1,answer,correct
SS1651690730467,US,SeI,critical,claymen2,answer,causal_historical
SS1651690730467,US,SeI,control,allheal1,answer,correct
SS1651690730467,US,SeI,control,allheal2,answer,correct
SS1651690731537,US,SeI,control,claymen1,answer,incorrect
SS1651690731537,US,SeI,critical,claymen2,answer,causal_historical
SS1651690731537,US,SeI,control,allheal1,answer,correct
SS1651690731537,US,SeI,control,allheal2,answer,correct
SS1651690731537,US,SeI,control,monkpic1,answer,correct
SS1651690731537,US,SeI,control,monkpic2,answer,incorrect
SS1651690731537,US,SeI,critical,superdog1,answer,descriptivist
SS1651690731537,US,SeI,control,superdog2,answer,correct
SS1651690731537,US,SeI,control,walter1,answer,correct
SS1651690731537,US,SeI,control,walter2,answer,correct
SS1651690732177,US,SeI,control,allheal1,answer,correct
SS1651690732177,US,SeI,control,allheal2,answer,correct
SS1651690732177,US,SeI,control,monkpic1,answer,correct
SS1651690732177,US,SeI,control,monkpic2,answer,incorrect
SS1651690732177,US,SeI,control,claymen1,answer,correct
SS1651690732177,US,SeI,critical,claymen2,answer,causal_historical
SS1651690732177,US,SeI,control,walter1,answer,correct
SS1651690732177,US,SeI,control,walter2,answer,correct
SS1651690732177,US,SeI,critical,superdog1,answer,causal_historical
SS1651690732177,US,SeI,control,superdog2,answer,correct
SS1651690735020,US,SeI,control,allheal1,answer,correct
SS1651690735020,US,SeI,control,allheal2,answer,correct
SS1651690735020,US,SeI,control,walter1,answer,correct
SS1651690735020,US,SeI,control,walter2,answer,correct
SS1651690735020,US,SeI,control,claymen1,answer,correct
SS1651690735020,US,SeI,critical,claymen2,answer,causal_historical
SS1651690735020,US,SeI,control,monkpic1,answer,correct
SS1651690735020,US,SeI,control,monkpic2,answer,incorrect
SS1651690735020,US,SeI,critical,superdog1,answer,causal_historical
SS1651690735020,US,SeI,control,superdog2,answer,correct
SS1651690737808,US,SeI,critical,superdog1,answer,descriptivist
SS1651690737808,US,SeI,control,superdog2,answer,correct
SS1651690737808,US,SeI,control,monkpic1,answer,incorrect
SS1651690737808,US,SeI,control,monkpic2,answer,incorrect
SS1651690737808,US,SeI,control,allheal1,answer,incorrect
SS1651690737808,US,SeI,control,allheal2,answer,incorrect
SS1651690737808,US,SeI,control,walter1,answer,correct
SS1651690737808,US,SeI,control,walter2,answer,correct
SS1651690737808,US,SeI,control,claymen1,answer,correct
SS1651690737808,US,SeI,critical,claymen2,answer,descriptivist
SS1651690740366,US,SeI,control,walter1,answer,correct
SS1651690740366,US,SeI,control,walter2,answer,correct
SS1651690740366,US,SeI,control,monkpic1,answer,correct
SS1651690740366,US,SeI,control,monkpic2,answer,incorrect
SS1651690740366,US,SeI,control,claymen1,answer,correct
SS1651690740366,US,SeI,critical,claymen2,answer,causal_historical
SS1651690740366,US,SeI,critical,superdog1,answer,causal_historical
SS1651690740366,US,SeI,control,superdog2,answer,correct
SS1651690740366,US,SeI,control,allheal1,answer,correct
SS1651690740366,US,SeI,control,allheal2,answer,correct
SS1651690741486,US,SeI,critical,superdog1,answer,descriptivist
SS1651690741486,US,SeI,control,superdog2,answer,correct
SS1651690741486,US,SeI,control,allheal1,answer,correct
SS1651690741486,US,SeI,control,allheal2,answer,correct
SS1651690741486,US,SeI,control,walter1,answer,correct
SS1651690741486,US,SeI,control,walter2,answer,correct
SS1651690741486,US,SeI,control,claymen1,answer,correct
SS1651690741486,US,SeI,critical,claymen2,answer,descriptivist
SS1651690741486,US,SeI,control,monkpic1,answer,correct
SS1651690741486,US,SeI,control,monkpic2,answer,incorrect
SS1651690741942,US,SeI,control,claymen1,answer,correct
SS1651690741942,US,SeI,critical,claymen2,answer,causal_historical
SS1651690741942,US,SeI,critical,superdog1,answer,causal_historical
SS1651690741942,US,SeI,control,superdog2,answer,incorrect
SS1651690741942,US,SeI,control,walter1,answer,correct
SS1651690741942,US,SeI,control,walter2,answer,incorrect
SS1651690741942,US,SeI,control,allheal1,answer,correct
SS1651690741942,US,SeI,control,allheal2,answer,correct
SS1651690741942,US,SeI,control,monkpic1,answer,correct
SS1651690741942,US,SeI,control,monkpic2,answer,correct
SS1651690743939,US,SeI,control,monkpic1,answer,correct
SS1651690743939,US,SeI,control,monkpic2,answer,incorrect
SS1651690743939,US,SeI,critical,superdog1,answer,descriptivist
SS1651690743939,US,SeI,control,superdog2,answer,correct
SS1651690743939,US,SeI,control,claymen1,answer,correct
SS1651690743939,US,SeI,critical,claymen2,answer,descriptivist
SS1651690743939,US,SeI,control,walter1,answer,correct
SS1651690743939,US,SeI,control,walter2,answer,correct
SS1651690743939,US,SeI,control,allheal1,answer,correct
SS1651690743939,US,SeI,control,allheal2,answer,correct
SS1651690748106,US,SeI,control,monkpic1,answer,correct
SS1651690748106,US,SeI,control,monkpic2,answer,incorrect
SS1651690748106,US,SeI,control,walter1,answer,correct
SS1651690748106,US,SeI,control,walter2,answer,correct
SS1651690748106,US,SeI,control,allheal1,answer,correct
SS1651690748106,US,SeI,control,allheal2,answer,correct
SS1651690748106,US,SeI,critical,superdog1,answer,causal_historical
SS1651690748106,US,SeI,control,superdog2,answer,correct
SS1651690748106,US,SeI,control,claymen1,answer,correct
SS1651690748106,US,SeI,critical,claymen2,answer,causal_historical
SS1651690758188,US,SeI,control,walter1,answer,correct
SS1651690758188,US,SeI,control,walter2,answer,correct
SS1651690758188,US,SeI,control,claymen1,answer,correct
SS1651690758188,US,SeI,critical,claymen2,answer,causal_historical
SS1651690758188,US,SeI,control,allheal1,answer,correct
SS1651690758188,US,SeI,control,allheal2,answer,correct
SS1651690758188,US,SeI,critical,superdog1,answer,descriptivist
SS1651690758188,US,SeI,control,superdog2,answer,correct
SS1651690758188,US,SeI,control,monkpic1,answer,correct
SS1651690758188,US,SeI,control,monkpic2,answer,incorrect
SS1651690762770,US,SeI,critical,superdog1,answer,causal_historical
SS1651690762770,US,SeI,control,superdog2,answer,correct
SS1651690762770,US,SeI,control,claymen1,answer,correct
SS1651690762770,US,SeI,critical,claymen2,answer,causal_historical
SS1651690762770,US,SeI,control,walter1,answer,correct
SS1651690762770,US,SeI,control,walter2,answer,correct
SS1651690762770,US,SeI,control,monkpic1,answer,correct
SS1651690762770,US,SeI,control,monkpic2,answer,incorrect
SS1651690762770,US,SeI,control,allheal1,answer,correct
SS1651690762770,US,SeI,control,allheal2,answer,correct
SS1651690768899,US,SeI,control,claymen1,answer,correct
SS1651690768899,US,SeI,critical,claymen2,answer,causal_historical
SS1651690768899,US,SeI,control,allheal1,answer,correct
SS1651690768899,US,SeI,control,allheal2,answer,correct
SS1651690768899,US,SeI,control,walter1,answer,correct
SS1651690768899,US,SeI,control,walter2,answer,correct
SS1651690768899,US,SeI,control,monkpic1,answer,correct
SS1651690768899,US,SeI,control,monkpic2,answer,incorrect
SS1651690768899,US,SeI,critical,superdog1,answer,causal_historical
SS1651690768899,US,SeI,control,superdog2,answer,correct
SS1651690782524,US,SeI,control,monkpic1,answer,correct
SS1651690782524,US,SeI,control,monkpic2,answer,incorrect
SS1651690782524,US,SeI,control,claymen1,answer,correct
SS1651690782524,US,SeI,critical,claymen2,answer,descriptivist
SS1651690782524,US,SeI,control,allheal1,answer,correct
SS1651690782524,US,SeI,control,allheal2,answer,correct
SS1651690782524,US,SeI,critical,superdog1,answer,descriptivist
SS1651690782524,US,SeI,control,superdog2,answer,correct
SS1651690782524,US,SeI,control,walter1,answer,correct
SS1651690782524,US,SeI,control,walter2,answer,correct
SS1651690793463,US,SeI,critical,superdog1,answer,causal_historical
SS1651690793463,US,SeI,control,superdog2,answer,correct
SS1651690793463,US,SeI,control,claymen1,answer,correct
SS1651690793463,US,SeI,critical,claymen2,answer,causal_historical
SS1651690793463,US,SeI,control,allheal1,answer,correct
SS1651690793463,US,SeI,control,allheal2,answer,correct
SS1651690793463,US,SeI,control,monkpic1,answer,correct
SS1651690793463,US,SeI,control,monkpic2,answer,incorrect
SS1651690793463,US,SeI,control,walter1,answer,correct
SS1651690793463,US,SeI,control,walter2,answer,correct
SS1651690802568,US,SeI,control,claymen1,answer,correct
SS1651690802568,US,SeI,critical,claymen2,answer,descriptivist
SS1651690802568,US,SeI,control,walter1,answer,correct
SS1651690802568,US,SeI,control,walter2,answer,correct
SS1651690802568,US,SeI,control,monkpic1,answer,correct
SS1651690802568,US,SeI,control,monkpic2,answer,incorrect
SS1651690802568,US,SeI,critical,superdog1,answer,descriptivist
SS1651690802568,US,SeI,control,superdog2,answer,correct
SS1651690802568,US,SeI,control,allheal1,answer,correct
SS1651690802568,US,SeI,control,allheal2,answer,correct
SS1651690810190,US,SeI,control,monkpic1,answer,correct
SS1651690810190,US,SeI,control,monkpic2,answer,incorrect
SS1651690810190,US,SeI,control,claymen1,answer,correct
SS1651690810190,US,SeI,critical,claymen2,answer,causal_historical
SS1651690810190,US,SeI,control,allheal1,answer,correct
SS1651690810190,US,SeI,control,allheal2,answer,correct
SS1651690810190,US,SeI,critical,superdog1,answer,descriptivist
SS1651690810190,US,SeI,control,superdog2,answer,correct
SS1651690810190,US,SeI,control,walter1,answer,correct
SS1651690810190,US,SeI,control,walter2,answer,correct
SS1651690858692,US,SeI,control,monkpic1,answer,correct
SS1651690858692,US,SeI,control,monkpic2,answer,incorrect
SS1651690858692,US,SeI,critical,superdog1,answer,causal_historical
SS1651690858692,US,SeI,control,superdog2,answer,correct
SS1651690858692,US,SeI,control,walter1,answer,correct
SS1651690858692,US,SeI,control,walter2,answer,correct
SS1651690858692,US,SeI,control,claymen1,answer,correct
SS1651690858692,US,SeI,critical,claymen2,answer,causal_historical
SS1651690858692,US,SeI,control,allheal1,answer,correct
SS1651690858692,US,SeI,control,allheal2,answer,correct
SS1651690873357,US,SeI,control,walter1,answer,correct
SS1651690873357,US,SeI,control,walter2,answer,correct
SS1651690873357,US,SeI,control,claymen1,answer,correct
SS1651690873357,US,SeI,critical,claymen2,answer,descriptivist
SS1651690873357,US,SeI,control,monkpic1,answer,correct
SS1651690873357,US,SeI,control,monkpic2,answer,correct
SS1651690873357,US,SeI,control,allheal1,answer,correct
SS1651690873357,US,SeI,control,allheal2,answer,incorrect
SS1651690873357,US,SeI,critical,superdog1,answer,causal_historical
SS1651690873357,US,SeI,control,superdog2,answer,correct
SS1651690892118,US,SeI,control,allheal1,answer,correct
SS1651690892118,US,SeI,control,allheal2,answer,incorrect
SS1651690892118,US,SeI,critical,superdog1,answer,causal_historical
SS1651690892118,US,SeI,control,superdog2,answer,incorrect
SS1651690892118,US,SeI,control,walter1,answer,correct
SS1651690892118,US,SeI,control,walter2,answer,correct
SS1651690892118,US,SeI,control,monkpic1,answer,correct
SS1651690892118,US,SeI,control,monkpic2,answer,correct
SS1651690892118,US,SeI,control,claymen1,answer,correct
SS1651690892118,US,SeI,critical,claymen2,answer,causal_historical
SS1651690898679,US,SeI,critical,superdog1,answer,causal_historical
SS1651690898679,US,SeI,control,superdog2,answer,correct
SS1651690898679,US,SeI,control,walter1,answer,correct
SS1651690898679,US,SeI,control,walter2,answer,correct
SS1651690898679,US,SeI,control,claymen1,answer,correct
SS1651690898679,US,SeI,critical,claymen2,answer,causal_historical
SS1651690898679,US,SeI,control,allheal1,answer,correct
SS1651690898679,US,SeI,control,allheal2,answer,correct
SS1651690898679,US,SeI,control,monkpic1,answer,correct
SS1651690898679,US,SeI,control,monkpic2,answer,incorrect
SS1651690926515,US,SeI,control,allheal1,answer,correct
SS1651690926515,US,SeI,control,allheal2,answer,correct
SS1651690926515,US,SeI,control,walter1,answer,correct
SS1651690926515,US,SeI,control,walter2,answer,correct
SS1651690926515,US,SeI,control,claymen1,answer,correct
SS1651690926515,US,SeI,critical,claymen2,answer,causal_historical
SS1651690926515,US,SeI,critical,superdog1,answer,descriptivist
SS1651690926515,US,SeI,control,superdog2,answer,correct
SS1651690926515,US,SeI,control,monkpic1,answer,correct
SS1651690926515,US,SeI,control,monkpic2,answer,incorrect
SS1651690932141,US,SeI,critical,superdog1,answer,causal_historical
SS1651690932141,US,SeI,control,superdog2,answer,correct
SS1651690932141,US,SeI,control,claymen1,answer,correct
SS1651690932141,US,SeI,critical,claymen2,answer,causal_historical
SS1651690932141,US,SeI,control,monkpic1,answer,correct
SS1651690932141,US,SeI,control,monkpic2,answer,incorrect
SS1651690932141,US,SeI,control,walter1,answer,correct
SS1651690932141,US,SeI,control,walter2,answer,correct
SS1651690932141,US,SeI,control,allheal1,answer,correct
SS1651690932141,US,SeI,control,allheal2,answer,correct
SS1651690949027,US,SeI,control,monkpic1,answer,correct
SS1651690949027,US,SeI,control,monkpic2,answer,incorrect
SS1651690949027,US,SeI,control,allheal1,answer,correct
SS1651690949027,US,SeI,control,allheal2,answer,correct
SS1651690949027,US,SeI,control,claymen1,answer,correct
SS1651690949027,US,SeI,critical,claymen2,answer,descriptivist
SS1651690949027,US,SeI,control,walter1,answer,correct
SS1651690949027,US,SeI,control,walter2,answer,correct
SS1651690949027,US,SeI,critical,superdog1,answer,descriptivist
SS1651690949027,US,SeI,control,superdog2,answer,correct
SS1651691043519,US,SeI,control,allheal1,answer,correct
SS1651691043519,US,SeI,control,allheal2,answer,correct
SS1651691043519,US,SeI,control,monkpic1,answer,correct
SS1651691043519,US,SeI,control,monkpic2,answer,incorrect
SS1651691043519,US,SeI,control,claymen1,answer,correct
SS1651691043519,US,SeI,critical,claymen2,answer,causal_historical
SS1651691043519,US,SeI,critical,superdog1,answer,descriptivist
SS1651691043519,US,SeI,control,superdog2,answer,correct
SS1651691043519,US,SeI,control,walter1,answer,correct
SS1651691043519,US,SeI,control,walter2,answer,correct
SS1651691175620,US,SeI,critical,superdog1,answer,causal_historical
SS1651691175620,US,SeI,control,superdog2,answer,incorrect
SS1651691175620,US,SeI,control,walter1,answer,correct
SS1651691175620,US,SeI,control,walter2,answer,correct
SS1651691175620,US,SeI,control,monkpic1,answer,correct
SS1651691175620,US,SeI,control,monkpic2,answer,incorrect
SS1651691175620,US,SeI,control,claymen1,answer,correct
SS1651691175620,US,SeI,critical,claymen2,answer,causal_historical
SS1651691175620,US,SeI,control,allheal1,answer,correct
SS1651691175620,US,SeI,control,allheal2,answer,correct
SS1651691207769,US,SeI,control,monkpic1,answer,correct
SS1651691207769,US,SeI,control,monkpic2,answer,incorrect
SS1651691207769,US,SeI,control,walter1,answer,correct
SS1651691207769,US,SeI,control,walter2,answer,correct
SS1651691207769,US,SeI,critical,superdog1,answer,causal_historical
SS1651691207769,US,SeI,control,superdog2,answer,correct
SS1651691207769,US,SeI,control,allheal1,answer,correct
SS1651691207769,US,SeI,control,allheal2,answer,correct
SS1651691207769,US,SeI,control,claymen1,answer,correct
SS1651691207769,US,SeI,critical,claymen2,answer,causal_historical
SS1651691673018,US,SeI,control,allheal1,answer,correct
SS1651691673018,US,SeI,control,allheal2,answer,correct
SS1651691673018,US,SeI,control,monkpic1,answer,correct
SS1651691673018,US,SeI,control,monkpic2,answer,incorrect
SS1651691673018,US,SeI,critical,superdog1,answer,causal_historical
SS1651691673018,US,SeI,control,superdog2,answer,correct
SS1651691673018,US,SeI,control,claymen1,answer,incorrect
SS1651691673018,US,SeI,critical,claymen2,answer,causal_historical
SS1651691673018,US,SeI,control,walter1,answer,correct
SS1651691673018,US,SeI,control,walter2,answer,correct
SS1651692016531,US,SeI,critical,superdog1,answer,causal_historical
SS1651692016531,US,SeI,control,superdog2,answer,correct
SS1651692016531,US,SeI,control,monkpic1,answer,correct
SS1651692016531,US,SeI,control,monkpic2,answer,incorrect
SS1651692016531,US,SeI,control,allheal1,answer,correct
SS1651692016531,US,SeI,control,allheal2,answer,correct
SS1651692016531,US,SeI,control,claymen1,answer,correct
SS1651692016531,US,SeI,critical,claymen2,answer,causal_historical
SS1651692016531,US,SeI,control,walter1,answer,correct
SS1651692016531,US,SeI,control,walter2,answer,correct
SS1651692160397,US,SeI,control,monkpic1,answer,correct
SS1651692160397,US,SeI,control,monkpic2,answer,incorrect
SS1651692160397,US,SeI,control,allheal1,answer,correct
SS1651692160397,US,SeI,control,allheal2,answer,correct
SS1651692160397,US,SeI,control,claymen1,answer,correct
SS1651692160397,US,SeI,critical,claymen2,answer,causal_historical
SS1651692160397,US,SeI,control,walter1,answer,correct
SS1651692160397,US,SeI,control,walter2,answer,correct
SS1651692160397,US,SeI,critical,superdog1,answer,causal_historical
SS1651692160397,US,SeI,control,superdog2,answer,correct
SS1651694070275,US,SeI,control,monkpic1,answer,correct
SS1651694070275,US,SeI,control,monkpic2,answer,incorrect
SS1651694070275,US,SeI,critical,superdog1,answer,descriptivist
SS1651694070275,US,SeI,control,superdog2,answer,correct
SS1651694070275,US,SeI,control,walter1,answer,correct
SS1651694070275,US,SeI,control,walter2,answer,correct
SS1651694070275,US,SeI,control,claymen1,answer,correct
SS1651694070275,US,SeI,critical,claymen2,answer,descriptivist
SS1651694070275,US,SeI,control,allheal1,answer,correct
SS1651694070275,US,SeI,control,allheal2,answer,correct
SS1651697396411,US,SeI,control,monkpic1,answer,correct
SS1651697396411,US,SeI,control,monkpic2,answer,incorrect
SS1651697396411,US,SeI,critical,superdog1,answer,causal_historical
SS1651697396411,US,SeI,control,superdog2,answer,correct
SS1651697396411,US,SeI,control,claymen1,answer,correct
SS1651697396411,US,SeI,critical,claymen2,answer,causal_historical
SS1651697396411,US,SeI,control,allheal1,answer,correct
SS1651697396411,US,SeI,control,allheal2,answer,correct
SS1651697396411,US,SeI,control,walter1,answer,correct
SS1651697396411,US,SeI,control,walter2,answer,correct
SS1651868487521,US,SeI,control,walter1,answer,correct
SS1651868487521,US,SeI,control,walter2,answer,correct
SS1651868487521,US,SeI,critical,superdog1,answer,causal_historical
SS1651868487521,US,SeI,control,superdog2,answer,correct
SS1651868487521,US,SeI,control,monkpic1,answer,correct
SS1651868487521,US,SeI,control,monkpic2,answer,incorrect
SS1651868487521,US,SeI,control,claymen1,answer,correct
SS1651868487521,US,SeI,critical,claymen2,answer,causal_historical
SS1651868487521,US,SeI,control,allheal1,answer,correct
SS1651868487521,US,SeI,control,allheal2,answer,correct
SS1651868699067,US,SeI,control,monkpic1,answer,correct
SS1651868699067,US,SeI,control,monkpic2,answer,incorrect
SS1651868699067,US,SeI,control,allheal1,answer,correct
SS1651868699067,US,SeI,control,allheal2,answer,correct
SS1651868699067,US,SeI,critical,superdog1,answer,causal_historical
SS1651868699067,US,SeI,control,superdog2,answer,correct
SS1651868699067,US,SeI,control,claymen1,answer,correct
SS1651868699067,US,SeI,critical,claymen2,answer,causal_historical
SS1651868699067,US,SeI,control,walter1,answer,correct
SS1651868699067,US,SeI,control,walter2,answer,correct
SS1651868701012,US,SeI,control,walter1,answer,correct
SS1651868701012,US,SeI,control,walter2,answer,correct
SS1651868701012,US,SeI,control,monkpic1,answer,correct
SS1651868701012,US,SeI,control,monkpic2,answer,incorrect
SS1651868701012,US,SeI,control,claymen1,answer,incorrect
SS1651868701012,US,SeI,critical,claymen2,answer,causal_historical
SS1651868701012,US,SeI,control,allheal1,answer,correct
SS1651868701012,US,SeI,control,allheal2,answer,correct
SS1651868701012,US,SeI,critical,superdog1,answer,descriptivist
SS1651868701012,US,SeI,control,superdog2,answer,correct
SS1651868705438,US,SeI,control,walter1,answer,correct
SS1651868705438,US,SeI,control,walter2,answer,correct
SS1651868705438,US,SeI,control,monkpic1,answer,correct
SS1651868705438,US,SeI,control,monkpic2,answer,incorrect
SS1651868705438,US,SeI,control,allheal1,answer,correct
SS1651868705438,US,SeI,control,allheal2,answer,correct
SS1651868705438,US,SeI,control,claymen1,answer,correct
SS1651868705438,US,SeI,critical,claymen2,answer,causal_historical
SS1651868705438,US,SeI,critical,superdog1,answer,causal_historical
SS1651868705438,US,SeI,control,superdog2,answer,correct
SS1651868707186,US,SeI,control,claymen1,answer,correct
SS1651868707186,US,SeI,critical,claymen2,answer,causal_historical
SS1651868707186,US,SeI,control,walter1,answer,correct
SS1651868707186,US,SeI,control,walter2,answer,correct
SS1651868707186,US,SeI,control,allheal1,answer,correct
SS1651868707186,US,SeI,control,allheal2,answer,correct
SS1651868707186,US,SeI,critical,superdog1,answer,causal_historical
SS1651868707186,US,SeI,control,superdog2,answer,correct
SS1651868707186,US,SeI,control,monkpic1,answer,correct
SS1651868707186,US,SeI,control,monkpic2,answer,incorrect
SS1651868708760,US,SeI,control,walter1,answer,correct
SS1651868708760,US,SeI,control,walter2,answer,correct
SS1651868708760,US,SeI,control,allheal1,answer,correct
SS1651868708760,US,SeI,control,allheal2,answer,incorrect
SS1651868708760,US,SeI,critical,superdog1,answer,causal_historical
SS1651868708760,US,SeI,control,superdog2,answer,incorrect
SS1651868708760,US,SeI,control,claymen1,answer,correct
SS1651868708760,US,SeI,critical,claymen2,answer,causal_historical
SS1651868708760,US,SeI,control,monkpic1,answer,correct
SS1651868708760,US,SeI,control,monkpic2,answer,incorrect
SS1651868710355,US,SeI,control,monkpic1,answer,correct
SS1651868710355,US,SeI,control,monkpic2,answer,incorrect
SS1651868710355,US,SeI,control,claymen1,answer,correct
SS1651868710355,US,SeI,critical,claymen2,answer,causal_historical
SS1651868710355,US,SeI,control,allheal1,answer,correct
SS1651868710355,US,SeI,control,allheal2,answer,correct
SS1651868710355,US,SeI,critical,superdog1,answer,causal_historical
SS1651868710355,US,SeI,control,superdog2,answer,correct
SS1651868710355,US,SeI,control,walter1,answer,correct
SS1651868710355,US,SeI,control,walter2,answer,correct
SS1651868712524,US,SeI,control,claymen1,answer,correct
SS1651868712524,US,SeI,critical,claymen2,answer,causal_historical
SS1651868712524,US,SeI,control,monkpic1,answer,correct
SS1651868712524,US,SeI,control,monkpic2,answer,incorrect
SS1651868712524,US,SeI,critical,superdog1,answer,causal_historical
SS1651868712524,US,SeI,control,superdog2,answer,correct
SS1651868712524,US,SeI,control,allheal1,answer,correct
SS1651868712524,US,SeI,control,allheal2,answer,correct
SS1651868712524,US,SeI,control,walter1,answer,correct
SS1651868712524,US,SeI,control,walter2,answer,correct
SS1651868713554,US,SeI,control,allheal1,answer,correct
SS1651868713554,US,SeI,control,allheal2,answer,correct
SS1651868713554,US,SeI,critical,superdog1,answer,causal_historical
SS1651868713554,US,SeI,control,superdog2,answer,correct
SS1651868713554,US,SeI,control,claymen1,answer,correct
SS1651868713554,US,SeI,critical,claymen2,answer,causal_historical
SS1651868713554,US,SeI,control,walter1,answer,correct
SS1651868713554,US,SeI,control,walter2,answer,correct
SS1651868713554,US,SeI,control,monkpic1,answer,correct
SS1651868713554,US,SeI,control,monkpic2,answer,incorrect
SS1651868714312,US,SeI,control,allheal1,answer,correct
SS1651868714312,US,SeI,control,allheal2,answer,correct
SS1651868714312,US,SeI,control,claymen1,answer,correct
SS1651868714312,US,SeI,critical,claymen2,answer,causal_historical
SS1651868714312,US,SeI,control,monkpic1,answer,correct
SS1651868714312,US,SeI,control,monkpic2,answer,incorrect
SS1651868714312,US,SeI,critical,superdog1,answer,causal_historical
SS1651868714312,US,SeI,control,superdog2,answer,correct
SS1651868714312,US,SeI,control,walter1,answer,correct
SS1651868714312,US,SeI,control,walter2,answer,correct
SS1651868714404,US,SeI,control,claymen1,answer,correct
SS1651868714404,US,SeI,critical,claymen2,answer,causal_historical
SS1651868714404,US,SeI,critical,superdog1,answer,causal_historical
SS1651868714404,US,SeI,control,superdog2,answer,correct
SS1651868714404,US,SeI,control,monkpic1,answer,correct
SS1651868714404,US,SeI,control,monkpic2,answer,incorrect
SS1651868714404,US,SeI,control,allheal1,answer,correct
SS1651868714404,US,SeI,control,allheal2,answer,incorrect
SS1651868714404,US,SeI,control,walter1,answer,correct
SS1651868714404,US,SeI,control,walter2,answer,correct
SS1651868716048,US,SeI,control,monkpic1,answer,correct
SS1651868716048,US,SeI,control,monkpic2,answer,incorrect
SS1651868716048,US,SeI,control,allheal1,answer,incorrect
SS1651868716048,US,SeI,control,allheal2,answer,incorrect
SS1651868716048,US,SeI,control,walter1,answer,correct
SS1651868716048,US,SeI,control,walter2,answer,correct
SS1651868716048,US,SeI,control,claymen1,answer,correct
SS1651868716048,US,SeI,critical,claymen2,answer,causal_historical
SS1651868716048,US,SeI,critical,superdog1,answer,causal_historical
SS1651868716048,US,SeI,control,superdog2,answer,correct
SS1651868717843,US,SeI,critical,superdog1,answer,descriptivist
SS1651868717843,US,SeI,control,superdog2,answer,correct
SS1651868717843,US,SeI,control,claymen1,answer,correct
SS1651868717843,US,SeI,critical,claymen2,answer,causal_historical
SS1651868717843,US,SeI,control,allheal1,answer,correct
SS1651868717843,US,SeI,control,allheal2,answer,correct
SS1651868717843,US,SeI,control,walter1,answer,correct
SS1651868717843,US,SeI,control,walter2,answer,correct
SS1651868717843,US,SeI,control,monkpic1,answer,correct
SS1651868717843,US,SeI,control,monkpic2,answer,incorrect
SS1651868718682,US,SeI,control,claymen1,answer,correct
SS1651868718682,US,SeI,critical,claymen2,answer,causal_historical
SS1651868718682,US,SeI,control,walter1,answer,correct
SS1651868718682,US,SeI,control,walter2,answer,correct
SS1651868718682,US,SeI,critical,superdog1,answer,causal_historical
SS1651868718682,US,SeI,control,superdog2,answer,correct
SS1651868718682,US,SeI,control,monkpic1,answer,correct
SS1651868718682,US,SeI,control,monkpic2,answer,incorrect
SS1651868718682,US,SeI,control,allheal1,answer,correct
SS1651868718682,US,SeI,control,allheal2,answer,correct
SS1651868720723,US,SeI,control,allheal1,answer,correct
SS1651868720723,US,SeI,control,allheal2,answer,correct
SS1651868720723,US,SeI,critical,superdog1,answer,descriptivist
SS1651868720723,US,SeI,control,superdog2,answer,correct
SS1651868720723,US,SeI,control,walter1,answer,correct
SS1651868720723,US,SeI,control,walter2,answer,correct
SS1651868720723,US,SeI,control,monkpic1,answer,incorrect
SS1651868720723,US,SeI,control,monkpic2,answer,incorrect
SS1651868720723,US,SeI,control,claymen1,answer,correct
SS1651868720723,US,SeI,critical,claymen2,answer,causal_historical
SS1651868725160,US,SeI,control,allheal1,answer,correct
SS1651868725160,US,SeI,control,allheal2,answer,incorrect
SS1651868725160,US,SeI,critical,superdog1,answer,causal_historical
SS1651868725160,US,SeI,control,superdog2,answer,correct
SS1651868725160,US,SeI,control,walter1,answer,correct
SS1651868725160,US,SeI,control,walter2,answer,correct
SS1651868725160,US,SeI,control,claymen1,answer,correct
SS1651868725160,US,SeI,critical,claymen2,answer,causal_historical
SS1651868725160,US,SeI,control,monkpic1,answer,correct
SS1651868725160,US,SeI,control,monkpic2,answer,incorrect
SS1651868731784,US,SeI,control,monkpic1,answer,correct
SS1651868731784,US,SeI,control,monkpic2,answer,incorrect
SS1651868731784,US,SeI,control,claymen1,answer,correct
SS1651868731784,US,SeI,critical,claymen2,answer,causal_historical
SS1651868731784,US,SeI,critical,superdog1,answer,causal_historical
SS1651868731784,US,SeI,control,superdog2,answer,incorrect
SS1651868731784,US,SeI,control,allheal1,answer,correct
SS1651868731784,US,SeI,control,allheal2,answer,correct
SS1651868731784,US,SeI,control,walter1,answer,correct
SS1651868731784,US,SeI,control,walter2,answer,incorrect
SS1651868736601,US,SeI,control,allheal1,answer,correct
SS1651868736601,US,SeI,control,allheal2,answer,correct
SS1651868736601,US,SeI,control,monkpic1,answer,correct
SS1651868736601,US,SeI,control,monkpic2,answer,incorrect
SS1651868736601,US,SeI,critical,superdog1,answer,causal_historical
SS1651868736601,US,SeI,control,superdog2,answer,correct
SS1651868736601,US,SeI,control,walter1,answer,correct
SS1651868736601,US,SeI,control,walter2,answer,correct
SS1651868736601,US,SeI,control,claymen1,answer,correct
SS1651868736601,US,SeI,critical,claymen2,answer,causal_historical
SS1651868738305,US,SeI,control,monkpic1,answer,correct
SS1651868738305,US,SeI,control,monkpic2,answer,incorrect
SS1651868738305,US,SeI,control,allheal1,answer,correct
SS1651868738305,US,SeI,control,allheal2,answer,correct
SS1651868738305,US,SeI,critical,superdog1,answer,descriptivist
SS1651868738305,US,SeI,control,superdog2,answer,correct
SS1651868738305,US,SeI,control,claymen1,answer,correct
SS1651868738305,US,SeI,critical,claymen2,answer,causal_historical
SS1651868738305,US,SeI,control,walter1,answer,correct
SS1651868738305,US,SeI,control,walter2,answer,correct
SS1651868744832,US,SeI,control,walter1,answer,correct
SS1651868744832,US,SeI,control,walter2,answer,correct
SS1651868744832,US,SeI,control,claymen1,answer,correct
SS1651868744832,US,SeI,critical,claymen2,answer,causal_historical
SS1651868744832,US,SeI,control,monkpic1,answer,correct
SS1651868744832,US,SeI,control,monkpic2,answer,incorrect
SS1651868744832,US,SeI,control,allheal1,answer,correct
SS1651868744832,US,SeI,control,allheal2,answer,correct
SS1651868744832,US,SeI,critical,superdog1,answer,descriptivist
SS1651868744832,US,SeI,control,superdog2,answer,correct
SS1651868744957,US,SeI,control,monkpic1,answer,correct
SS1651868744957,US,SeI,control,monkpic2,answer,incorrect
SS1651868744957,US,SeI,control,claymen1,answer,correct
SS1651868744957,US,SeI,critical,claymen2,answer,descriptivist
SS1651868744957,US,SeI,critical,superdog1,answer,descriptivist
SS1651868744957,US,SeI,control,superdog2,answer,correct
SS1651868744957,US,SeI,control,walter1,answer,correct
SS1651868744957,US,SeI,control,walter2,answer,correct
SS1651868744957,US,SeI,control,allheal1,answer,correct
SS1651868744957,US,SeI,control,allheal2,answer,correct
SS1651868745180,US,SeI,control,walter1,answer,correct
SS1651868745180,US,SeI,control,walter2,answer,correct
SS1651868745180,US,SeI,control,allheal1,answer,correct
SS1651868745180,US,SeI,control,allheal2,answer,correct
SS1651868745180,US,SeI,control,claymen1,answer,correct
SS1651868745180,US,SeI,critical,claymen2,answer,causal_historical
SS1651868745180,US,SeI,critical,superdog1,answer,causal_historical
SS1651868745180,US,SeI,control,superdog2,answer,correct
SS1651868745180,US,SeI,control,monkpic1,answer,correct
SS1651868745180,US,SeI,control,monkpic2,answer,incorrect
SS1651868745703,US,SeI,control,allheal1,answer,correct
SS1651868745703,US,SeI,control,allheal2,answer,correct
SS1651868745703,US,SeI,control,claymen1,answer,correct
SS1651868745703,US,SeI,critical,claymen2,answer,causal_historical
SS1651868745703,US,SeI,critical,superdog1,answer,causal_historical
SS1651868745703,US,SeI,control,superdog2,answer,correct
SS1651868745703,US,SeI,control,monkpic1,answer,correct
SS1651868745703,US,SeI,control,monkpic2,answer,incorrect
SS1651868745703,US,SeI,control,walter1,answer,correct
SS1651868745703,US,SeI,control,walter2,answer,correct
SS1651868751261,US,SeI,control,walter1,answer,correct
SS1651868751261,US,SeI,control,walter2,answer,correct
SS1651868751261,US,SeI,control,monkpic1,answer,correct
SS1651868751261,US,SeI,control,monkpic2,answer,incorrect
SS1651868751261,US,SeI,control,claymen1,answer,correct
SS1651868751261,US,SeI,critical,claymen2,answer,causal_historical
SS1651868751261,US,SeI,control,allheal1,answer,correct
SS1651868751261,US,SeI,control,allheal2,answer,correct
SS1651868751261,US,SeI,critical,superdog1,answer,descriptivist
SS1651868751261,US,SeI,control,superdog2,answer,correct
SS1651868754302,US,SeI,control,walter1,answer,correct
SS1651868754302,US,SeI,control,walter2,answer,correct
SS1651868754302,US,SeI,critical,superdog1,answer,causal_historical
SS1651868754302,US,SeI,control,superdog2,answer,correct
SS1651868754302,US,SeI,control,allheal1,answer,incorrect
SS1651868754302,US,SeI,control,allheal2,answer,incorrect
SS1651868754302,US,SeI,control,monkpic1,answer,correct
SS1651868754302,US,SeI,control,monkpic2,answer,incorrect
SS1651868754302,US,SeI,control,claymen1,answer,correct
SS1651868754302,US,SeI,critical,claymen2,answer,descriptivist
SS1651868756130,US,SeI,control,walter1,answer,correct
SS1651868756130,US,SeI,control,walter2,answer,correct
SS1651868756130,US,SeI,critical,superdog1,answer,causal_historical
SS1651868756130,US,SeI,control,superdog2,answer,correct
SS1651868756130,US,SeI,control,claymen1,answer,correct
SS1651868756130,US,SeI,critical,claymen2,answer,causal_historical
SS1651868756130,US,SeI,control,monkpic1,answer,correct
SS1651868756130,US,SeI,control,monkpic2,answer,incorrect
SS1651868756130,US,SeI,control,allheal1,answer,correct
SS1651868756130,US,SeI,control,allheal2,answer,correct
SS1651868757005,US,SeI,control,monkpic1,answer,correct
SS1651868757005,US,SeI,control,monkpic2,answer,incorrect
SS1651868757005,US,SeI,control,walter1,answer,correct
SS1651868757005,US,SeI,control,walter2,answer,correct
SS1651868757005,US,SeI,control,allheal1,answer,correct
SS1651868757005,US,SeI,control,allheal2,answer,correct
SS1651868757005,US,SeI,critical,superdog1,answer,causal_historical
SS1651868757005,US,SeI,control,superdog2,answer,correct
SS1651868757005,US,SeI,control,claymen1,answer,correct
SS1651868757005,US,SeI,critical,claymen2,answer,causal_historical
SS1651868767690,US,SeI,control,monkpic1,answer,correct
SS1651868767690,US,SeI,control,monkpic2,answer,incorrect
SS1651868767690,US,SeI,control,allheal1,answer,correct
SS1651868767690,US,SeI,control,allheal2,answer,correct
SS1651868767690,US,SeI,control,claymen1,answer,correct
SS1651868767690,US,SeI,critical,claymen2,answer,causal_historical
SS1651868767690,US,SeI,critical,superdog1,answer,causal_historical
SS1651868767690,US,SeI,control,superdog2,answer,correct
SS1651868767690,US,SeI,control,walter1,answer,correct
SS1651868767690,US,SeI,control,walter2,answer,correct
SS1651868773205,US,SeI,control,allheal1,answer,correct
SS1651868773205,US,SeI,control,allheal2,answer,correct
SS1651868773205,US,SeI,critical,superdog1,answer,causal_historical
SS1651868773205,US,SeI,control,superdog2,answer,correct
SS1651868773205,US,SeI,control,monkpic1,answer,correct
SS1651868773205,US,SeI,control,monkpic2,answer,incorrect
SS1651868773205,US,SeI,control,walter1,answer,correct
SS1651868773205,US,SeI,control,walter2,answer,correct
SS1651868773205,US,SeI,control,claymen1,answer,correct
SS1651868773205,US,SeI,critical,claymen2,answer,causal_historical
SS1651868778604,US,SeI,control,walter1,answer,correct
SS1651868778604,US,SeI,control,walter2,answer,correct
SS1651868778604,US,SeI,control,allheal1,answer,correct
SS1651868778604,US,SeI,control,allheal2,answer,correct
SS1651868778604,US,SeI,control,monkpic1,answer,correct
SS1651868778604,US,SeI,control,monkpic2,answer,incorrect
SS1651868778604,US,SeI,control,claymen1,answer,correct
SS1651868778604,US,SeI,critical,claymen2,answer,causal_historical
SS1651868778604,US,SeI,critical,superdog1,answer,descriptivist
SS1651868778604,US,SeI,control,superdog2,answer,correct
SS1651868779378,US,SeI,control,claymen1,answer,correct
SS1651868779378,US,SeI,critical,claymen2,answer,causal_historical
SS1651868779378,US,SeI,control,monkpic1,answer,correct
SS1651868779378,US,SeI,control,monkpic2,answer,incorrect
SS1651868779378,US,SeI,critical,superdog1,answer,causal_historical
SS1651868779378,US,SeI,control,superdog2,answer,correct
SS1651868779378,US,SeI,control,walter1,answer,correct
SS1651868779378,US,SeI,control,walter2,answer,correct
SS1651868779378,US,SeI,control,allheal1,answer,correct
SS1651868779378,US,SeI,control,allheal2,answer,incorrect
SS1651868780067,US,SeI,control,claymen1,answer,correct
SS1651868780067,US,SeI,critical,claymen2,answer,causal_historical
SS1651868780067,US,SeI,control,monkpic1,answer,correct
SS1651868780067,US,SeI,control,monkpic2,answer,incorrect
SS1651868780067,US,SeI,critical,superdog1,answer,causal_historical
SS1651868780067,US,SeI,control,superdog2,answer,correct
SS1651868780067,US,SeI,control,walter1,answer,correct
SS1651868780067,US,SeI,control,walter2,answer,correct
SS1651868780067,US,SeI,control,allheal1,answer,correct
SS1651868780067,US,SeI,control,allheal2,answer,correct
SS1651868782330,US,SeI,control,monkpic1,answer,correct
SS1651868782330,US,SeI,control,monkpic2,answer,incorrect
SS1651868782330,US,SeI,control,claymen1,answer,correct
SS1651868782330,US,SeI,critical,claymen2,answer,causal_historical
SS1651868782330,US,SeI,critical,superdog1,answer,causal_historical
SS1651868782330,US,SeI,control,superdog2,answer,correct
SS1651868782330,US,SeI,control,walter1,answer,correct
SS1651868782330,US,SeI,control,walter2,answer,correct
SS1651868782330,US,SeI,control,allheal1,answer,correct
SS1651868782330,US,SeI,control,allheal2,answer,correct
SS1651868783532,US,SeI,control,monkpic1,answer,correct
SS1651868783532,US,SeI,control,monkpic2,answer,incorrect
SS1651868783532,US,SeI,control,walter1,answer,correct
SS1651868783532,US,SeI,control,walter2,answer,correct
SS1651868783532,US,SeI,control,claymen1,answer,correct
SS1651868783532,US,SeI,critical,claymen2,answer,causal_historical
SS1651868783532,US,SeI,critical,superdog1,answer,causal_historical
SS1651868783532,US,SeI,control,superdog2,answer,correct
SS1651868783532,US,SeI,control,allheal1,answer,correct
SS1651868783532,US,SeI,control,allheal2,answer,correct
SS1651868784777,US,SeI,control,walter1,answer,correct
SS1651868784777,US,SeI,control,walter2,answer,correct
SS1651868784777,US,SeI,control,monkpic1,answer,correct
SS1651868784777,US,SeI,control,monkpic2,answer,incorrect
SS1651868784777,US,SeI,control,allheal1,answer,correct
SS1651868784777,US,SeI,control,allheal2,answer,correct
SS1651868784777,US,SeI,control,claymen1,answer,correct
SS1651868784777,US,SeI,critical,claymen2,answer,causal_historical
SS1651868784777,US,SeI,critical,superdog1,answer,causal_historical
SS1651868784777,US,SeI,control,superdog2,answer,correct
SS1651868788340,US,SeI,control,walter1,answer,correct
SS1651868788340,US,SeI,control,walter2,answer,correct
SS1651868788340,US,SeI,control,allheal1,answer,correct
SS1651868788340,US,SeI,control,allheal2,answer,correct
SS1651868788340,US,SeI,control,monkpic1,answer,correct
SS1651868788340,US,SeI,control,monkpic2,answer,incorrect
SS1651868788340,US,SeI,critical,superdog1,answer,causal_historical
SS1651868788340,US,SeI,control,superdog2,answer,correct
SS1651868788340,US,SeI,control,claymen1,answer,correct
SS1651868788340,US,SeI,critical,claymen2,answer,causal_historical
SS1651868788402,US,SeI,control,allheal1,answer,correct
SS1651868788402,US,SeI,control,allheal2,answer,correct
SS1651868788402,US,SeI,control,monkpic1,answer,correct
SS1651868788402,US,SeI,control,monkpic2,answer,incorrect
SS1651868788402,US,SeI,critical,superdog1,answer,causal_historical
SS1651868788402,US,SeI,control,superdog2,answer,correct
SS1651868788402,US,SeI,control,walter1,answer,correct
SS1651868788402,US,SeI,control,walter2,answer,correct
SS1651868788402,US,SeI,control,claymen1,answer,correct
SS1651868788402,US,SeI,critical,claymen2,answer,causal_historical
SS1651868793732,US,SeI,control,monkpic1,answer,incorrect
SS1651868793732,US,SeI,control,monkpic2,answer,incorrect
SS1651868793732,US,SeI,control,claymen1,answer,correct
SS1651868793732,US,SeI,critical,claymen2,answer,causal_historical
SS1651868793732,US,SeI,critical,superdog1,answer,descriptivist
SS1651868793732,US,SeI,control,superdog2,answer,correct
SS1651868793732,US,SeI,control,allheal1,answer,correct
SS1651868793732,US,SeI,control,allheal2,answer,incorrect
SS1651868793732,US,SeI,control,walter1,answer,correct
SS1651868793732,US,SeI,control,walter2,answer,correct
SS1651868795565,US,SeI,control,monkpic1,answer,correct
SS1651868795565,US,SeI,control,monkpic2,answer,incorrect
SS1651868795565,US,SeI,control,claymen1,answer,correct
SS1651868795565,US,SeI,critical,claymen2,answer,descriptivist
SS1651868795565,US,SeI,control,walter1,answer,correct
SS1651868795565,US,SeI,control,walter2,answer,correct
SS1651868795565,US,SeI,control,allheal1,answer,incorrect
SS1651868795565,US,SeI,control,allheal2,answer,incorrect
SS1651868795565,US,SeI,critical,superdog1,answer,descriptivist
SS1651868795565,US,SeI,control,superdog2,answer,correct
SS1651868796147,US,SeI,control,claymen1,answer,correct
SS1651868796147,US,SeI,critical,claymen2,answer,causal_historical
SS1651868796147,US,SeI,control,monkpic1,answer,correct
SS1651868796147,US,SeI,control,monkpic2,answer,incorrect
SS1651868796147,US,SeI,control,allheal1,answer,correct
SS1651868796147,US,SeI,control,allheal2,answer,correct
SS1651868796147,US,SeI,critical,superdog1,answer,causal_historical
SS1651868796147,US,SeI,control,superdog2,answer,correct
SS1651868796147,US,SeI,control,walter1,answer,correct
SS1651868796147,US,SeI,control,walter2,answer,correct
SS1651868796810,US,SeI,control,allheal1,answer,correct
SS1651868796810,US,SeI,control,allheal2,answer,correct
SS1651868796810,US,SeI,control,walter1,answer,correct
SS1651868796810,US,SeI,control,walter2,answer,correct
SS1651868796810,US,SeI,control,claymen1,answer,correct
SS1651868796810,US,SeI,critical,claymen2,answer,causal_historical
SS1651868796810,US,SeI,critical,superdog1,answer,causal_historical
SS1651868796810,US,SeI,control,superdog2,answer,correct
SS1651868796810,US,SeI,control,monkpic1,answer,correct
SS1651868796810,US,SeI,control,monkpic2,answer,incorrect
SS1651868799606,US,SeI,control,monkpic1,answer,correct
SS1651868799606,US,SeI,control,monkpic2,answer,incorrect
SS1651868799606,US,SeI,control,claymen1,answer,correct
SS1651868799606,US,SeI,critical,claymen2,answer,causal_historical
SS1651868799606,US,SeI,control,allheal1,answer,correct
SS1651868799606,US,SeI,control,allheal2,answer,incorrect
SS1651868799606,US,SeI,critical,superdog1,answer,descriptivist
SS1651868799606,US,SeI,control,superdog2,answer,incorrect
SS1651868799606,US,SeI,control,walter1,answer,correct
SS1651868799606,US,SeI,control,walter2,answer,correct
SS1651868800189,US,SeI,control,allheal1,answer,correct
SS1651868800189,US,SeI,control,allheal2,answer,correct
SS1651868800189,US,SeI,control,claymen1,answer,correct
SS1651868800189,US,SeI,critical,claymen2,answer,causal_historical
SS1651868800189,US,SeI,critical,superdog1,answer,causal_historical
SS1651868800189,US,SeI,control,superdog2,answer,correct
SS1651868800189,US,SeI,control,walter1,answer,correct
SS1651868800189,US,SeI,control,walter2,answer,correct
SS1651868800189,US,SeI,control,monkpic1,answer,correct
SS1651868800189,US,SeI,control,monkpic2,answer,incorrect
SS1651868802451,US,SeI,control,monkpic1,answer,correct
SS1651868802451,US,SeI,control,monkpic2,answer,incorrect
SS1651868802451,US,SeI,control,walter1,answer,correct
SS1651868802451,US,SeI,control,walter2,answer,correct
SS1651868802451,US,SeI,control,claymen1,answer,correct
SS1651868802451,US,SeI,critical,claymen2,answer,causal_historical
SS1651868802451,US,SeI,critical,superdog1,answer,causal_historical
SS1651868802451,US,SeI,control,superdog2,answer,correct
SS1651868802451,US,SeI,control,allheal1,answer,correct
SS1651868802451,US,SeI,control,allheal2,answer,correct
SS1651868810933,US,SeI,control,monkpic1,answer,correct
SS1651868810933,US,SeI,control,monkpic2,answer,incorrect
SS1651868810933,US,SeI,control,claymen1,answer,correct
SS1651868810933,US,SeI,critical,claymen2,answer,descriptivist
SS1651868810933,US,SeI,critical,superdog1,answer,causal_historical
SS1651868810933,US,SeI,control,superdog2,answer,correct
SS1651868810933,US,SeI,control,walter1,answer,correct
SS1651868810933,US,SeI,control,walter2,answer,correct
SS1651868810933,US,SeI,control,allheal1,answer,correct
SS1651868810933,US,SeI,control,allheal2,answer,correct
SS1651868811761,US,SeI,control,monkpic1,answer,correct
SS1651868811761,US,SeI,control,monkpic2,answer,incorrect
SS1651868811761,US,SeI,control,allheal1,answer,correct
SS1651868811761,US,SeI,control,allheal2,answer,correct
SS1651868811761,US,SeI,control,claymen1,answer,correct
SS1651868811761,US,SeI,critical,claymen2,answer,causal_historical
SS1651868811761,US,SeI,control,walter1,answer,correct
SS1651868811761,US,SeI,control,walter2,answer,correct
SS1651868811761,US,SeI,critical,superdog1,answer,causal_historical
SS1651868811761,US,SeI,control,superdog2,answer,correct
SS1651868811860,US,SeI,control,walter1,answer,correct
SS1651868811860,US,SeI,control,walter2,answer,correct
SS1651868811860,US,SeI,control,claymen1,answer,correct
SS1651868811860,US,SeI,critical,claymen2,answer,causal_historical
SS1651868811860,US,SeI,control,allheal1,answer,correct
SS1651868811860,US,SeI,control,allheal2,answer,correct
SS1651868811860,US,SeI,critical,superdog1,answer,causal_historical
SS1651868811860,US,SeI,control,superdog2,answer,correct
SS1651868811860,US,SeI,control,monkpic1,answer,correct
SS1651868811860,US,SeI,control,monkpic2,answer,incorrect
SS1651868812123,US,SeI,critical,superdog1,answer,causal_historical
SS1651868812123,US,SeI,control,superdog2,answer,correct
SS1651868812123,US,SeI,control,walter1,answer,correct
SS1651868812123,US,SeI,control,walter2,answer,correct
SS1651868812123,US,SeI,control,claymen1,answer,correct
SS1651868812123,US,SeI,critical,claymen2,answer,descriptivist
SS1651868812123,US,SeI,control,monkpic1,answer,correct
SS1651868812123,US,SeI,control,monkpic2,answer,incorrect
SS1651868812123,US,SeI,control,allheal1,answer,correct
SS1651868812123,US,SeI,control,allheal2,answer,correct
SS1651868816028,US,SeI,control,monkpic1,answer,correct
SS1651868816028,US,SeI,control,monkpic2,answer,incorrect
SS1651868816028,US,SeI,control,walter1,answer,correct
SS1651868816028,US,SeI,control,walter2,answer,correct
SS1651868816028,US,SeI,control,claymen1,answer,correct
SS1651868816028,US,SeI,critical,claymen2,answer,causal_historical
SS1651868816028,US,SeI,control,allheal1,answer,correct
SS1651868816028,US,SeI,control,allheal2,answer,correct
SS1651868816028,US,SeI,critical,superdog1,answer,descriptivist
SS1651868816028,US,SeI,control,superdog2,answer,correct
SS1651868817160,US,SeI,control,monkpic1,answer,correct
SS1651868817160,US,SeI,control,monkpic2,answer,incorrect
SS1651868817160,US,SeI,critical,superdog1,answer,causal_historical
SS1651868817160,US,SeI,control,superdog2,answer,correct
SS1651868817160,US,SeI,control,claymen1,answer,correct
SS1651868817160,US,SeI,critical,claymen2,answer,causal_historical
SS1651868817160,US,SeI,control,walter1,answer,correct
SS1651868817160,US,SeI,control,walter2,answer,correct
SS1651868817160,US,SeI,control,allheal1,answer,correct
SS1651868817160,US,SeI,control,allheal2,answer,correct
SS1651868817171,US,SeI,control,walter1,answer,correct
SS1651868817171,US,SeI,control,walter2,answer,correct
SS1651868817171,US,SeI,control,monkpic1,answer,correct
SS1651868817171,US,SeI,control,monkpic2,answer,incorrect
SS1651868817171,US,SeI,critical,superdog1,answer,causal_historical
SS1651868817171,US,SeI,control,superdog2,answer,correct
SS1651868817171,US,SeI,control,claymen1,answer,correct
SS1651868817171,US,SeI,critical,claymen2,answer,causal_historical
SS1651868817171,US,SeI,control,allheal1,answer,correct
SS1651868817171,US,SeI,control,allheal2,answer,correct
SS1651868820237,US,SeI,critical,superdog1,answer,causal_historical
SS1651868820237,US,SeI,control,superdog2,answer,correct
SS1651868820237,US,SeI,control,allheal1,answer,correct
SS1651868820237,US,SeI,control,allheal2,answer,correct
SS1651868820237,US,SeI,control,monkpic1,answer,correct
SS1651868820237,US,SeI,control,monkpic2,answer,incorrect
SS1651868820237,US,SeI,control,claymen1,answer,correct
SS1651868820237,US,SeI,critical,claymen2,answer,causal_historical
SS1651868820237,US,SeI,control,walter1,answer,correct
SS1651868820237,US,SeI,control,walter2,answer,correct
SS1651868826063,US,SeI,control,claymen1,answer,correct
SS1651868826063,US,SeI,critical,claymen2,answer,causal_historical
SS1651868826063,US,SeI,control,walter1,answer,correct
SS1651868826063,US,SeI,control,walter2,answer,correct
SS1651868826063,US,SeI,control,allheal1,answer,correct
SS1651868826063,US,SeI,control,allheal2,answer,correct
SS1651868826063,US,SeI,control,monkpic1,answer,correct
SS1651868826063,US,SeI,control,monkpic2,answer,incorrect
SS1651868826063,US,SeI,critical,superdog1,answer,causal_historical
SS1651868826063,US,SeI,control,superdog2,answer,correct
SS1651868827795,US,SeI,control,walter1,answer,correct
SS1651868827795,US,SeI,control,walter2,answer,correct
SS1651868827795,US,SeI,control,monkpic1,answer,correct
SS1651868827795,US,SeI,control,monkpic2,answer,incorrect
SS1651868827795,US,SeI,control,allheal1,answer,incorrect
SS1651868827795,US,SeI,control,allheal2,answer,incorrect
SS1651868827795,US,SeI,control,claymen1,answer,correct
SS1651868827795,US,SeI,critical,claymen2,answer,descriptivist
SS1651868827795,US,SeI,critical,superdog1,answer,descriptivist
SS1651868827795,US,SeI,control,superdog2,answer,correct
SS1651868828049,US,SeI,control,monkpic1,answer,correct
SS1651868828049,US,SeI,control,monkpic2,answer,incorrect
SS1651868828049,US,SeI,control,walter1,answer,correct
SS1651868828049,US,SeI,control,walter2,answer,correct
SS1651868828049,US,SeI,control,allheal1,answer,correct
SS1651868828049,US,SeI,control,allheal2,answer,correct
SS1651868828049,US,SeI,critical,superdog1,answer,descriptivist
SS1651868828049,US,SeI,control,superdog2,answer,correct
SS1651868828049,US,SeI,control,claymen1,answer,correct
SS1651868828049,US,SeI,critical,claymen2,answer,descriptivist
SS1651868830966,US,SeI,control,walter1,answer,correct
SS1651868830966,US,SeI,control,walter2,answer,correct
SS1651868830966,US,SeI,control,monkpic1,answer,incorrect
SS1651868830966,US,SeI,control,monkpic2,answer,incorrect
SS1651868830966,US,SeI,critical,superdog1,answer,descriptivist
SS1651868830966,US,SeI,control,superdog2,answer,correct
SS1651868830966,US,SeI,control,allheal1,answer,correct
SS1651868830966,US,SeI,control,allheal2,answer,correct
SS1651868830966,US,SeI,control,claymen1,answer,correct
SS1651868830966,US,SeI,critical,claymen2,answer,descriptivist
SS1651868834466,US,SeI,critical,superdog1,answer,descriptivist
SS1651868834466,US,SeI,control,superdog2,answer,correct
SS1651868834466,US,SeI,control,allheal1,answer,correct
SS1651868834466,US,SeI,control,allheal2,answer,correct
SS1651868834466,US,SeI,control,monkpic1,answer,correct
SS1651868834466,US,SeI,control,monkpic2,answer,incorrect
SS1651868834466,US,SeI,control,walter1,answer,correct
SS1651868834466,US,SeI,control,walter2,answer,correct
SS1651868834466,US,SeI,control,claymen1,answer,correct
SS1651868834466,US,SeI,critical,claymen2,answer,descriptivist
SS1651868837282,US,SeI,control,walter1,answer,correct
SS1651868837282,US,SeI,control,walter2,answer,correct
SS1651868837282,US,SeI,critical,superdog1,answer,causal_historical
SS1651868837282,US,SeI,control,superdog2,answer,correct
SS1651868837282,US,SeI,control,monkpic1,answer,correct
SS1651868837282,US,SeI,control,monkpic2,answer,incorrect
SS1651868837282,US,SeI,control,allheal1,answer,correct
SS1651868837282,US,SeI,control,allheal2,answer,correct
SS1651868837282,US,SeI,control,claymen1,answer,correct
SS1651868837282,US,SeI,critical,claymen2,answer,causal_historical
SS1651868839147,US,SeI,control,claymen1,answer,correct
SS1651868839147,US,SeI,critical,claymen2,answer,causal_historical
SS1651868839147,US,SeI,control,walter1,answer,correct
SS1651868839147,US,SeI,control,walter2,answer,correct
SS1651868839147,US,SeI,control,monkpic1,answer,correct
SS1651868839147,US,SeI,control,monkpic2,answer,incorrect
SS1651868839147,US,SeI,control,allheal1,answer,correct
SS1651868839147,US,SeI,control,allheal2,answer,correct
SS1651868839147,US,SeI,critical,superdog1,answer,causal_historical
SS1651868839147,US,SeI,control,superdog2,answer,correct
SS1651868839906,US,SeI,control,monkpic1,answer,correct
SS1651868839906,US,SeI,control,monkpic2,answer,incorrect
SS1651868839906,US,SeI,critical,superdog1,answer,causal_historical
SS1651868839906,US,SeI,control,superdog2,answer,incorrect
SS1651868839906,US,SeI,control,claymen1,answer,correct
SS1651868839906,US,SeI,critical,claymen2,answer,causal_historical
SS1651868839906,US,SeI,control,allheal1,answer,correct
SS1651868839906,US,SeI,control,allheal2,answer,incorrect
SS1651868839906,US,SeI,control,walter1,answer,correct
SS1651868839906,US,SeI,control,walter2,answer,correct
SS1651868840289,US,SeI,control,allheal1,answer,correct
SS1651868840289,US,SeI,control,allheal2,answer,incorrect
SS1651868840289,US,SeI,critical,superdog1,answer,causal_historical
SS1651868840289,US,SeI,control,superdog2,answer,correct
SS1651868840289,US,SeI,control,walter1,answer,correct
SS1651868840289,US,SeI,control,walter2,answer,correct
SS1651868840289,US,SeI,control,monkpic1,answer,correct
SS1651868840289,US,SeI,control,monkpic2,answer,incorrect
SS1651868840289,US,SeI,control,claymen1,answer,correct
SS1651868840289,US,SeI,critical,claymen2,answer,causal_historical
SS1651868840790,US,SeI,critical,superdog1,answer,causal_historical
SS1651868840790,US,SeI,control,superdog2,answer,incorrect
SS1651868840790,US,SeI,control,walter1,answer,correct
SS1651868840790,US,SeI,control,walter2,answer,correct
SS1651868840790,US,SeI,control,allheal1,answer,correct
SS1651868840790,US,SeI,control,allheal2,answer,incorrect
SS1651868840790,US,SeI,control,claymen1,answer,incorrect
SS1651868840790,US,SeI,critical,claymen2,answer,causal_historical
SS1651868840790,US,SeI,control,monkpic1,answer,correct
SS1651868840790,US,SeI,control,monkpic2,answer,correct
SS1651868850581,US,SeI,control,walter1,answer,correct
SS1651868850581,US,SeI,control,walter2,answer,correct
SS1651868850581,US,SeI,control,monkpic1,answer,correct
SS1651868850581,US,SeI,control,monkpic2,answer,incorrect
SS1651868850581,US,SeI,control,allheal1,answer,correct
SS1651868850581,US,SeI,control,allheal2,answer,correct
SS1651868850581,US,SeI,critical,superdog1,answer,causal_historical
SS1651868850581,US,SeI,control,superdog2,answer,correct
SS1651868850581,US,SeI,control,claymen1,answer,correct
SS1651868850581,US,SeI,critical,claymen2,answer,causal_historical
SS1651868852345,US,SeI,control,claymen1,answer,correct
SS1651868852345,US,SeI,critical,claymen2,answer,causal_historical
SS1651868852345,US,SeI,control,allheal1,answer,correct
SS1651868852345,US,SeI,control,allheal2,answer,incorrect
SS1651868852345,US,SeI,control,monkpic1,answer,correct
SS1651868852345,US,SeI,control,monkpic2,answer,incorrect
SS1651868852345,US,SeI,critical,superdog1,answer,causal_historical
SS1651868852345,US,SeI,control,superdog2,answer,correct
SS1651868852345,US,SeI,control,walter1,answer,correct
SS1651868852345,US,SeI,control,walter2,answer,correct
SS1651868868975,US,SeI,control,walter1,answer,correct
SS1651868868975,US,SeI,control,walter2,answer,correct
SS1651868868975,US,SeI,critical,superdog1,answer,causal_historical
SS1651868868975,US,SeI,control,superdog2,answer,correct
SS1651868868975,US,SeI,control,allheal1,answer,correct
SS1651868868975,US,SeI,control,allheal2,answer,correct
SS1651868868975,US,SeI,control,claymen1,answer,correct
SS1651868868975,US,SeI,critical,claymen2,answer,descriptivist
SS1651868868975,US,SeI,control,monkpic1,answer,incorrect
SS1651868868975,US,SeI,control,monkpic2,answer,incorrect
SS1651868873914,US,SeI,control,monkpic1,answer,correct
SS1651868873914,US,SeI,control,monkpic2,answer,incorrect
SS1651868873914,US,SeI,critical,superdog1,answer,causal_historical
SS1651868873914,US,SeI,control,superdog2,answer,correct
SS1651868873914,US,SeI,control,claymen1,answer,correct
SS1651868873914,US,SeI,critical,claymen2,answer,causal_historical
SS1651868873914,US,SeI,control,walter1,answer,correct
SS1651868873914,US,SeI,control,walter2,answer,correct
SS1651868873914,US,SeI,control,allheal1,answer,correct
SS1651868873914,US,SeI,control,allheal2,answer,correct
SS1651868876318,US,SeI,control,monkpic1,answer,incorrect
SS1651868876318,US,SeI,control,monkpic2,answer,incorrect
SS1651868876318,US,SeI,control,claymen1,answer,correct
SS1651868876318,US,SeI,critical,claymen2,answer,descriptivist
SS1651868876318,US,SeI,control,allheal1,answer,incorrect
SS1651868876318,US,SeI,control,allheal2,answer,incorrect
SS1651868876318,US,SeI,control,walter1,answer,correct
SS1651868876318,US,SeI,control,walter2,answer,correct
SS1651868876318,US,SeI,critical,superdog1,answer,descriptivist
SS1651868876318,US,SeI,control,superdog2,answer,correct
SS1651868901145,US,SeI,critical,superdog1,answer,causal_historical
SS1651868901145,US,SeI,control,superdog2,answer,incorrect
SS1651868901145,US,SeI,control,monkpic1,answer,correct
SS1651868901145,US,SeI,control,monkpic2,answer,correct
SS1651868901145,US,SeI,control,claymen1,answer,correct
SS1651868901145,US,SeI,critical,claymen2,answer,causal_historical
SS1651868901145,US,SeI,control,walter1,answer,correct
SS1651868901145,US,SeI,control,walter2,answer,correct
SS1651868901145,US,SeI,control,allheal1,answer,correct
SS1651868901145,US,SeI,control,allheal2,answer,correct
SS1651868924360,US,SeI,control,walter1,answer,correct
SS1651868924360,US,SeI,control,walter2,answer,correct
SS1651868924360,US,SeI,control,allheal1,answer,correct
SS1651868924360,US,SeI,control,allheal2,answer,incorrect
SS1651868924360,US,SeI,control,claymen1,answer,correct
SS1651868924360,US,SeI,critical,claymen2,answer,causal_historical
SS1651868924360,US,SeI,critical,superdog1,answer,causal_historical
SS1651868924360,US,SeI,control,superdog2,answer,correct
SS1651868924360,US,SeI,control,monkpic1,answer,correct
SS1651868924360,US,SeI,control,monkpic2,answer,incorrect
SS1651868966456,US,SeI,control,claymen1,answer,correct
SS1651868966456,US,SeI,critical,claymen2,answer,causal_historical
SS1651868966456,US,SeI,control,allheal1,answer,correct
SS1651868966456,US,SeI,control,allheal2,answer,correct
SS1651868966456,US,SeI,control,monkpic1,answer,correct
SS1651868966456,US,SeI,control,monkpic2,answer,incorrect
SS1651868966456,US,SeI,critical,superdog1,answer,causal_historical
SS1651868966456,US,SeI,control,superdog2,answer,correct
SS1651868966456,US,SeI,control,walter1,answer,correct
SS1651868966456,US,SeI,control,walter2,answer,correct
SS1651869014963,US,SeI,control,claymen1,answer,correct
SS1651869014963,US,SeI,critical,claymen2,answer,causal_historical
SS1651869014963,US,SeI,control,walter1,answer,correct
SS1651869014963,US,SeI,control,walter2,answer,correct
SS1651869014963,US,SeI,critical,superdog1,answer,causal_historical
SS1651869014963,US,SeI,control,superdog2,answer,correct
SS1651869014963,US,SeI,control,monkpic1,answer,correct
SS1651869014963,US,SeI,control,monkpic2,answer,incorrect
SS1651869014963,US,SeI,control,allheal1,answer,correct
SS1651869014963,US,SeI,control,allheal2,answer,correct
SS1651869017878,US,SeI,control,monkpic1,answer,correct
SS1651869017878,US,SeI,control,monkpic2,answer,incorrect
SS1651869017878,US,SeI,critical,superdog1,answer,descriptivist
SS1651869017878,US,SeI,control,superdog2,answer,correct
SS1651869017878,US,SeI,control,claymen1,answer,correct
SS1651869017878,US,SeI,critical,claymen2,answer,descriptivist
SS1651869017878,US,SeI,control,walter1,answer,correct
SS1651869017878,US,SeI,control,walter2,answer,correct
SS1651869017878,US,SeI,control,allheal1,answer,correct
SS1651869017878,US,SeI,control,allheal2,answer,correct
SS1651869021473,US,SeI,control,claymen1,answer,correct
SS1651869021473,US,SeI,critical,claymen2,answer,causal_historical
SS1651869021473,US,SeI,control,monkpic1,answer,correct
SS1651869021473,US,SeI,control,monkpic2,answer,incorrect
SS1651869021473,US,SeI,control,allheal1,answer,correct
SS1651869021473,US,SeI,control,allheal2,answer,correct
SS1651869021473,US,SeI,control,walter1,answer,correct
SS1651869021473,US,SeI,control,walter2,answer,correct
SS1651869021473,US,SeI,critical,superdog1,answer,causal_historical
SS1651869021473,US,SeI,control,superdog2,answer,correct
SS1651869024622,US,SeI,critical,superdog1,answer,causal_historical
SS1651869024622,US,SeI,control,superdog2,answer,correct
SS1651869024622,US,SeI,control,claymen1,answer,correct
SS1651869024622,US,SeI,critical,claymen2,answer,causal_historical
SS1651869024622,US,SeI,control,allheal1,answer,correct
SS1651869024622,US,SeI,control,allheal2,answer,incorrect
SS1651869024622,US,SeI,control,monkpic1,answer,correct
SS1651869024622,US,SeI,control,monkpic2,answer,incorrect
SS1651869024622,US,SeI,control,walter1,answer,correct
SS1651869024622,US,SeI,control,walter2,answer,correct
SS1651869038791,US,SeI,control,walter1,answer,correct
SS1651869038791,US,SeI,control,walter2,answer,correct
SS1651869038791,US,SeI,critical,superdog1,answer,descriptivist
SS1651869038791,US,SeI,control,superdog2,answer,correct
SS1651869038791,US,SeI,control,claymen1,answer,correct
SS1651869038791,US,SeI,critical,claymen2,answer,descriptivist
SS1651869038791,US,SeI,control,allheal1,answer,correct
SS1651869038791,US,SeI,control,allheal2,answer,correct
SS1651869038791,US,SeI,control,monkpic1,answer,correct
SS1651869038791,US,SeI,control,monkpic2,answer,incorrect
SS1651869076619,US,SeI,control,claymen1,answer,correct
SS1651869076619,US,SeI,critical,claymen2,answer,causal_historical
SS1651869076619,US,SeI,control,allheal1,answer,correct
SS1651869076619,US,SeI,control,allheal2,answer,correct
SS1651869076619,US,SeI,control,monkpic1,answer,correct
SS1651869076619,US,SeI,control,monkpic2,answer,incorrect
SS1651869076619,US,SeI,control,walter1,answer,correct
SS1651869076619,US,SeI,control,walter2,answer,correct
SS1651869076619,US,SeI,critical,superdog1,answer,causal_historical
SS1651869076619,US,SeI,control,superdog2,answer,correct
SS1651869096666,US,SeI,control,walter1,answer,correct
SS1651869096666,US,SeI,control,walter2,answer,correct
SS1651869096666,US,SeI,critical,superdog1,answer,causal_historical
SS1651869096666,US,SeI,control,superdog2,answer,correct
SS1651869096666,US,SeI,control,monkpic1,answer,correct
SS1651869096666,US,SeI,control,monkpic2,answer,incorrect
SS1651869096666,US,SeI,control,claymen1,answer,correct
SS1651869096666,US,SeI,critical,claymen2,answer,causal_historical
SS1651869096666,US,SeI,control,allheal1,answer,correct
SS1651869096666,US,SeI,control,allheal2,answer,correct
SS1651869107778,US,SeI,control,claymen1,answer,correct
SS1651869107778,US,SeI,critical,claymen2,answer,causal_historical
SS1651869107778,US,SeI,control,walter1,answer,correct
SS1651869107778,US,SeI,control,walter2,answer,correct
SS1651869107778,US,SeI,control,monkpic1,answer,correct
SS1651869107778,US,SeI,control,monkpic2,answer,incorrect
SS1651869107778,US,SeI,control,allheal1,answer,correct
SS1651869107778,US,SeI,control,allheal2,answer,correct
SS1651869107778,US,SeI,critical,superdog1,answer,causal_historical
SS1651869107778,US,SeI,control,superdog2,answer,correct
SS1651869115143,US,SeI,control,claymen1,answer,correct
SS1651869115143,US,SeI,critical,claymen2,answer,causal_historical
SS1651869115143,US,SeI,control,monkpic1,answer,correct
SS1651869115143,US,SeI,control,monkpic2,answer,incorrect
SS1651869115143,US,SeI,control,allheal1,answer,correct
SS1651869115143,US,SeI,control,allheal2,answer,correct
SS1651869115143,US,SeI,control,walter1,answer,correct
SS1651869115143,US,SeI,control,walter2,answer,correct
SS1651869115143,US,SeI,critical,superdog1,answer,causal_historical
SS1651869115143,US,SeI,control,superdog2,answer,correct
SS1651869117517,US,SeI,control,claymen1,answer,correct
SS1651869117517,US,SeI,critical,claymen2,answer,descriptivist
SS1651869117517,US,SeI,control,allheal1,answer,correct
SS1651869117517,US,SeI,control,allheal2,answer,correct
SS1651869117517,US,SeI,control,walter1,answer,correct
SS1651869117517,US,SeI,control,walter2,answer,correct
SS1651869117517,US,SeI,control,monkpic1,answer,correct
SS1651869117517,US,SeI,control,monkpic2,answer,incorrect
SS1651869117517,US,SeI,critical,superdog1,answer,causal_historical
SS1651869117517,US,SeI,control,superdog2,answer,correct
SS1651869119140,US,SeI,control,monkpic1,answer,correct
SS1651869119140,US,SeI,control,monkpic2,answer,incorrect
SS1651869119140,US,SeI,control,walter1,answer,correct
SS1651869119140,US,SeI,control,walter2,answer,correct
SS1651869119140,US,SeI,critical,superdog1,answer,causal_historical
SS1651869119140,US,SeI,control,superdog2,answer,correct
SS1651869119140,US,SeI,control,allheal1,answer,correct
SS1651869119140,US,SeI,control,allheal2,answer,correct
SS1651869119140,US,SeI,control,claymen1,answer,correct
SS1651869119140,US,SeI,critical,claymen2,answer,causal_historical
SS1651869128913,US,SeI,control,claymen1,answer,correct
SS1651869128913,US,SeI,critical,claymen2,answer,causal_historical
SS1651869128913,US,SeI,control,monkpic1,answer,correct
SS1651869128913,US,SeI,control,monkpic2,answer,incorrect
SS1651869128913,US,SeI,critical,superdog1,answer,descriptivist
SS1651869128913,US,SeI,control,superdog2,answer,correct
SS1651869128913,US,SeI,control,allheal1,answer,correct
SS1651869128913,US,SeI,control,allheal2,answer,incorrect
SS1651869128913,US,SeI,control,walter1,answer,correct
SS1651869128913,US,SeI,control,walter2,answer,correct
SS1651869192697,US,SeI,control,claymen1,answer,correct
SS1651869192697,US,SeI,critical,claymen2,answer,causal_historical
SS1651869192697,US,SeI,control,allheal1,answer,correct
SS1651869192697,US,SeI,control,allheal2,answer,incorrect
SS1651869192697,US,SeI,control,walter1,answer,correct
SS1651869192697,US,SeI,control,walter2,answer,correct
SS1651869192697,US,SeI,critical,superdog1,answer,causal_historical
SS1651869192697,US,SeI,control,superdog2,answer,correct
SS1651869192697,US,SeI,control,monkpic1,answer,correct
SS1651869192697,US,SeI,control,monkpic2,answer,incorrect
SS1651869198002,US,SeI,control,monkpic1,answer,correct
SS1651869198002,US,SeI,control,monkpic2,answer,incorrect
SS1651869198002,US,SeI,control,allheal1,answer,correct
SS1651869198002,US,SeI,control,allheal2,answer,correct
SS1651869198002,US,SeI,control,claymen1,answer,correct
SS1651869198002,US,SeI,critical,claymen2,answer,causal_historical
SS1651869198002,US,SeI,control,walter1,answer,correct
SS1651869198002,US,SeI,control,walter2,answer,correct
SS1651869198002,US,SeI,critical,superdog1,answer,causal_historical
SS1651869198002,US,SeI,control,superdog2,answer,correct
SS1651869512955,US,SeI,control,monkpic1,answer,correct
SS1651869512955,US,SeI,control,monkpic2,answer,incorrect
SS1651869512955,US,SeI,control,claymen1,answer,correct
SS1651869512955,US,SeI,critical,claymen2,answer,descriptivist
SS1651869512955,US,SeI,control,walter1,answer,correct
SS1651869512955,US,SeI,control,walter2,answer,correct
SS1651869512955,US,SeI,control,allheal1,answer,correct
SS1651869512955,US,SeI,control,allheal2,answer,correct
SS1651869512955,US,SeI,critical,superdog1,answer,descriptivist
SS1651869512955,US,SeI,control,superdog2,answer,incorrect
SS1651869609511,US,SeI,control,walter1,answer,correct
SS1651869609511,US,SeI,control,walter2,answer,correct
SS1651869609511,US,SeI,critical,superdog1,answer,causal_historical
SS1651869609511,US,SeI,control,superdog2,answer,correct
SS1651869609511,US,SeI,control,claymen1,answer,correct
SS1651869609511,US,SeI,critical,claymen2,answer,causal_historical
SS1651869609511,US,SeI,control,allheal1,answer,correct
SS1651869609511,US,SeI,control,allheal2,answer,correct
SS1651869609511,US,SeI,control,monkpic1,answer,correct
SS1651869609511,US,SeI,control,monkpic2,answer,incorrect
SS1651869808693,US,SeI,control,monkpic1,answer,correct
SS1651869808693,US,SeI,control,monkpic2,answer,incorrect
SS1651869808693,US,SeI,control,walter1,answer,correct
SS1651869808693,US,SeI,control,walter2,answer,correct
SS1651869808693,US,SeI,control,claymen1,answer,correct
SS1651869808693,US,SeI,critical,claymen2,answer,causal_historical
SS1651869808693,US,SeI,control,allheal1,answer,correct
SS1651869808693,US,SeI,control,allheal2,answer,correct
SS1651869808693,US,SeI,critical,superdog1,answer,causal_historical
SS1651869808693,US,SeI,control,superdog2,answer,correct
SS1651869849200,US,SeI,control,monkpic1,answer,correct
SS1651869849200,US,SeI,control,monkpic2,answer,incorrect
SS1651869849200,US,SeI,control,claymen1,answer,correct
SS1651869849200,US,SeI,critical,claymen2,answer,causal_historical
SS1651869849200,US,SeI,control,allheal1,answer,correct
SS1651869849200,US,SeI,control,allheal2,answer,incorrect
SS1651869849200,US,SeI,critical,superdog1,answer,causal_historical
SS1651869849200,US,SeI,control,superdog2,answer,correct
SS1651869849200,US,SeI,control,walter1,answer,correct
SS1651869849200,US,SeI,control,walter2,answer,correct
SS1651870014949,US,SeI,control,monkpic1,answer,correct
SS1651870014949,US,SeI,control,monkpic2,answer,incorrect
SS1651870014949,US,SeI,control,walter1,answer,correct
SS1651870014949,US,SeI,control,walter2,answer,correct
SS1651870014949,US,SeI,control,allheal1,answer,incorrect
SS1651870014949,US,SeI,control,allheal2,answer,incorrect
SS1651870014949,US,SeI,control,claymen1,answer,correct
SS1651870014949,US,SeI,critical,claymen2,answer,causal_historical
SS1651870014949,US,SeI,critical,superdog1,answer,causal_historical
SS1651870014949,US,SeI,control,superdog2,answer,correct
SS1651870238624,US,SeI,control,claymen1,answer,correct
SS1651870238624,US,SeI,critical,claymen2,answer,descriptivist
SS1651870238624,US,SeI,control,walter1,answer,correct
SS1651870238624,US,SeI,control,walter2,answer,correct
SS1651870238624,US,SeI,control,allheal1,answer,correct
SS1651870238624,US,SeI,control,allheal2,answer,correct
SS1651870238624,US,SeI,control,monkpic1,answer,correct
SS1651870238624,US,SeI,control,monkpic2,answer,incorrect
SS1651870238624,US,SeI,critical,superdog1,answer,descriptivist
SS1651870238624,US,SeI,control,superdog2,answer,correct
SS1651870376242,US,SeI,critical,superdog1,answer,causal_historical
SS1651870376242,US,SeI,control,superdog2,answer,correct
SS1651870376242,US,SeI,control,allheal1,answer,correct
SS1651870376242,US,SeI,control,allheal2,answer,incorrect
SS1651870376242,US,SeI,control,walter1,answer,correct
SS1651870376242,US,SeI,control,walter2,answer,correct
SS1651870376242,US,SeI,control,monkpic1,answer,correct
SS1651870376242,US,SeI,control,monkpic2,answer,incorrect
SS1651870376242,US,SeI,control,claymen1,answer,correct
SS1651870376242,US,SeI,critical,claymen2,answer,causal_historical
SS1651870443746,US,SeI,control,claymen1,answer,correct
SS1651870443746,US,SeI,critical,claymen2,answer,descriptivist
SS1651870443746,US,SeI,control,monkpic1,answer,correct
SS1651870443746,US,SeI,control,monkpic2,answer,incorrect
SS1651870443746,US,SeI,critical,superdog1,answer,descriptivist
SS1651870443746,US,SeI,control,superdog2,answer,correct
SS1651870443746,US,SeI,control,allheal1,answer,correct
SS1651870443746,US,SeI,control,allheal2,answer,correct
SS1651870443746,US,SeI,control,walter1,answer,correct
SS1651870443746,US,SeI,control,walter2,answer,correct
SS1651871550730,US,SeI,control,allheal1,answer,correct
SS1651871550730,US,SeI,control,allheal2,answer,correct
SS1651871550730,US,SeI,control,claymen1,answer,correct
SS1651871550730,US,SeI,critical,claymen2,answer,causal_historical
SS1651871550730,US,SeI,control,monkpic1,answer,correct
SS1651871550730,US,SeI,control,monkpic2,answer,incorrect
SS1651871550730,US,SeI,critical,superdog1,answer,causal_historical
SS1651871550730,US,SeI,control,superdog2,answer,correct
SS1651871550730,US,SeI,control,walter1,answer,correct
SS1651871550730,US,SeI,control,walter2,answer,correct
SS1651871841115,US,SeI,control,claymen1,answer,correct
SS1651871841115,US,SeI,critical,claymen2,answer,causal_historical
SS1651871841115,US,SeI,critical,superdog1,answer,causal_historical
SS1651871841115,US,SeI,control,superdog2,answer,correct
SS1651871841115,US,SeI,control,monkpic1,answer,correct
SS1651871841115,US,SeI,control,monkpic2,answer,incorrect
SS1651871841115,US,SeI,control,allheal1,answer,correct
SS1651871841115,US,SeI,control,allheal2,answer,correct
SS1651871841115,US,SeI,control,walter1,answer,correct
SS1651871841115,US,SeI,control,walter2,answer,correct
SS1651871889261,US,SeI,control,walter1,answer,correct
SS1651871889261,US,SeI,control,walter2,answer,correct
SS1651871889261,US,SeI,control,allheal1,answer,correct
SS1651871889261,US,SeI,control,allheal2,answer,correct
SS1651871889261,US,SeI,control,claymen1,answer,correct
SS1651871889261,US,SeI,critical,claymen2,answer,causal_historical
SS1651871889261,US,SeI,critical,superdog1,answer,causal_historical
SS1651871889261,US,SeI,control,superdog2,answer,incorrect
SS1651871889261,US,SeI,control,monkpic1,answer,incorrect
SS1651871889261,US,SeI,control,monkpic2,answer,incorrect
SS1651872480719,US,SeI,control,monkpic1,answer,correct
SS1651872480719,US,SeI,control,monkpic2,answer,incorrect
SS1651872480719,US,SeI,control,claymen1,answer,correct
SS1651872480719,US,SeI,critical,claymen2,answer,causal_historical
SS1651872480719,US,SeI,control,allheal1,answer,correct
SS1651872480719,US,SeI,control,allheal2,answer,correct
SS1651872480719,US,SeI,control,walter1,answer,correct
SS1651872480719,US,SeI,control,walter2,answer,incorrect
SS1651872480719,US,SeI,critical,superdog1,answer,causal_historical
SS1651872480719,US,SeI,control,superdog2,answer,correct
SS1651873332890,US,SeI,control,walter1,answer,correct
SS1651873332890,US,SeI,control,walter2,answer,correct
SS1651873332890,US,SeI,control,allheal1,answer,correct
SS1651873332890,US,SeI,control,allheal2,answer,correct
SS1651873332890,US,SeI,control,monkpic1,answer,correct
SS1651873332890,US,SeI,control,monkpic2,answer,incorrect
SS1651873332890,US,SeI,critical,superdog1,answer,causal_historical
SS1651873332890,US,SeI,control,superdog2,answer,correct
SS1651873332890,US,SeI,control,claymen1,answer,correct
SS1651873332890,US,SeI,critical,claymen2,answer,causal_historical
SS1651873359386,US,SeI,control,walter1,answer,correct
SS1651873359386,US,SeI,control,walter2,answer,correct
SS1651873359386,US,SeI,control,monkpic1,answer,correct
SS1651873359386,US,SeI,control,monkpic2,answer,incorrect
SS1651873359386,US,SeI,critical,superdog1,answer,causal_historical
SS1651873359386,US,SeI,control,superdog2,answer,correct
SS1651873359386,US,SeI,control,allheal1,answer,correct
SS1651873359386,US,SeI,control,allheal2,answer,correct
SS1651873359386,US,SeI,control,claymen1,answer,correct
SS1651873359386,US,SeI,critical,claymen2,answer,causal_historical
SS1651878926426,US,SeI,control,monkpic1,answer,correct
SS1651878926426,US,SeI,control,monkpic2,answer,incorrect
SS1651878926426,US,SeI,critical,superdog1,answer,causal_historical
SS1651878926426,US,SeI,control,superdog2,answer,correct
SS1651878926426,US,SeI,control,walter1,answer,correct
SS1651878926426,US,SeI,control,walter2,answer,correct
SS1651878926426,US,SeI,control,claymen1,answer,correct
SS1651878926426,US,SeI,critical,claymen2,answer,causal_historical
SS1651878926426,US,SeI,control,allheal1,answer,correct
SS1651878926426,US,SeI,control,allheal2,answer,correct
SS1651878928252,US,SeI,control,claymen1,answer,correct
SS1651878928252,US,SeI,critical,claymen2,answer,causal_historical
SS1651878928252,US,SeI,control,monkpic1,answer,correct
SS1651878928252,US,SeI,control,monkpic2,answer,incorrect
SS1651878928252,US,SeI,control,allheal1,answer,correct
SS1651878928252,US,SeI,control,allheal2,answer,correct
SS1651878928252,US,SeI,control,walter1,answer,correct
SS1651878928252,US,SeI,control,walter2,answer,correct
SS1651878928252,US,SeI,critical,superdog1,answer,causal_historical
SS1651878928252,US,SeI,control,superdog2,answer,correct
SS1651544690789,CN,SeI,critical,superdog1,answer,descriptivist
SS1651544690789,CN,SeI,control,superdog2,answer,correct
SS1651544690789,CN,SeI,control,claymen1,answer,correct
SS1651544690789,CN,SeI,critical,claymen2,answer,descriptivist
SS1651544690789,CN,SeI,control,walter1,answer,correct
SS1651544690789,CN,SeI,control,walter2,answer,correct
SS1651544690789,CN,SeI,control,monkpic1,answer,correct
SS1651544690789,CN,SeI,control,monkpic2,answer,incorrect
SS1651544690789,CN,SeI,control,allheal1,answer,correct
SS1651544690789,CN,SeI,control,allheal2,answer,correct
SS1651544913549,CN,SeI,control,allheal1,answer,correct
SS1651544913549,CN,SeI,control,allheal2,answer,correct
SS1651544913549,CN,SeI,control,monkpic1,answer,correct
SS1651544913549,CN,SeI,control,monkpic2,answer,correct
SS1651544913549,CN,SeI,critical,superdog1,answer,causal_historical
SS1651544913549,CN,SeI,control,superdog2,answer,correct
SS1651544913549,CN,SeI,control,claymen1,answer,correct
SS1651544913549,CN,SeI,critical,claymen2,answer,descriptivist
SS1651544913549,CN,SeI,control,walter1,answer,correct
SS1651544913549,CN,SeI,control,walter2,answer,incorrect
SS1651544929438,CN,SeI,critical,superdog1,answer,causal_historical
SS1651544929438,CN,SeI,control,superdog2,answer,correct
SS1651544929438,CN,SeI,control,allheal1,answer,correct
SS1651544929438,CN,SeI,control,allheal2,answer,correct
SS1651544929438,CN,SeI,control,walter1,answer,correct
SS1651544929438,CN,SeI,control,walter2,answer,correct
SS1651544929438,CN,SeI,control,monkpic1,answer,incorrect
SS1651544929438,CN,SeI,control,monkpic2,answer,incorrect
SS1651544929438,CN,SeI,control,claymen1,answer,correct
SS1651544929438,CN,SeI,critical,claymen2,answer,descriptivist
SS1651545081461,CN,SeI,control,walter1,answer,correct
SS1651545081461,CN,SeI,control,walter2,answer,correct
SS1651545081461,CN,SeI,control,claymen1,answer,correct
SS1651545081461,CN,SeI,critical,claymen2,answer,causal_historical
SS1651545081461,CN,SeI,control,allheal1,answer,correct
SS1651545081461,CN,SeI,control,allheal2,answer,correct
SS1651545081461,CN,SeI,critical,superdog1,answer,descriptivist
SS1651545081461,CN,SeI,control,superdog2,answer,correct
SS1651545081461,CN,SeI,control,monkpic1,answer,correct
SS1651545081461,CN,SeI,control,monkpic2,answer,incorrect
SS1651545105150,CN,SeI,control,claymen1,answer,correct
SS1651545105150,CN,SeI,critical,claymen2,answer,descriptivist
SS1651545105150,CN,SeI,control,walter1,answer,correct
SS1651545105150,CN,SeI,control,walter2,answer,correct
SS1651545105150,CN,SeI,control,monkpic1,answer,correct
SS1651545105150,CN,SeI,control,monkpic2,answer,correct
SS1651545105150,CN,SeI,critical,superdog1,answer,causal_historical
SS1651545105150,CN,SeI,control,superdog2,answer,correct
SS1651545105150,CN,SeI,control,allheal1,answer,correct
SS1651545105150,CN,SeI,control,allheal2,answer,correct
SS1651545107281,CN,SeI,critical,superdog1,answer,causal_historical
SS1651545107281,CN,SeI,control,superdog2,answer,correct
SS1651545107281,CN,SeI,control,walter1,answer,correct
SS1651545107281,CN,SeI,control,walter2,answer,correct
SS1651545107281,CN,SeI,control,claymen1,answer,correct
SS1651545107281,CN,SeI,critical,claymen2,answer,causal_historical
SS1651545107281,CN,SeI,control,monkpic1,answer,correct
SS1651545107281,CN,SeI,control,monkpic2,answer,incorrect
SS1651545107281,CN,SeI,control,allheal1,answer,incorrect
SS1651545107281,CN,SeI,control,allheal2,answer,incorrect
SS1651545123067,CN,SeI,control,walter1,answer,correct
SS1651545123067,CN,SeI,control,walter2,answer,correct
SS1651545123067,CN,SeI,control,monkpic1,answer,correct
SS1651545123067,CN,SeI,control,monkpic2,answer,correct
SS1651545123067,CN,SeI,control,claymen1,answer,correct
SS1651545123067,CN,SeI,critical,claymen2,answer,causal_historical
SS1651545123067,CN,SeI,critical,superdog1,answer,causal_historical
SS1651545123067,CN,SeI,control,superdog2,answer,correct
SS1651545123067,CN,SeI,control,allheal1,answer,correct
SS1651545123067,CN,SeI,control,allheal2,answer,correct
SS1651545188145,CN,SeI,control,claymen1,answer,correct
SS1651545188145,CN,SeI,critical,claymen2,answer,descriptivist
SS1651545188145,CN,SeI,control,monkpic1,answer,correct
SS1651545188145,CN,SeI,control,monkpic2,answer,incorrect
SS1651545188145,CN,SeI,critical,superdog1,answer,descriptivist
SS1651545188145,CN,SeI,control,superdog2,answer,correct
SS1651545188145,CN,SeI,control,allheal1,answer,correct
SS1651545188145,CN,SeI,control,allheal2,answer,correct
SS1651545188145,CN,SeI,control,walter1,answer,correct
SS1651545188145,CN,SeI,control,walter2,answer,correct
SS1651545279588,CN,SeI,control,claymen1,answer,correct
SS1651545279588,CN,SeI,critical,claymen2,answer,descriptivist
SS1651545279588,CN,SeI,control,allheal1,answer,correct
SS1651545279588,CN,SeI,control,allheal2,answer,correct
SS1651545279588,CN,SeI,control,walter1,answer,correct
SS1651545279588,CN,SeI,control,walter2,answer,correct
SS1651545279588,CN,SeI,control,monkpic1,answer,correct
SS1651545279588,CN,SeI,control,monkpic2,answer,incorrect
SS1651545279588,CN,SeI,critical,superdog1,answer,descriptivist
SS1651545279588,CN,SeI,control,superdog2,answer,correct
SS1651545285513,CN,SeI,control,monkpic1,answer,correct
SS1651545285513,CN,SeI,control,monkpic2,answer,incorrect
SS1651545285513,CN,SeI,control,allheal1,answer,correct
SS1651545285513,CN,SeI,control,allheal2,answer,correct
SS1651545285513,CN,SeI,critical,superdog1,answer,causal_historical
SS1651545285513,CN,SeI,control,superdog2,answer,correct
SS1651545285513,CN,SeI,control,claymen1,answer,correct
SS1651545285513,CN,SeI,critical,claymen2,answer,causal_historical
SS1651545285513,CN,SeI,control,walter1,answer,correct
SS1651545285513,CN,SeI,control,walter2,answer,correct
SS1651545357097,CN,SeI,control,claymen1,answer,correct
SS1651545357097,CN,SeI,critical,claymen2,answer,descriptivist
SS1651545357097,CN,SeI,control,allheal1,answer,correct
SS1651545357097,CN,SeI,control,allheal2,answer,correct
SS1651545357097,CN,SeI,control,monkpic1,answer,correct
SS1651545357097,CN,SeI,control,monkpic2,answer,correct
SS1651545357097,CN,SeI,critical,superdog1,answer,descriptivist
SS1651545357097,CN,SeI,control,superdog2,answer,correct
SS1651545357097,CN,SeI,control,walter1,answer,correct
SS1651545357097,CN,SeI,control,walter2,answer,correct
SS1651545751233,CN,SeI,control,allheal1,answer,correct
SS1651545751233,CN,SeI,control,allheal2,answer,correct
SS1651545751233,CN,SeI,control,walter1,answer,correct
SS1651545751233,CN,SeI,control,walter2,answer,correct
SS1651545751233,CN,SeI,control,claymen1,answer,correct
SS1651545751233,CN,SeI,critical,claymen2,answer,descriptivist
SS1651545751233,CN,SeI,critical,superdog1,answer,descriptivist
SS1651545751233,CN,SeI,control,superdog2,answer,correct
SS1651545751233,CN,SeI,control,monkpic1,answer,correct
SS1651545751233,CN,SeI,control,monkpic2,answer,incorrect
SS1651546122639,CN,SeI,control,claymen1,answer,correct
SS1651546122639,CN,SeI,critical,claymen2,answer,descriptivist
SS1651546122639,CN,SeI,critical,superdog1,answer,descriptivist
SS1651546122639,CN,SeI,control,superdog2,answer,correct
SS1651546122639,CN,SeI,control,monkpic1,answer,correct
SS1651546122639,CN,SeI,control,monkpic2,answer,incorrect
SS1651546122639,CN,SeI,control,walter1,answer,correct
SS1651546122639,CN,SeI,control,walter2,answer,correct
SS1651546122639,CN,SeI,control,allheal1,answer,correct
SS1651546122639,CN,SeI,control,allheal2,answer,correct
SS1651546827542,CN,SeI,control,walter1,answer,correct
SS1651546827542,CN,SeI,control,walter2,answer,correct
SS1651546827542,CN,SeI,control,monkpic1,answer,correct
SS1651546827542,CN,SeI,control,monkpic2,answer,incorrect
SS1651546827542,CN,SeI,control,claymen1,answer,correct
SS1651546827542,CN,SeI,critical,claymen2,answer,descriptivist
SS1651546827542,CN,SeI,control,allheal1,answer,correct
SS1651546827542,CN,SeI,control,allheal2,answer,correct
SS1651546827542,CN,SeI,critical,superdog1,answer,causal_historical
SS1651546827542,CN,SeI,control,superdog2,answer,incorrect
SS1651546915326,CN,SeI,control,walter1,answer,correct
SS1651546915326,CN,SeI,control,walter2,answer,correct
SS1651546915326,CN,SeI,control,claymen1,answer,correct
SS1651546915326,CN,SeI,critical,claymen2,answer,descriptivist
SS1651546915326,CN,SeI,critical,superdog1,answer,descriptivist
SS1651546915326,CN,SeI,control,superdog2,answer,correct
SS1651546915326,CN,SeI,control,allheal1,answer,correct
SS1651546915326,CN,SeI,control,allheal2,answer,correct
SS1651546915326,CN,SeI,control,monkpic1,answer,correct
SS1651546915326,CN,SeI,control,monkpic2,answer,incorrect
SS1651547162777,CN,SeI,control,allheal1,answer,correct
SS1651547162777,CN,SeI,control,allheal2,answer,correct
SS1651547162777,CN,SeI,critical,superdog1,answer,descriptivist
SS1651547162777,CN,SeI,control,superdog2,answer,correct
SS1651547162777,CN,SeI,control,claymen1,answer,correct
SS1651547162777,CN,SeI,critical,claymen2,answer,descriptivist
SS1651547162777,CN,SeI,control,walter1,answer,correct
SS1651547162777,CN,SeI,control,walter2,answer,correct
SS1651547162777,CN,SeI,control,monkpic1,answer,correct
SS1651547162777,CN,SeI,control,monkpic2,answer,incorrect
SS1651548143005,CN,SeI,control,monkpic1,answer,correct
SS1651548143005,CN,SeI,control,monkpic2,answer,correct
SS1651548143005,CN,SeI,control,claymen1,answer,correct
SS1651548143005,CN,SeI,critical,claymen2,answer,descriptivist
SS1651548143005,CN,SeI,control,walter1,answer,correct
SS1651548143005,CN,SeI,control,walter2,answer,incorrect
SS1651548143005,CN,SeI,critical,superdog1,answer,descriptivist
SS1651548143005,CN,SeI,control,superdog2,answer,correct
SS1651548143005,CN,SeI,control,allheal1,answer,correct
SS1651548143005,CN,SeI,control,allheal2,answer,correct
SS1651552135862,CN,SeI,control,monkpic1,answer,correct
SS1651552135862,CN,SeI,control,monkpic2,answer,incorrect
SS1651552135862,CN,SeI,control,walter1,answer,correct
SS1651552135862,CN,SeI,control,walter2,answer,correct
SS1651552135862,CN,SeI,control,claymen1,answer,correct
SS1651552135862,CN,SeI,critical,claymen2,answer,causal_historical
SS1651552135862,CN,SeI,control,allheal1,answer,correct
SS1651552135862,CN,SeI,control,allheal2,answer,correct
SS1651552135862,CN,SeI,critical,superdog1,answer,causal_historical
SS1651552135862,CN,SeI,control,superdog2,answer,correct
SS1651552362039,CN,SeI,control,allheal1,answer,correct
SS1651552362039,CN,SeI,control,allheal2,answer,correct
SS1651552362039,CN,SeI,control,monkpic1,answer,correct
SS1651552362039,CN,SeI,control,monkpic2,answer,incorrect
SS1651552362039,CN,SeI,control,walter1,answer,correct
SS1651552362039,CN,SeI,control,walter2,answer,correct
SS1651552362039,CN,SeI,critical,superdog1,answer,causal_historical
SS1651552362039,CN,SeI,control,superdog2,answer,correct
SS1651552362039,CN,SeI,control,claymen1,answer,correct
SS1651552362039,CN,SeI,critical,claymen2,answer,descriptivist
SS1651552837542,CN,SeI,critical,superdog1,answer,causal_historical
SS1651552837542,CN,SeI,control,superdog2,answer,correct
SS1651552837542,CN,SeI,control,monkpic1,answer,correct
SS1651552837542,CN,SeI,control,monkpic2,answer,incorrect
SS1651552837542,CN,SeI,control,allheal1,answer,correct
SS1651552837542,CN,SeI,control,allheal2,answer,correct
SS1651552837542,CN,SeI,control,claymen1,answer,correct
SS1651552837542,CN,SeI,critical,claymen2,answer,causal_historical
SS1651552837542,CN,SeI,control,walter1,answer,correct
SS1651552837542,CN,SeI,control,walter2,answer,incorrect
SS1651553474432,CN,SeI,control,monkpic1,answer,correct
SS1651553474432,CN,SeI,control,monkpic2,answer,incorrect
SS1651553474432,CN,SeI,control,claymen1,answer,correct
SS1651553474432,CN,SeI,critical,claymen2,answer,causal_historical
SS1651553474432,CN,SeI,control,allheal1,answer,correct
SS1651553474432,CN,SeI,control,allheal2,answer,correct
SS1651553474432,CN,SeI,critical,superdog1,answer,descriptivist
SS1651553474432,CN,SeI,control,superdog2,answer,correct
SS1651553474432,CN,SeI,control,walter1,answer,correct
SS1651553474432,CN,SeI,control,walter2,answer,correct
SS1651553913160,CN,SeI,critical,superdog1,answer,descriptivist
SS1651553913160,CN,SeI,control,superdog2,answer,correct
SS1651553913160,CN,SeI,control,monkpic1,answer,correct
SS1651553913160,CN,SeI,control,monkpic2,answer,incorrect
SS1651553913160,CN,SeI,control,claymen1,answer,correct
SS1651553913160,CN,SeI,critical,claymen2,answer,descriptivist
SS1651553913160,CN,SeI,control,walter1,answer,correct
SS1651553913160,CN,SeI,control,walter2,answer,correct
SS1651553913160,CN,SeI,control,allheal1,answer,correct
SS1651553913160,CN,SeI,control,allheal2,answer,correct
SS1651553969715,CN,SeI,control,claymen1,answer,correct
SS1651553969715,CN,SeI,critical,claymen2,answer,causal_historical
SS1651553969715,CN,SeI,control,allheal1,answer,correct
SS1651553969715,CN,SeI,control,allheal2,answer,correct
SS1651553969715,CN,SeI,control,walter1,answer,correct
SS1651553969715,CN,SeI,control,walter2,answer,correct
SS1651553969715,CN,SeI,control,monkpic1,answer,correct
SS1651553969715,CN,SeI,control,monkpic2,answer,incorrect
SS1651553969715,CN,SeI,critical,superdog1,answer,descriptivist
SS1651553969715,CN,SeI,control,superdog2,answer,correct
SS1651554145523,CN,SeI,control,monkpic1,answer,correct
SS1651554145523,CN,SeI,control,monkpic2,answer,incorrect
SS1651554145523,CN,SeI,control,allheal1,answer,correct
SS1651554145523,CN,SeI,control,allheal2,answer,correct
SS1651554145523,CN,SeI,critical,superdog1,answer,causal_historical
SS1651554145523,CN,SeI,control,superdog2,answer,correct
SS1651554145523,CN,SeI,control,claymen1,answer,correct
SS1651554145523,CN,SeI,critical,claymen2,answer,causal_historical
SS1651554145523,CN,SeI,control,walter1,answer,correct
SS1651554145523,CN,SeI,control,walter2,answer,correct
SS1651554184228,CN,SeI,critical,superdog1,answer,causal_historical
SS1651554184228,CN,SeI,control,superdog2,answer,correct
SS1651554184228,CN,SeI,control,monkpic1,answer,correct
SS1651554184228,CN,SeI,control,monkpic2,answer,incorrect
SS1651554184228,CN,SeI,control,walter1,answer,correct
SS1651554184228,CN,SeI,control,walter2,answer,correct
SS1651554184228,CN,SeI,control,allheal1,answer,correct
SS1651554184228,CN,SeI,control,allheal2,answer,correct
SS1651554184228,CN,SeI,control,claymen1,answer,correct
SS1651554184228,CN,SeI,critical,claymen2,answer,causal_historical
SS1651554284065,CN,SeI,control,allheal1,answer,correct
SS1651554284065,CN,SeI,control,allheal2,answer,correct
SS1651554284065,CN,SeI,control,monkpic1,answer,correct
SS1651554284065,CN,SeI,control,monkpic2,answer,incorrect
SS1651554284065,CN,SeI,control,walter1,answer,correct
SS1651554284065,CN,SeI,control,walter2,answer,correct
SS1651554284065,CN,SeI,control,claymen1,answer,correct
SS1651554284065,CN,SeI,critical,claymen2,answer,causal_historical
SS1651554284065,CN,SeI,critical,superdog1,answer,causal_historical
SS1651554284065,CN,SeI,control,superdog2,answer,correct
SS1651554809980,CN,SeI,control,allheal1,answer,correct
SS1651554809980,CN,SeI,control,allheal2,answer,correct
SS1651554809980,CN,SeI,control,walter1,answer,correct
SS1651554809980,CN,SeI,control,walter2,answer,correct
SS1651554809980,CN,SeI,critical,superdog1,answer,causal_historical
SS1651554809980,CN,SeI,control,superdog2,answer,correct
SS1651554809980,CN,SeI,control,monkpic1,answer,correct
SS1651554809980,CN,SeI,control,monkpic2,answer,incorrect
SS1651554809980,CN,SeI,control,claymen1,answer,correct
SS1651554809980,CN,SeI,critical,claymen2,answer,causal_historical
SS1651555233128,CN,SeI,critical,superdog1,answer,descriptivist
SS1651555233128,CN,SeI,control,superdog2,answer,correct
SS1651555233128,CN,SeI,control,monkpic1,answer,correct
SS1651555233128,CN,SeI,control,monkpic2,answer,correct
SS1651555233128,CN,SeI,control,allheal1,answer,correct
SS1651555233128,CN,SeI,control,allheal2,answer,correct
SS1651555233128,CN,SeI,control,claymen1,answer,correct
SS1651555233128,CN,SeI,critical,claymen2,answer,descriptivist
SS1651555233128,CN,SeI,control,walter1,answer,correct
SS1651555233128,CN,SeI,control,walter2,answer,correct
SS1651559729763,CN,SeI,control,walter1,answer,correct
SS1651559729763,CN,SeI,control,walter2,answer,correct
SS1651559729763,CN,SeI,control,monkpic1,answer,correct
SS1651559729763,CN,SeI,control,monkpic2,answer,correct
SS1651559729763,CN,SeI,control,claymen1,answer,correct
SS1651559729763,CN,SeI,critical,claymen2,answer,descriptivist
SS1651559729763,CN,SeI,control,allheal1,answer,correct
SS1651559729763,CN,SeI,control,allheal2,answer,correct
SS1651559729763,CN,SeI,critical,superdog1,answer,descriptivist
SS1651559729763,CN,SeI,control,superdog2,answer,correct
SS1651560025455,CN,SeI,control,allheal1,answer,correct
SS1651560025455,CN,SeI,control,allheal2,answer,correct
SS1651560025455,CN,SeI,control,walter1,answer,correct
SS1651560025455,CN,SeI,control,walter2,answer,correct
SS1651560025455,CN,SeI,critical,superdog1,answer,causal_historical
SS1651560025455,CN,SeI,control,superdog2,answer,correct
SS1651560025455,CN,SeI,control,claymen1,answer,correct
SS1651560025455,CN,SeI,critical,claymen2,answer,causal_historical
SS1651560025455,CN,SeI,control,monkpic1,answer,correct
SS1651560025455,CN,SeI,control,monkpic2,answer,incorrect
SS1651561685665,CN,SeI,control,walter1,answer,correct
SS1651561685665,CN,SeI,control,walter2,answer,correct
SS1651561685665,CN,SeI,control,allheal1,answer,correct
SS1651561685665,CN,SeI,control,allheal2,answer,correct
SS1651561685665,CN,SeI,critical,superdog1,answer,causal_historical
SS1651561685665,CN,SeI,control,superdog2,answer,correct
SS1651561685665,CN,SeI,control,claymen1,answer,correct
SS1651561685665,CN,SeI,critical,claymen2,answer,causal_historical
SS1651561685665,CN,SeI,control,monkpic1,answer,correct
SS1651561685665,CN,SeI,control,monkpic2,answer,incorrect
SS1651562034956,CN,SeI,control,claymen1,answer,correct
SS1651562034956,CN,SeI,critical,claymen2,answer,descriptivist
SS1651562034956,CN,SeI,control,walter1,answer,correct
SS1651562034956,CN,SeI,control,walter2,answer,correct
SS1651562034956,CN,SeI,critical,superdog1,answer,descriptivist
SS1651562034956,CN,SeI,control,superdog2,answer,correct
SS1651562034956,CN,SeI,control,monkpic1,answer,correct
SS1651562034956,CN,SeI,control,monkpic2,answer,incorrect
SS1651562034956,CN,SeI,control,allheal1,answer,correct
SS1651562034956,CN,SeI,control,allheal2,answer,correct
SS1651562868228,CN,SeI,control,allheal1,answer,correct
SS1651562868228,CN,SeI,control,allheal2,answer,correct
SS1651562868228,CN,SeI,critical,superdog1,answer,descriptivist
SS1651562868228,CN,SeI,control,superdog2,answer,correct
SS1651562868228,CN,SeI,control,claymen1,answer,correct
SS1651562868228,CN,SeI,critical,claymen2,answer,descriptivist
SS1651562868228,CN,SeI,control,monkpic1,answer,correct
SS1651562868228,CN,SeI,control,monkpic2,answer,incorrect
SS1651562868228,CN,SeI,control,walter1,answer,correct
SS1651562868228,CN,SeI,control,walter2,answer,correct
SS1651564260438,CN,SeI,control,walter1,answer,correct
SS1651564260438,CN,SeI,control,walter2,answer,incorrect
SS1651564260438,CN,SeI,control,allheal1,answer,correct
SS1651564260438,CN,SeI,control,allheal2,answer,correct
SS1651564260438,CN,SeI,critical,superdog1,answer,descriptivist
SS1651564260438,CN,SeI,control,superdog2,answer,correct
SS1651564260438,CN,SeI,control,claymen1,answer,correct
SS1651564260438,CN,SeI,critical,claymen2,answer,descriptivist
SS1651564260438,CN,SeI,control,monkpic1,answer,correct
SS1651564260438,CN,SeI,control,monkpic2,answer,incorrect
SS1651564308340,CN,SeI,control,monkpic1,answer,correct
SS1651564308340,CN,SeI,control,monkpic2,answer,correct
SS1651564308340,CN,SeI,control,claymen1,answer,correct
SS1651564308340,CN,SeI,critical,claymen2,answer,descriptivist
SS1651564308340,CN,SeI,control,allheal1,answer,correct
SS1651564308340,CN,SeI,control,allheal2,answer,correct
SS1651564308340,CN,SeI,control,walter1,answer,correct
SS1651564308340,CN,SeI,control,walter2,answer,correct
SS1651564308340,CN,SeI,critical,superdog1,answer,descriptivist
SS1651564308340,CN,SeI,control,superdog2,answer,correct
SS1651565828518,CN,SeI,critical,superdog1,answer,causal_historical
SS1651565828518,CN,SeI,control,superdog2,answer,correct
SS1651565828518,CN,SeI,control,monkpic1,answer,correct
SS1651565828518,CN,SeI,control,monkpic2,answer,incorrect
SS1651565828518,CN,SeI,control,walter1,answer,correct
SS1651565828518,CN,SeI,control,walter2,answer,incorrect
SS1651565828518,CN,SeI,control,claymen1,answer,correct
SS1651565828518,CN,SeI,critical,claymen2,answer,causal_historical
SS1651565828518,CN,SeI,control,allheal1,answer,correct
SS1651565828518,CN,SeI,control,allheal2,answer,correct
SS1651568252846,CN,SeI,control,walter1,answer,correct
SS1651568252846,CN,SeI,control,walter2,answer,correct
SS1651568252846,CN,SeI,control,claymen1,answer,correct
SS1651568252846,CN,SeI,critical,claymen2,answer,causal_historical
SS1651568252846,CN,SeI,control,monkpic1,answer,correct
SS1651568252846,CN,SeI,control,monkpic2,answer,incorrect
SS1651568252846,CN,SeI,control,allheal1,answer,correct
SS1651568252846,CN,SeI,control,allheal2,answer,correct
SS1651568252846,CN,SeI,critical,superdog1,answer,causal_historical
SS1651568252846,CN,SeI,control,superdog2,answer,correct
SS1651568382617,CN,SeI,critical,superdog1,answer,causal_historical
SS1651568382617,CN,SeI,control,superdog2,answer,correct
SS1651568382617,CN,SeI,control,monkpic1,answer,correct
SS1651568382617,CN,SeI,control,monkpic2,answer,incorrect
SS1651568382617,CN,SeI,control,allheal1,answer,correct
SS1651568382617,CN,SeI,control,allheal2,answer,correct
SS1651568382617,CN,SeI,control,walter1,answer,incorrect
SS1651568382617,CN,SeI,control,walter2,answer,correct
SS1651568382617,CN,SeI,control,claymen1,answer,correct
SS1651568382617,CN,SeI,critical,claymen2,answer,causal_historical
SS1651568918829,CN,SeI,critical,superdog1,answer,descriptivist
SS1651568918829,CN,SeI,control,superdog2,answer,correct
SS1651568918829,CN,SeI,control,monkpic1,answer,correct
SS1651568918829,CN,SeI,control,monkpic2,answer,incorrect
SS1651568918829,CN,SeI,control,walter1,answer,correct
SS1651568918829,CN,SeI,control,walter2,answer,correct
SS1651568918829,CN,SeI,control,allheal1,answer,correct
SS1651568918829,CN,SeI,control,allheal2,answer,correct
SS1651568918829,CN,SeI,control,claymen1,answer,correct
SS1651568918829,CN,SeI,critical,claymen2,answer,causal_historical
SS1651570752111,CN,SeI,control,monkpic1,answer,correct
SS1651570752111,CN,SeI,control,monkpic2,answer,incorrect
SS1651570752111,CN,SeI,critical,superdog1,answer,descriptivist
SS1651570752111,CN,SeI,control,superdog2,answer,correct
SS1651570752111,CN,SeI,control,walter1,answer,correct
SS1651570752111,CN,SeI,control,walter2,answer,correct
SS1651570752111,CN,SeI,control,claymen1,answer,correct
SS1651570752111,CN,SeI,critical,claymen2,answer,descriptivist
SS1651570752111,CN,SeI,control,allheal1,answer,correct
SS1651570752111,CN,SeI,control,allheal2,answer,correct
SS1651571509239,CN,SeI,critical,superdog1,answer,causal_historical
SS1651571509239,CN,SeI,control,superdog2,answer,correct
SS1651571509239,CN,SeI,control,claymen1,answer,correct
SS1651571509239,CN,SeI,critical,claymen2,answer,causal_historical
SS1651571509239,CN,SeI,control,walter1,answer,correct
SS1651571509239,CN,SeI,control,walter2,answer,correct
SS1651571509239,CN,SeI,control,monkpic1,answer,correct
SS1651571509239,CN,SeI,control,monkpic2,answer,incorrect
SS1651571509239,CN,SeI,control,allheal1,answer,correct
SS1651571509239,CN,SeI,control,allheal2,answer,correct
SS1651572914976,CN,SeI,control,monkpic1,answer,correct
SS1651572914976,CN,SeI,control,monkpic2,answer,incorrect
SS1651572914976,CN,SeI,control,allheal1,answer,correct
SS1651572914976,CN,SeI,control,allheal2,answer,correct
SS1651572914976,CN,SeI,control,walter1,answer,correct
SS1651572914976,CN,SeI,control,walter2,answer,correct
SS1651572914976,CN,SeI,control,claymen1,answer,correct
SS1651572914976,CN,SeI,critical,claymen2,answer,causal_historical
SS1651572914976,CN,SeI,critical,superdog1,answer,causal_historical
SS1651572914976,CN,SeI,control,superdog2,answer,correct
SS1651576408487,CN,SeI,critical,superdog1,answer,causal_historical
SS1651576408487,CN,SeI,control,superdog2,answer,correct
SS1651576408487,CN,SeI,control,monkpic1,answer,correct
SS1651576408487,CN,SeI,control,monkpic2,answer,incorrect
SS1651576408487,CN,SeI,control,allheal1,answer,correct
SS1651576408487,CN,SeI,control,allheal2,answer,correct
SS1651576408487,CN,SeI,control,walter1,answer,correct
SS1651576408487,CN,SeI,control,walter2,answer,correct
SS1651576408487,CN,SeI,control,claymen1,answer,correct
SS1651576408487,CN,SeI,critical,claymen2,answer,descriptivist
SS1651578940027,CN,SeI,control,walter1,answer,incorrect
SS1651578940027,CN,SeI,control,walter2,answer,correct
SS1651578940027,CN,SeI,control,claymen1,answer,correct
SS1651578940027,CN,SeI,critical,claymen2,answer,causal_historical
SS1651578940027,CN,SeI,control,allheal1,answer,correct
SS1651578940027,CN,SeI,control,allheal2,answer,correct
SS1651578940027,CN,SeI,control,monkpic1,answer,correct
SS1651578940027,CN,SeI,control,monkpic2,answer,incorrect
SS1651578940027,CN,SeI,critical,superdog1,answer,causal_historical
SS1651578940027,CN,SeI,control,superdog2,answer,correct
SS1651579399729,CN,SeI,critical,superdog1,answer,descriptivist
SS1651579399729,CN,SeI,control,superdog2,answer,correct
SS1651579399729,CN,SeI,control,walter1,answer,correct
SS1651579399729,CN,SeI,control,walter2,answer,correct
SS1651579399729,CN,SeI,control,claymen1,answer,correct
SS1651579399729,CN,SeI,critical,claymen2,answer,descriptivist
SS1651579399729,CN,SeI,control,monkpic1,answer,correct
SS1651579399729,CN,SeI,control,monkpic2,answer,incorrect
SS1651579399729,CN,SeI,control,allheal1,answer,correct
SS1651579399729,CN,SeI,control,allheal2,answer,correct
SS1651582669897,CN,SeI,control,walter1,answer,correct
SS1651582669897,CN,SeI,control,walter2,answer,correct
SS1651582669897,CN,SeI,control,monkpic1,answer,correct
SS1651582669897,CN,SeI,control,monkpic2,answer,incorrect
SS1651582669897,CN,SeI,control,claymen1,answer,correct
SS1651582669897,CN,SeI,critical,claymen2,answer,causal_historical
SS1651582669897,CN,SeI,control,allheal1,answer,correct
SS1651582669897,CN,SeI,control,allheal2,answer,correct
SS1651582669897,CN,SeI,critical,superdog1,answer,descriptivist
SS1651582669897,CN,SeI,control,superdog2,answer,correct
SS1651620046254,CN,SeI,critical,superdog1,answer,descriptivist
SS1651620046254,CN,SeI,control,superdog2,answer,correct
SS1651620046254,CN,SeI,control,monkpic1,answer,incorrect
SS1651620046254,CN,SeI,control,monkpic2,answer,incorrect
SS1651620046254,CN,SeI,control,allheal1,answer,correct
SS1651620046254,CN,SeI,control,allheal2,answer,correct
SS1651620046254,CN,SeI,control,claymen1,answer,correct
SS1651620046254,CN,SeI,critical,claymen2,answer,causal_historical
SS1651620046254,CN,SeI,control,walter1,answer,correct
SS1651620046254,CN,SeI,control,walter2,answer,correct
SS1651623308643,CN,SeI,control,monkpic1,answer,correct
SS1651623308643,CN,SeI,control,monkpic2,answer,incorrect
SS1651623308643,CN,SeI,control,claymen1,answer,correct
SS1651623308643,CN,SeI,critical,claymen2,answer,descriptivist
SS1651623308643,CN,SeI,critical,superdog1,answer,descriptivist
SS1651623308643,CN,SeI,control,superdog2,answer,correct
SS1651623308643,CN,SeI,control,walter1,answer,correct
SS1651623308643,CN,SeI,control,walter2,answer,correct
SS1651623308643,CN,SeI,control,allheal1,answer,correct
SS1651623308643,CN,SeI,control,allheal2,answer,correct
SS1651625504097,CN,SeI,control,monkpic1,answer,correct
SS1651625504097,CN,SeI,control,monkpic2,answer,incorrect
SS1651625504097,CN,SeI,critical,superdog1,answer,causal_historical
SS1651625504097,CN,SeI,control,superdog2,answer,correct
SS1651625504097,CN,SeI,control,allheal1,answer,correct
SS1651625504097,CN,SeI,control,allheal2,answer,correct
SS1651625504097,CN,SeI,control,walter1,answer,correct
SS1651625504097,CN,SeI,control,walter2,answer,correct
SS1651625504097,CN,SeI,control,claymen1,answer,correct
SS1651625504097,CN,SeI,critical,claymen2,answer,causal_historical
SS1651629675682,CN,SeI,control,walter1,answer,correct
SS1651629675682,CN,SeI,control,walter2,answer,correct
SS1651629675682,CN,SeI,control,monkpic1,answer,correct
SS1651629675682,CN,SeI,control,monkpic2,answer,incorrect
SS1651629675682,CN,SeI,control,allheal1,answer,correct
SS1651629675682,CN,SeI,control,allheal2,answer,correct
SS1651629675682,CN,SeI,critical,superdog1,answer,causal_historical
SS1651629675682,CN,SeI,control,superdog2,answer,correct
SS1651629675682,CN,SeI,control,claymen1,answer,correct
SS1651629675682,CN,SeI,critical,claymen2,answer,causal_historical
SS1651631038398,CN,SeI,control,monkpic1,answer,correct
SS1651631038398,CN,SeI,control,monkpic2,answer,incorrect
SS1651631038398,CN,SeI,control,walter1,answer,correct
SS1651631038398,CN,SeI,control,walter2,answer,correct
SS1651631038398,CN,SeI,critical,superdog1,answer,descriptivist
SS1651631038398,CN,SeI,control,superdog2,answer,correct
SS1651631038398,CN,SeI,control,allheal1,answer,correct
SS1651631038398,CN,SeI,control,allheal2,answer,correct
SS1651631038398,CN,SeI,control,claymen1,answer,correct
SS1651631038398,CN,SeI,critical,claymen2,answer,causal_historical
SS1651631374290,CN,SeI,control,claymen1,answer,correct
SS1651631374290,CN,SeI,critical,claymen2,answer,causal_historical
SS1651631374290,CN,SeI,critical,superdog1,answer,causal_historical
SS1651631374290,CN,SeI,control,superdog2,answer,correct
SS1651631374290,CN,SeI,control,allheal1,answer,correct
SS1651631374290,CN,SeI,control,allheal2,answer,correct
SS1651631374290,CN,SeI,control,monkpic1,answer,correct
SS1651631374290,CN,SeI,control,monkpic2,answer,incorrect
SS1651631374290,CN,SeI,control,walter1,answer,correct
SS1651631374290,CN,SeI,control,walter2,answer,correct
SS1651632269384,CN,SeI,control,monkpic1,answer,correct
SS1651632269384,CN,SeI,control,monkpic2,answer,correct
SS1651632269384,CN,SeI,control,walter1,answer,correct
SS1651632269384,CN,SeI,control,walter2,answer,correct
SS1651632269384,CN,SeI,control,allheal1,answer,correct
SS1651632269384,CN,SeI,control,allheal2,answer,correct
SS1651632269384,CN,SeI,control,claymen1,answer,correct
SS1651632269384,CN,SeI,critical,claymen2,answer,descriptivist
SS1651632269384,CN,SeI,critical,superdog1,answer,descriptivist
SS1651632269384,CN,SeI,control,superdog2,answer,correct
SS1651633449820,CN,SeI,control,monkpic1,answer,correct
SS1651633449820,CN,SeI,control,monkpic2,answer,incorrect
SS1651633449820,CN,SeI,control,walter1,answer,correct
SS1651633449820,CN,SeI,control,walter2,answer,correct
SS1651633449820,CN,SeI,control,claymen1,answer,incorrect
SS1651633449820,CN,SeI,critical,claymen2,answer,causal_historical
SS1651633449820,CN,SeI,control,allheal1,answer,correct
SS1651633449820,CN,SeI,control,allheal2,answer,correct
SS1651633449820,CN,SeI,critical,superdog1,answer,causal_historical
SS1651633449820,CN,SeI,control,superdog2,answer,correct
SS1651634088254,CN,SeI,control,allheal1,answer,correct
SS1651634088254,CN,SeI,control,allheal2,answer,correct
SS1651634088254,CN,SeI,critical,superdog1,answer,causal_historical
SS1651634088254,CN,SeI,control,superdog2,answer,correct
SS1651634088254,CN,SeI,control,claymen1,answer,correct
SS1651634088254,CN,SeI,critical,claymen2,answer,causal_historical
SS1651634088254,CN,SeI,control,monkpic1,answer,correct
SS1651634088254,CN,SeI,control,monkpic2,answer,incorrect
SS1651634088254,CN,SeI,control,walter1,answer,correct
SS1651634088254,CN,SeI,control,walter2,answer,correct
SS1651634616537,CN,SeI,control,allheal1,answer,correct
SS1651634616537,CN,SeI,control,allheal2,answer,correct
SS1651634616537,CN,SeI,control,walter1,answer,correct
SS1651634616537,CN,SeI,control,walter2,answer,incorrect
SS1651634616537,CN,SeI,control,monkpic1,answer,correct
SS1651634616537,CN,SeI,control,monkpic2,answer,incorrect
SS1651634616537,CN,SeI,control,claymen1,answer,correct
SS1651634616537,CN,SeI,critical,claymen2,answer,causal_historical
SS1651634616537,CN,SeI,critical,superdog1,answer,descriptivist
SS1651634616537,CN,SeI,control,superdog2,answer,correct
SS1651634772197,CN,SeI,critical,superdog1,answer,descriptivist
SS1651634772197,CN,SeI,control,superdog2,answer,correct
SS1651634772197,CN,SeI,control,claymen1,answer,correct
SS1651634772197,CN,SeI,critical,claymen2,answer,descriptivist
SS1651634772197,CN,SeI,control,walter1,answer,correct
SS1651634772197,CN,SeI,control,walter2,answer,correct
SS1651634772197,CN,SeI,control,monkpic1,answer,correct
SS1651634772197,CN,SeI,control,monkpic2,answer,correct
SS1651634772197,CN,SeI,control,allheal1,answer,correct
SS1651634772197,CN,SeI,control,allheal2,answer,correct
SS1651636059839,CN,SeI,control,claymen1,answer,correct
SS1651636059839,CN,SeI,critical,claymen2,answer,descriptivist
SS1651636059839,CN,SeI,control,allheal1,answer,correct
SS1651636059839,CN,SeI,control,allheal2,answer,correct
SS1651636059839,CN,SeI,critical,superdog1,answer,descriptivist
SS1651636059839,CN,SeI,control,superdog2,answer,correct
SS1651636059839,CN,SeI,control,monkpic1,answer,correct
SS1651636059839,CN,SeI,control,monkpic2,answer,correct
SS1651636059839,CN,SeI,control,walter1,answer,correct
SS1651636059839,CN,SeI,control,walter2,answer,correct
SS1651637972613,CN,SeI,control,walter1,answer,correct
SS1651637972613,CN,SeI,control,walter2,answer,correct
SS1651637972613,CN,SeI,control,claymen1,answer,correct
SS1651637972613,CN,SeI,critical,claymen2,answer,causal_historical
SS1651637972613,CN,SeI,critical,superdog1,answer,causal_historical
SS1651637972613,CN,SeI,control,superdog2,answer,correct
SS1651637972613,CN,SeI,control,allheal1,answer,correct
SS1651637972613,CN,SeI,control,allheal2,answer,correct
SS1651637972613,CN,SeI,control,monkpic1,answer,correct
SS1651637972613,CN,SeI,control,monkpic2,answer,incorrect
SS1651642739005,CN,SeI,control,monkpic1,answer,correct
SS1651642739005,CN,SeI,control,monkpic2,answer,incorrect
SS1651642739005,CN,SeI,control,walter1,answer,incorrect
SS1651642739005,CN,SeI,control,walter2,answer,incorrect
SS1651642739005,CN,SeI,control,claymen1,answer,correct
SS1651642739005,CN,SeI,critical,claymen2,answer,descriptivist
SS1651642739005,CN,SeI,control,allheal1,answer,correct
SS1651642739005,CN,SeI,control,allheal2,answer,correct
SS1651642739005,CN,SeI,critical,superdog1,answer,descriptivist
SS1651642739005,CN,SeI,control,superdog2,answer,correct
SS1651644576691,CN,SeI,control,monkpic1,answer,correct
SS1651644576691,CN,SeI,control,monkpic2,answer,incorrect
SS1651644576691,CN,SeI,control,claymen1,answer,correct
SS1651644576691,CN,SeI,critical,claymen2,answer,causal_historical
SS1651644576691,CN,SeI,control,allheal1,answer,correct
SS1651644576691,CN,SeI,control,allheal2,answer,correct
SS1651644576691,CN,SeI,control,walter1,answer,correct
SS1651644576691,CN,SeI,control,walter2,answer,correct
SS1651644576691,CN,SeI,critical,superdog1,answer,causal_historical
SS1651644576691,CN,SeI,control,superdog2,answer,correct
SS1651645903803,CN,SeI,control,allheal1,answer,correct
SS1651645903803,CN,SeI,control,allheal2,answer,correct
SS1651645903803,CN,SeI,control,walter1,answer,correct
SS1651645903803,CN,SeI,control,walter2,answer,correct
SS1651645903803,CN,SeI,critical,superdog1,answer,causal_historical
SS1651645903803,CN,SeI,control,superdog2,answer,correct
SS1651645903803,CN,SeI,control,claymen1,answer,correct
SS1651645903803,CN,SeI,critical,claymen2,answer,causal_historical
SS1651645903803,CN,SeI,control,monkpic1,answer,correct
SS1651645903803,CN,SeI,control,monkpic2,answer,incorrect
SS1651648364635,CN,SeI,control,walter1,answer,correct
SS1651648364635,CN,SeI,control,walter2,answer,correct
SS1651648364635,CN,SeI,control,monkpic1,answer,correct
SS1651648364635,CN,SeI,control,monkpic2,answer,incorrect
SS1651648364635,CN,SeI,control,allheal1,answer,correct
SS1651648364635,CN,SeI,control,allheal2,answer,correct
SS1651648364635,CN,SeI,control,claymen1,answer,correct
SS1651648364635,CN,SeI,critical,claymen2,answer,descriptivist
SS1651648364635,CN,SeI,critical,superdog1,answer,descriptivist
SS1651648364635,CN,SeI,control,superdog2,answer,correct
SS1651649525276,CN,SeI,control,claymen1,answer,correct
SS1651649525276,CN,SeI,critical,claymen2,answer,causal_historical
SS1651649525276,CN,SeI,control,allheal1,answer,correct
SS1651649525276,CN,SeI,control,allheal2,answer,correct
SS1651649525276,CN,SeI,critical,superdog1,answer,descriptivist
SS1651649525276,CN,SeI,control,superdog2,answer,correct
SS1651649525276,CN,SeI,control,walter1,answer,correct
SS1651649525276,CN,SeI,control,walter2,answer,correct
SS1651649525276,CN,SeI,control,monkpic1,answer,correct
SS1651649525276,CN,SeI,control,monkpic2,answer,incorrect
SS1651652206023,CN,SeI,control,allheal1,answer,correct
SS1651652206023,CN,SeI,control,allheal2,answer,correct
SS1651652206023,CN,SeI,control,walter1,answer,correct
SS1651652206023,CN,SeI,control,walter2,answer,correct
SS1651652206023,CN,SeI,control,monkpic1,answer,correct
SS1651652206023,CN,SeI,control,monkpic2,answer,incorrect
SS1651652206023,CN,SeI,control,claymen1,answer,correct
SS1651652206023,CN,SeI,critical,claymen2,answer,descriptivist
SS1651652206023,CN,SeI,critical,superdog1,answer,causal_historical
SS1651652206023,CN,SeI,control,superdog2,answer,correct
SS1651652979760,CN,SeI,control,claymen1,answer,correct
SS1651652979760,CN,SeI,critical,claymen2,answer,descriptivist
SS1651652979760,CN,SeI,control,monkpic1,answer,correct
SS1651652979760,CN,SeI,control,monkpic2,answer,correct
SS1651652979760,CN,SeI,control,allheal1,answer,correct
SS1651652979760,CN,SeI,control,allheal2,answer,correct
SS1651652979760,CN,SeI,critical,superdog1,answer,descriptivist
SS1651652979760,CN,SeI,control,superdog2,answer,correct
SS1651652979760,CN,SeI,control,walter1,answer,correct
SS1651652979760,CN,SeI,control,walter2,answer,correct
SS1651654468673,CN,SeI,control,walter1,answer,correct
SS1651654468673,CN,SeI,control,walter2,answer,correct
SS1651654468673,CN,SeI,control,allheal1,answer,correct
SS1651654468673,CN,SeI,control,allheal2,answer,correct
SS1651654468673,CN,SeI,control,monkpic1,answer,correct
SS1651654468673,CN,SeI,control,monkpic2,answer,incorrect
SS1651654468673,CN,SeI,critical,superdog1,answer,causal_historical
SS1651654468673,CN,SeI,control,superdog2,answer,correct
SS1651654468673,CN,SeI,control,claymen1,answer,correct
SS1651654468673,CN,SeI,critical,claymen2,answer,descriptivist
SS1651654992618,CN,SeI,control,monkpic1,answer,correct
SS1651654992618,CN,SeI,control,monkpic2,answer,incorrect
SS1651654992618,CN,SeI,control,allheal1,answer,correct
SS1651654992618,CN,SeI,control,allheal2,answer,correct
SS1651654992618,CN,SeI,critical,superdog1,answer,causal_historical
SS1651654992618,CN,SeI,control,superdog2,answer,correct
SS1651654992618,CN,SeI,control,walter1,answer,correct
SS1651654992618,CN,SeI,control,walter2,answer,correct
SS1651654992618,CN,SeI,control,claymen1,answer,correct
SS1651654992618,CN,SeI,critical,claymen2,answer,causal_historical
SS1651655612985,CN,SeI,control,claymen1,answer,correct
SS1651655612985,CN,SeI,critical,claymen2,answer,causal_historical
SS1651655612985,CN,SeI,critical,superdog1,answer,causal_historical
SS1651655612985,CN,SeI,control,superdog2,answer,correct
SS1651655612985,CN,SeI,control,allheal1,answer,correct
SS1651655612985,CN,SeI,control,allheal2,answer,correct
SS1651655612985,CN,SeI,control,monkpic1,answer,correct
SS1651655612985,CN,SeI,control,monkpic2,answer,incorrect
SS1651655612985,CN,SeI,control,walter1,answer,correct
SS1651655612985,CN,SeI,control,walter2,answer,correct
SS1651660777144,CN,SeI,control,walter1,answer,correct
SS1651660777144,CN,SeI,control,walter2,answer,correct
SS1651660777144,CN,SeI,control,claymen1,answer,correct
SS1651660777144,CN,SeI,critical,claymen2,answer,causal_historical
SS1651660777144,CN,SeI,control,allheal1,answer,correct
SS1651660777144,CN,SeI,control,allheal2,answer,correct
SS1651660777144,CN,SeI,critical,superdog1,answer,causal_historical
SS1651660777144,CN,SeI,control,superdog2,answer,correct
SS1651660777144,CN,SeI,control,monkpic1,answer,correct
SS1651660777144,CN,SeI,control,monkpic2,answer,incorrect
SS1651661370426,CN,SeI,control,walter1,answer,correct
SS1651661370426,CN,SeI,control,walter2,answer,correct
SS1651661370426,CN,SeI,control,allheal1,answer,correct
SS1651661370426,CN,SeI,control,allheal2,answer,correct
SS1651661370426,CN,SeI,control,claymen1,answer,correct
SS1651661370426,CN,SeI,critical,claymen2,answer,causal_historical
SS1651661370426,CN,SeI,critical,superdog1,answer,causal_historical
SS1651661370426,CN,SeI,control,superdog2,answer,correct
SS1651661370426,CN,SeI,control,monkpic1,answer,correct
SS1651661370426,CN,SeI,control,monkpic2,answer,incorrect
SS1651662575870,CN,SeI,control,walter1,answer,incorrect
SS1651662575870,CN,SeI,control,walter2,answer,incorrect
SS1651662575870,CN,SeI,control,monkpic1,answer,correct
SS1651662575870,CN,SeI,control,monkpic2,answer,incorrect
SS1651662575870,CN,SeI,control,allheal1,answer,correct
SS1651662575870,CN,SeI,control,allheal2,answer,correct
SS1651662575870,CN,SeI,control,claymen1,answer,correct
SS1651662575870,CN,SeI,critical,claymen2,answer,causal_historical
SS1651662575870,CN,SeI,critical,superdog1,answer,descriptivist
SS1651662575870,CN,SeI,control,superdog2,answer,correct
SS1651663394470,CN,SeI,control,monkpic1,answer,correct
SS1651663394470,CN,SeI,control,monkpic2,answer,incorrect
SS1651663394470,CN,SeI,control,walter1,answer,correct
SS1651663394470,CN,SeI,control,walter2,answer,correct
SS1651663394470,CN,SeI,control,claymen1,answer,correct
SS1651663394470,CN,SeI,critical,claymen2,answer,causal_historical
SS1651663394470,CN,SeI,control,allheal1,answer,correct
SS1651663394470,CN,SeI,control,allheal2,answer,correct
SS1651663394470,CN,SeI,critical,superdog1,answer,causal_historical
SS1651663394470,CN,SeI,control,superdog2,answer,correct
SS1651664105704,CN,SeI,control,walter1,answer,correct
SS1651664105704,CN,SeI,control,walter2,answer,correct
SS1651664105704,CN,SeI,control,allheal1,answer,correct
SS1651664105704,CN,SeI,control,allheal2,answer,correct
SS1651664105704,CN,SeI,control,claymen1,answer,correct
SS1651664105704,CN,SeI,critical,claymen2,answer,causal_historical
SS1651664105704,CN,SeI,critical,superdog1,answer,descriptivist
SS1651664105704,CN,SeI,control,superdog2,answer,correct
SS1651664105704,CN,SeI,control,monkpic1,answer,correct
SS1651664105704,CN,SeI,control,monkpic2,answer,incorrect
SS1651665034176,CN,SeI,control,allheal1,answer,correct
SS1651665034176,CN,SeI,control,allheal2,answer,correct
SS1651665034176,CN,SeI,control,walter1,answer,correct
SS1651665034176,CN,SeI,control,walter2,answer,correct
SS1651665034176,CN,SeI,control,monkpic1,answer,correct
SS1651665034176,CN,SeI,control,monkpic2,answer,incorrect
SS1651665034176,CN,SeI,control,claymen1,answer,correct
SS1651665034176,CN,SeI,critical,claymen2,answer,causal_historical
SS1651665034176,CN,SeI,critical,superdog1,answer,descriptivist
SS1651665034176,CN,SeI,control,superdog2,answer,correct
SS1651666650135,CN,SeI,critical,superdog1,answer,descriptivist
SS1651666650135,CN,SeI,control,superdog2,answer,correct
SS1651666650135,CN,SeI,control,monkpic1,answer,correct
SS1651666650135,CN,SeI,control,monkpic2,answer,correct
SS1651666650135,CN,SeI,control,walter1,answer,correct
SS1651666650135,CN,SeI,control,walter2,answer,correct
SS1651666650135,CN,SeI,control,allheal1,answer,correct
SS1651666650135,CN,SeI,control,allheal2,answer,correct
SS1651666650135,CN,SeI,control,claymen1,answer,correct
SS1651666650135,CN,SeI,critical,claymen2,answer,descriptivist
SS1651669607417,CN,SeI,control,walter1,answer,incorrect
SS1651669607417,CN,SeI,control,walter2,answer,correct
SS1651669607417,CN,SeI,control,allheal1,answer,correct
SS1651669607417,CN,SeI,control,allheal2,answer,correct
SS1651669607417,CN,SeI,control,monkpic1,answer,correct
SS1651669607417,CN,SeI,control,monkpic2,answer,incorrect
SS1651669607417,CN,SeI,control,claymen1,answer,correct
SS1651669607417,CN,SeI,critical,claymen2,answer,causal_historical
SS1651669607417,CN,SeI,critical,superdog1,answer,causal_historical
SS1651669607417,CN,SeI,control,superdog2,answer,correct
SS1651669856701,CN,SeI,control,walter1,answer,correct
SS1651669856701,CN,SeI,control,walter2,answer,correct
SS1651669856701,CN,SeI,control,allheal1,answer,correct
SS1651669856701,CN,SeI,control,allheal2,answer,correct
SS1651669856701,CN,SeI,control,monkpic1,answer,correct
SS1651669856701,CN,SeI,control,monkpic2,answer,incorrect
SS1651669856701,CN,SeI,control,claymen1,answer,correct
SS1651669856701,CN,SeI,critical,claymen2,answer,causal_historical
SS1651669856701,CN,SeI,critical,superdog1,answer,descriptivist
SS1651669856701,CN,SeI,control,superdog2,answer,correct
SS1651672824225,CN,SeI,control,allheal1,answer,correct
SS1651672824225,CN,SeI,control,allheal2,answer,correct
SS1651672824225,CN,SeI,control,monkpic1,answer,correct
SS1651672824225,CN,SeI,control,monkpic2,answer,incorrect
SS1651672824225,CN,SeI,control,walter1,answer,correct
SS1651672824225,CN,SeI,control,walter2,answer,correct
SS1651672824225,CN,SeI,control,claymen1,answer,correct
SS1651672824225,CN,SeI,critical,claymen2,answer,causal_historical
SS1651672824225,CN,SeI,critical,superdog1,answer,descriptivist
SS1651672824225,CN,SeI,control,superdog2,answer,correct
SS1651674999028,CN,SeI,critical,superdog1,answer,descriptivist
SS1651674999028,CN,SeI,control,superdog2,answer,correct
SS1651674999028,CN,SeI,control,monkpic1,answer,correct
SS1651674999028,CN,SeI,control,monkpic2,answer,incorrect
SS1651674999028,CN,SeI,control,claymen1,answer,correct
SS1651674999028,CN,SeI,critical,claymen2,answer,causal_historical
SS1651674999028,CN,SeI,control,walter1,answer,correct
SS1651674999028,CN,SeI,control,walter2,answer,correct
SS1651674999028,CN,SeI,control,allheal1,answer,correct
SS1651674999028,CN,SeI,control,allheal2,answer,correct
SS1651675575564,CN,SeI,critical,superdog1,answer,descriptivist
SS1651675575564,CN,SeI,control,superdog2,answer,correct
SS1651675575564,CN,SeI,control,allheal1,answer,correct
SS1651675575564,CN,SeI,control,allheal2,answer,correct
SS1651675575564,CN,SeI,control,walter1,answer,correct
SS1651675575564,CN,SeI,control,walter2,answer,correct
SS1651675575564,CN,SeI,control,claymen1,answer,correct
SS1651675575564,CN,SeI,critical,claymen2,answer,descriptivist
SS1651675575564,CN,SeI,control,monkpic1,answer,correct
SS1651675575564,CN,SeI,control,monkpic2,answer,incorrect
SS1651675739437,CN,SeI,control,monkpic1,answer,correct
SS1651675739437,CN,SeI,control,monkpic2,answer,incorrect
SS1651675739437,CN,SeI,control,claymen1,answer,correct
SS1651675739437,CN,SeI,critical,claymen2,answer,causal_historical
SS1651675739437,CN,SeI,critical,superdog1,answer,causal_historical
SS1651675739437,CN,SeI,control,superdog2,answer,correct
SS1651675739437,CN,SeI,control,walter1,answer,correct
SS1651675739437,CN,SeI,control,walter2,answer,correct
SS1651675739437,CN,SeI,control,allheal1,answer,correct
SS1651675739437,CN,SeI,control,allheal2,answer,incorrect
SS1651682617757,CN,SeI,control,allheal1,answer,correct
SS1651682617757,CN,SeI,control,allheal2,answer,correct
SS1651682617757,CN,SeI,control,monkpic1,answer,correct
SS1651682617757,CN,SeI,control,monkpic2,answer,incorrect
SS1651682617757,CN,SeI,control,claymen1,answer,correct
SS1651682617757,CN,SeI,critical,claymen2,answer,causal_historical
SS1651682617757,CN,SeI,critical,superdog1,answer,descriptivist
SS1651682617757,CN,SeI,control,superdog2,answer,correct
SS1651682617757,CN,SeI,control,walter1,answer,correct
SS1651682617757,CN,SeI,control,walter2,answer,correct
SS1651705155608,CN,SeI,control,claymen1,answer,correct
SS1651705155608,CN,SeI,critical,claymen2,answer,causal_historical
SS1651705155608,CN,SeI,critical,superdog1,answer,causal_historical
SS1651705155608,CN,SeI,control,superdog2,answer,correct
SS1651705155608,CN,SeI,control,allheal1,answer,correct
SS1651705155608,CN,SeI,control,allheal2,answer,correct
SS1651705155608,CN,SeI,control,monkpic1,answer,correct
SS1651705155608,CN,SeI,control,monkpic2,answer,incorrect
SS1651705155608,CN,SeI,control,walter1,answer,correct
SS1651705155608,CN,SeI,control,walter2,answer,correct
SS1651713128281,CN,SeI,control,monkpic1,answer,correct
SS1651713128281,CN,SeI,control,monkpic2,answer,incorrect
SS1651713128281,CN,SeI,control,claymen1,answer,correct
SS1651713128281,CN,SeI,critical,claymen2,answer,descriptivist
SS1651713128281,CN,SeI,critical,superdog1,answer,descriptivist
SS1651713128281,CN,SeI,control,superdog2,answer,correct
SS1651713128281,CN,SeI,control,walter1,answer,correct
SS1651713128281,CN,SeI,control,walter2,answer,correct
SS1651713128281,CN,SeI,control,allheal1,answer,correct
SS1651713128281,CN,SeI,control,allheal2,answer,correct
SS1651721379726,CN,SeI,control,claymen1,answer,correct
SS1651721379726,CN,SeI,critical,claymen2,answer,descriptivist
SS1651721379726,CN,SeI,control,allheal1,answer,correct
SS1651721379726,CN,SeI,control,allheal2,answer,correct
SS1651721379726,CN,SeI,control,monkpic1,answer,correct
SS1651721379726,CN,SeI,control,monkpic2,answer,correct
SS1651721379726,CN,SeI,critical,superdog1,answer,causal_historical
SS1651721379726,CN,SeI,control,superdog2,answer,incorrect
SS1651721379726,CN,SeI,control,walter1,answer,correct
SS1651721379726,CN,SeI,control,walter2,answer,correct
SS1651724542208,CN,SeI,control,allheal1,answer,correct
SS1651724542208,CN,SeI,control,allheal2,answer,correct
SS1651724542208,CN,SeI,critical,superdog1,answer,descriptivist
SS1651724542208,CN,SeI,control,superdog2,answer,correct
SS1651724542208,CN,SeI,control,walter1,answer,correct
SS1651724542208,CN,SeI,control,walter2,answer,correct
SS1651724542208,CN,SeI,control,monkpic1,answer,correct
SS1651724542208,CN,SeI,control,monkpic2,answer,incorrect
SS1651724542208,CN,SeI,control,claymen1,answer,correct
SS1651724542208,CN,SeI,critical,claymen2,answer,descriptivist
SS1651726203467,CN,SeI,control,allheal1,answer,correct
SS1651726203467,CN,SeI,control,allheal2,answer,correct
SS1651726203467,CN,SeI,critical,superdog1,answer,descriptivist
SS1651726203467,CN,SeI,control,superdog2,answer,correct
SS1651726203467,CN,SeI,control,walter1,answer,correct
SS1651726203467,CN,SeI,control,walter2,answer,correct
SS1651726203467,CN,SeI,control,monkpic1,answer,correct
SS1651726203467,CN,SeI,control,monkpic2,answer,incorrect
SS1651726203467,CN,SeI,control,claymen1,answer,correct
SS1651726203467,CN,SeI,critical,claymen2,answer,descriptivist
SS1651727116955,CN,SeI,control,walter1,answer,correct
SS1651727116955,CN,SeI,control,walter2,answer,correct
SS1651727116955,CN,SeI,control,monkpic1,answer,correct
SS1651727116955,CN,SeI,control,monkpic2,answer,incorrect
SS1651727116955,CN,SeI,control,allheal1,answer,correct
SS1651727116955,CN,SeI,control,allheal2,answer,correct
SS1651727116955,CN,SeI,control,claymen1,answer,correct
SS1651727116955,CN,SeI,critical,claymen2,answer,descriptivist
SS1651727116955,CN,SeI,critical,superdog1,answer,descriptivist
SS1651727116955,CN,SeI,control,superdog2,answer,correct
SS1651727696486,CN,SeI,control,claymen1,answer,correct
SS1651727696486,CN,SeI,critical,claymen2,answer,causal_historical
SS1651727696486,CN,SeI,control,walter1,answer,incorrect
SS1651727696486,CN,SeI,control,walter2,answer,correct
SS1651727696486,CN,SeI,critical,superdog1,answer,causal_historical
SS1651727696486,CN,SeI,control,superdog2,answer,correct
SS1651727696486,CN,SeI,control,allheal1,answer,incorrect
SS1651727696486,CN,SeI,control,allheal2,answer,incorrect
SS1651727696486,CN,SeI,control,monkpic1,answer,correct
SS1651727696486,CN,SeI,control,monkpic2,answer,correct
SS1651728177417,CN,SeI,critical,superdog1,answer,causal_historical
SS1651728177417,CN,SeI,control,superdog2,answer,correct
SS1651728177417,CN,SeI,control,claymen1,answer,correct
SS1651728177417,CN,SeI,critical,claymen2,answer,causal_historical
SS1651728177417,CN,SeI,control,monkpic1,answer,correct
SS1651728177417,CN,SeI,control,monkpic2,answer,incorrect
SS1651728177417,CN,SeI,control,walter1,answer,correct
SS1651728177417,CN,SeI,control,walter2,answer,correct
SS1651728177417,CN,SeI,control,allheal1,answer,correct
SS1651728177417,CN,SeI,control,allheal2,answer,correct
SS1651729682124,CN,SeI,control,allheal1,answer,correct
SS1651729682124,CN,SeI,control,allheal2,answer,correct
SS1651729682124,CN,SeI,critical,superdog1,answer,descriptivist
SS1651729682124,CN,SeI,control,superdog2,answer,correct
SS1651729682124,CN,SeI,control,monkpic1,answer,correct
SS1651729682124,CN,SeI,control,monkpic2,answer,incorrect
SS1651729682124,CN,SeI,control,walter1,answer,correct
SS1651729682124,CN,SeI,control,walter2,answer,correct
SS1651729682124,CN,SeI,control,claymen1,answer,correct
SS1651729682124,CN,SeI,critical,claymen2,answer,descriptivist
SS1651729792731,CN,SeI,control,claymen1,answer,correct
SS1651729792731,CN,SeI,critical,claymen2,answer,causal_historical
SS1651729792731,CN,SeI,critical,superdog1,answer,causal_historical
SS1651729792731,CN,SeI,control,superdog2,answer,correct
SS1651729792731,CN,SeI,control,monkpic1,answer,correct
SS1651729792731,CN,SeI,control,monkpic2,answer,incorrect
SS1651729792731,CN,SeI,control,walter1,answer,correct
SS1651729792731,CN,SeI,control,walter2,answer,correct
SS1651729792731,CN,SeI,control,allheal1,answer,correct
SS1651729792731,CN,SeI,control,allheal2,answer,correct
SS1651731235827,CN,SeI,control,allheal1,answer,correct
SS1651731235827,CN,SeI,control,allheal2,answer,correct
SS1651731235827,CN,SeI,control,monkpic1,answer,correct
SS1651731235827,CN,SeI,control,monkpic2,answer,incorrect
SS1651731235827,CN,SeI,critical,superdog1,answer,causal_historical
SS1651731235827,CN,SeI,control,superdog2,answer,correct
SS1651731235827,CN,SeI,control,claymen1,answer,correct
SS1651731235827,CN,SeI,critical,claymen2,answer,causal_historical
SS1651731235827,CN,SeI,control,walter1,answer,correct
SS1651731235827,CN,SeI,control,walter2,answer,correct
SS1651732296508,CN,SeI,control,walter1,answer,correct
SS1651732296508,CN,SeI,control,walter2,answer,correct
SS1651732296508,CN,SeI,control,allheal1,answer,incorrect
SS1651732296508,CN,SeI,control,allheal2,answer,correct
SS1651732296508,CN,SeI,control,claymen1,answer,incorrect
SS1651732296508,CN,SeI,critical,claymen2,answer,causal_historical
SS1651732296508,CN,SeI,critical,superdog1,answer,descriptivist
SS1651732296508,CN,SeI,control,superdog2,answer,correct
SS1651732296508,CN,SeI,control,monkpic1,answer,correct
SS1651732296508,CN,SeI,control,monkpic2,answer,correct
SS1651734446265,CN,SeI,critical,superdog1,answer,descriptivist
SS1651734446265,CN,SeI,control,superdog2,answer,correct
SS1651734446265,CN,SeI,control,claymen1,answer,correct
SS1651734446265,CN,SeI,critical,claymen2,answer,descriptivist
SS1651734446265,CN,SeI,control,allheal1,answer,correct
SS1651734446265,CN,SeI,control,allheal2,answer,correct
SS1651734446265,CN,SeI,control,walter1,answer,correct
SS1651734446265,CN,SeI,control,walter2,answer,correct
SS1651734446265,CN,SeI,control,monkpic1,answer,correct
SS1651734446265,CN,SeI,control,monkpic2,answer,incorrect
SS1651737005457,CN,SeI,control,allheal1,answer,correct
SS1651737005457,CN,SeI,control,allheal2,answer,correct
SS1651737005457,CN,SeI,control,monkpic1,answer,correct
SS1651737005457,CN,SeI,control,monkpic2,answer,incorrect
SS1651737005457,CN,SeI,control,claymen1,answer,correct
SS1651737005457,CN,SeI,critical,claymen2,answer,causal_historical
SS1651737005457,CN,SeI,control,walter1,answer,correct
SS1651737005457,CN,SeI,control,walter2,answer,correct
SS1651737005457,CN,SeI,critical,superdog1,answer,causal_historical
SS1651737005457,CN,SeI,control,superdog2,answer,correct
SS1651737139245,CN,SeI,control,claymen1,answer,correct
SS1651737139245,CN,SeI,critical,claymen2,answer,causal_historical
SS1651737139245,CN,SeI,control,allheal1,answer,correct
SS1651737139245,CN,SeI,control,allheal2,answer,correct
SS1651737139245,CN,SeI,control,monkpic1,answer,correct
SS1651737139245,CN,SeI,control,monkpic2,answer,incorrect
SS1651737139245,CN,SeI,control,walter1,answer,correct
SS1651737139245,CN,SeI,control,walter2,answer,correct
SS1651737139245,CN,SeI,critical,superdog1,answer,causal_historical
SS1651737139245,CN,SeI,control,superdog2,answer,correct
SS1651739183035,CN,SeI,critical,superdog1,answer,causal_historical
SS1651739183035,CN,SeI,control,superdog2,answer,correct
SS1651739183035,CN,SeI,control,allheal1,answer,correct
SS1651739183035,CN,SeI,control,allheal2,answer,correct
SS1651739183035,CN,SeI,control,monkpic1,answer,correct
SS1651739183035,CN,SeI,control,monkpic2,answer,incorrect
SS1651739183035,CN,SeI,control,walter1,answer,correct
SS1651739183035,CN,SeI,control,walter2,answer,correct
SS1651739183035,CN,SeI,control,claymen1,answer,correct
SS1651739183035,CN,SeI,critical,claymen2,answer,causal_historical
SS1651740018095,CN,SeI,control,claymen1,answer,correct
SS1651740018095,CN,SeI,critical,claymen2,answer,causal_historical
SS1651740018095,CN,SeI,control,allheal1,answer,correct
SS1651740018095,CN,SeI,control,allheal2,answer,correct
SS1651740018095,CN,SeI,critical,superdog1,answer,causal_historical
SS1651740018095,CN,SeI,control,superdog2,answer,correct
SS1651740018095,CN,SeI,control,walter1,answer,correct
SS1651740018095,CN,SeI,control,walter2,answer,correct
SS1651740018095,CN,SeI,control,monkpic1,answer,correct
SS1651740018095,CN,SeI,control,monkpic2,answer,incorrect
SS1651742060593,CN,SeI,critical,superdog1,answer,causal_historical
SS1651742060593,CN,SeI,control,superdog2,answer,correct
SS1651742060593,CN,SeI,control,walter1,answer,correct
SS1651742060593,CN,SeI,control,walter2,answer,incorrect
SS1651742060593,CN,SeI,control,allheal1,answer,correct
SS1651742060593,CN,SeI,control,allheal2,answer,correct
SS1651742060593,CN,SeI,control,monkpic1,answer,correct
SS1651742060593,CN,SeI,control,monkpic2,answer,incorrect
SS1651742060593,CN,SeI,control,claymen1,answer,correct
SS1651742060593,CN,SeI,critical,claymen2,answer,causal_historical
SS1651743246534,CN,SeI,critical,superdog1,answer,causal_historical
SS1651743246534,CN,SeI,control,superdog2,answer,correct
SS1651743246534,CN,SeI,control,allheal1,answer,correct
SS1651743246534,CN,SeI,control,allheal2,answer,correct
SS1651743246534,CN,SeI,control,monkpic1,answer,correct
SS1651743246534,CN,SeI,control,monkpic2,answer,incorrect
SS1651743246534,CN,SeI,control,claymen1,answer,correct
SS1651743246534,CN,SeI,critical,claymen2,answer,causal_historical
SS1651743246534,CN,SeI,control,walter1,answer,incorrect
SS1651743246534,CN,SeI,control,walter2,answer,incorrect
SS1651744688510,CN,SeI,control,claymen1,answer,correct
SS1651744688510,CN,SeI,critical,claymen2,answer,causal_historical
SS1651744688510,CN,SeI,control,walter1,answer,correct
SS1651744688510,CN,SeI,control,walter2,answer,correct
SS1651744688510,CN,SeI,control,allheal1,answer,correct
SS1651744688510,CN,SeI,control,allheal2,answer,correct
SS1651744688510,CN,SeI,control,monkpic1,answer,correct
SS1651744688510,CN,SeI,control,monkpic2,answer,incorrect
SS1651744688510,CN,SeI,critical,superdog1,answer,descriptivist
SS1651744688510,CN,SeI,control,superdog2,answer,correct
SS1651744829480,CN,SeI,control,claymen1,answer,correct
SS1651744829480,CN,SeI,critical,claymen2,answer,causal_historical
SS1651744829480,CN,SeI,control,monkpic1,answer,correct
SS1651744829480,CN,SeI,control,monkpic2,answer,incorrect
SS1651744829480,CN,SeI,control,walter1,answer,correct
SS1651744829480,CN,SeI,control,walter2,answer,correct
SS1651744829480,CN,SeI,control,allheal1,answer,correct
SS1651744829480,CN,SeI,control,allheal2,answer,correct
SS1651744829480,CN,SeI,critical,superdog1,answer,causal_historical
SS1651744829480,CN,SeI,control,superdog2,answer,correct
SS1651747335475,CN,SeI,control,monkpic1,answer,correct
SS1651747335475,CN,SeI,control,monkpic2,answer,incorrect
SS1651747335475,CN,SeI,control,allheal1,answer,correct
SS1651747335475,CN,SeI,control,allheal2,answer,correct
SS1651747335475,CN,SeI,critical,superdog1,answer,descriptivist
SS1651747335475,CN,SeI,control,superdog2,answer,correct
SS1651747335475,CN,SeI,control,claymen1,answer,correct
SS1651747335475,CN,SeI,critical,claymen2,answer,descriptivist
SS1651747335475,CN,SeI,control,walter1,answer,correct
SS1651747335475,CN,SeI,control,walter2,answer,incorrect
SS1651748703908,CN,SeI,control,claymen1,answer,correct
SS1651748703908,CN,SeI,critical,claymen2,answer,descriptivist
SS1651748703908,CN,SeI,control,allheal1,answer,correct
SS1651748703908,CN,SeI,control,allheal2,answer,correct
SS1651748703908,CN,SeI,critical,superdog1,answer,descriptivist
SS1651748703908,CN,SeI,control,superdog2,answer,correct
SS1651748703908,CN,SeI,control,walter1,answer,correct
SS1651748703908,CN,SeI,control,walter2,answer,correct
SS1651748703908,CN,SeI,control,monkpic1,answer,correct
SS1651748703908,CN,SeI,control,monkpic2,answer,incorrect
SS1651751338853,CN,SeI,control,allheal1,answer,correct
SS1651751338853,CN,SeI,control,allheal2,answer,correct
SS1651751338853,CN,SeI,control,walter1,answer,correct
SS1651751338853,CN,SeI,control,walter2,answer,correct
SS1651751338853,CN,SeI,control,claymen1,answer,correct
SS1651751338853,CN,SeI,critical,claymen2,answer,causal_historical
SS1651751338853,CN,SeI,control,monkpic1,answer,correct
SS1651751338853,CN,SeI,control,monkpic2,answer,incorrect
SS1651751338853,CN,SeI,critical,superdog1,answer,causal_historical
SS1651751338853,CN,SeI,control,superdog2,answer,correct
SS1651751579584,CN,SeI,control,claymen1,answer,correct
SS1651751579584,CN,SeI,critical,claymen2,answer,causal_historical
SS1651751579584,CN,SeI,control,allheal1,answer,correct
SS1651751579584,CN,SeI,control,allheal2,answer,correct
SS1651751579584,CN,SeI,control,walter1,answer,correct
SS1651751579584,CN,SeI,control,walter2,answer,correct
SS1651751579584,CN,SeI,control,monkpic1,answer,correct
SS1651751579584,CN,SeI,control,monkpic2,answer,incorrect
SS1651751579584,CN,SeI,critical,superdog1,answer,causal_historical
SS1651751579584,CN,SeI,control,superdog2,answer,correct
SS1651761786814,CN,SeI,control,claymen1,answer,correct
SS1651761786814,CN,SeI,critical,claymen2,answer,descriptivist
SS1651761786814,CN,SeI,control,walter1,answer,correct
SS1651761786814,CN,SeI,control,walter2,answer,correct
SS1651761786814,CN,SeI,control,monkpic1,answer,correct
SS1651761786814,CN,SeI,control,monkpic2,answer,correct
SS1651761786814,CN,SeI,control,allheal1,answer,correct
SS1651761786814,CN,SeI,control,allheal2,answer,correct
SS1651761786814,CN,SeI,critical,superdog1,answer,descriptivist
SS1651761786814,CN,SeI,control,superdog2,answer,correct
SS1651762141455,CN,SeI,control,allheal1,answer,correct
SS1651762141455,CN,SeI,control,allheal2,answer,correct
SS1651762141455,CN,SeI,control,monkpic1,answer,correct
SS1651762141455,CN,SeI,control,monkpic2,answer,incorrect
SS1651762141455,CN,SeI,critical,superdog1,answer,causal_historical
SS1651762141455,CN,SeI,control,superdog2,answer,correct
SS1651762141455,CN,SeI,control,walter1,answer,correct
SS1651762141455,CN,SeI,control,walter2,answer,correct
SS1651762141455,CN,SeI,control,claymen1,answer,correct
SS1651762141455,CN,SeI,critical,claymen2,answer,causal_historical
SS1651763037034,CN,SeI,control,allheal1,answer,correct
SS1651763037034,CN,SeI,control,allheal2,answer,correct
SS1651763037034,CN,SeI,control,walter1,answer,correct
SS1651763037034,CN,SeI,control,walter2,answer,correct
SS1651763037034,CN,SeI,control,claymen1,answer,correct
SS1651763037034,CN,SeI,critical,claymen2,answer,descriptivist
SS1651763037034,CN,SeI,critical,superdog1,answer,descriptivist
SS1651763037034,CN,SeI,control,superdog2,answer,correct
SS1651763037034,CN,SeI,control,monkpic1,answer,correct
SS1651763037034,CN,SeI,control,monkpic2,answer,correct
SS1651764193629,CN,SeI,control,claymen1,answer,correct
SS1651764193629,CN,SeI,critical,claymen2,answer,descriptivist
SS1651764193629,CN,SeI,critical,superdog1,answer,descriptivist
SS1651764193629,CN,SeI,control,superdog2,answer,correct
SS1651764193629,CN,SeI,control,allheal1,answer,correct
SS1651764193629,CN,SeI,control,allheal2,answer,correct
SS1651764193629,CN,SeI,control,monkpic1,answer,correct
SS1651764193629,CN,SeI,control,monkpic2,answer,correct
SS1651764193629,CN,SeI,control,walter1,answer,correct
SS1651764193629,CN,SeI,control,walter2,answer,correct
SS1651765169248,CN,SeI,control,claymen1,answer,correct
SS1651765169248,CN,SeI,critical,claymen2,answer,descriptivist
SS1651765169248,CN,SeI,control,monkpic1,answer,correct
SS1651765169248,CN,SeI,control,monkpic2,answer,incorrect
SS1651765169248,CN,SeI,critical,superdog1,answer,descriptivist
SS1651765169248,CN,SeI,control,superdog2,answer,correct
SS1651765169248,CN,SeI,control,walter1,answer,correct
SS1651765169248,CN,SeI,control,walter2,answer,correct
SS1651765169248,CN,SeI,control,allheal1,answer,correct
SS1651765169248,CN,SeI,control,allheal2,answer,correct
SS1651765469703,CN,SeI,control,monkpic1,answer,correct
SS1651765469703,CN,SeI,control,monkpic2,answer,incorrect
SS1651765469703,CN,SeI,control,walter1,answer,correct
SS1651765469703,CN,SeI,control,walter2,answer,correct
SS1651765469703,CN,SeI,control,allheal1,answer,correct
SS1651765469703,CN,SeI,control,allheal2,answer,correct
SS1651765469703,CN,SeI,critical,superdog1,answer,descriptivist
SS1651765469703,CN,SeI,control,superdog2,answer,correct
SS1651765469703,CN,SeI,control,claymen1,answer,incorrect
SS1651765469703,CN,SeI,critical,claymen2,answer,causal_historical
SS1651765894743,CN,SeI,control,monkpic1,answer,correct
SS1651765894743,CN,SeI,control,monkpic2,answer,incorrect
SS1651765894743,CN,SeI,control,claymen1,answer,correct
SS1651765894743,CN,SeI,critical,claymen2,answer,causal_historical
SS1651765894743,CN,SeI,control,walter1,answer,correct
SS1651765894743,CN,SeI,control,walter2,answer,correct
SS1651765894743,CN,SeI,critical,superdog1,answer,descriptivist
SS1651765894743,CN,SeI,control,superdog2,answer,correct
SS1651765894743,CN,SeI,control,allheal1,answer,correct
SS1651765894743,CN,SeI,control,allheal2,answer,correct
SS1651765911820,CN,SeI,control,allheal1,answer,correct
SS1651765911820,CN,SeI,control,allheal2,answer,correct
SS1651765911820,CN,SeI,control,claymen1,answer,correct
SS1651765911820,CN,SeI,critical,claymen2,answer,causal_historical
SS1651765911820,CN,SeI,critical,superdog1,answer,causal_historical
SS1651765911820,CN,SeI,control,superdog2,answer,correct
SS1651765911820,CN,SeI,control,monkpic1,answer,correct
SS1651765911820,CN,SeI,control,monkpic2,answer,incorrect
SS1651765911820,CN,SeI,control,walter1,answer,correct
SS1651765911820,CN,SeI,control,walter2,answer,correct
SS1651767555827,CN,SeI,control,allheal1,answer,correct
SS1651767555827,CN,SeI,control,allheal2,answer,correct
SS1651767555827,CN,SeI,critical,superdog1,answer,causal_historical
SS1651767555827,CN,SeI,control,superdog2,answer,correct
SS1651767555827,CN,SeI,control,monkpic1,answer,correct
SS1651767555827,CN,SeI,control,monkpic2,answer,incorrect
SS1651767555827,CN,SeI,control,claymen1,answer,correct
SS1651767555827,CN,SeI,critical,claymen2,answer,causal_historical
SS1651767555827,CN,SeI,control,walter1,answer,correct
SS1651767555827,CN,SeI,control,walter2,answer,correct
SS1651769304707,CN,SeI,control,walter1,answer,correct
SS1651769304707,CN,SeI,control,walter2,answer,correct
SS1651769304707,CN,SeI,control,allheal1,answer,correct
SS1651769304707,CN,SeI,control,allheal2,answer,correct
SS1651769304707,CN,SeI,critical,superdog1,answer,descriptivist
SS1651769304707,CN,SeI,control,superdog2,answer,correct
SS1651769304707,CN,SeI,control,claymen1,answer,correct
SS1651769304707,CN,SeI,critical,claymen2,answer,descriptivist
SS1651769304707,CN,SeI,control,monkpic1,answer,correct
SS1651769304707,CN,SeI,control,monkpic2,answer,correct
SS1651771465459,CN,SeI,control,walter1,answer,correct
SS1651771465459,CN,SeI,control,walter2,answer,correct
SS1651771465459,CN,SeI,control,allheal1,answer,correct
SS1651771465459,CN,SeI,control,allheal2,answer,correct
SS1651771465459,CN,SeI,control,monkpic1,answer,correct
SS1651771465459,CN,SeI,control,monkpic2,answer,incorrect
SS1651771465459,CN,SeI,critical,superdog1,answer,causal_historical
SS1651771465459,CN,SeI,control,superdog2,answer,correct
SS1651771465459,CN,SeI,control,claymen1,answer,incorrect
SS1651771465459,CN,SeI,critical,claymen2,answer,causal_historical
SS1651783487150,CN,SeI,critical,superdog1,answer,causal_historical
SS1651783487150,CN,SeI,control,superdog2,answer,correct
SS1651783487150,CN,SeI,control,allheal1,answer,correct
SS1651783487150,CN,SeI,control,allheal2,answer,correct
SS1651783487150,CN,SeI,control,claymen1,answer,correct
SS1651783487150,CN,SeI,critical,claymen2,answer,causal_historical
SS1651783487150,CN,SeI,control,walter1,answer,correct
SS1651783487150,CN,SeI,control,walter2,answer,correct
SS1651783487150,CN,SeI,control,monkpic1,answer,incorrect
SS1651783487150,CN,SeI,control,monkpic2,answer,incorrect
SS1651798074227,CN,SeI,critical,superdog1,answer,descriptivist
SS1651798074227,CN,SeI,control,superdog2,answer,correct
SS1651798074227,CN,SeI,control,allheal1,answer,correct
SS1651798074227,CN,SeI,control,allheal2,answer,correct
SS1651798074227,CN,SeI,control,claymen1,answer,correct
SS1651798074227,CN,SeI,critical,claymen2,answer,descriptivist
SS1651798074227,CN,SeI,control,walter1,answer,correct
SS1651798074227,CN,SeI,control,walter2,answer,correct
SS1651798074227,CN,SeI,control,monkpic1,answer,correct
SS1651798074227,CN,SeI,control,monkpic2,answer,incorrect
SS1651799596238,CN,SeI,critical,superdog1,answer,causal_historical
SS1651799596238,CN,SeI,control,superdog2,answer,correct
SS1651799596238,CN,SeI,control,claymen1,answer,correct
SS1651799596238,CN,SeI,critical,claymen2,answer,causal_historical
SS1651799596238,CN,SeI,control,walter1,answer,correct
SS1651799596238,CN,SeI,control,walter2,answer,correct
SS1651799596238,CN,SeI,control,monkpic1,answer,correct
SS1651799596238,CN,SeI,control,monkpic2,answer,correct
SS1651799596238,CN,SeI,control,allheal1,answer,correct
SS1651799596238,CN,SeI,control,allheal2,answer,correct
SS1651802919199,CN,SeI,control,claymen1,answer,correct
SS1651802919199,CN,SeI,critical,claymen2,answer,causal_historical
SS1651802919199,CN,SeI,control,monkpic1,answer,correct
SS1651802919199,CN,SeI,control,monkpic2,answer,correct
SS1651802919199,CN,SeI,control,allheal1,answer,correct
SS1651802919199,CN,SeI,control,allheal2,answer,correct
SS1651802919199,CN,SeI,control,walter1,answer,correct
SS1651802919199,CN,SeI,control,walter2,answer,correct
SS1651802919199,CN,SeI,critical,superdog1,answer,causal_historical
SS1651802919199,CN,SeI,control,superdog2,answer,incorrect
SS1651804378273,CN,SeI,control,allheal1,answer,correct
SS1651804378273,CN,SeI,control,allheal2,answer,correct
SS1651804378273,CN,SeI,control,monkpic1,answer,correct
SS1651804378273,CN,SeI,control,monkpic2,answer,incorrect
SS1651804378273,CN,SeI,critical,superdog1,answer,causal_historical
SS1651804378273,CN,SeI,control,superdog2,answer,correct
SS1651804378273,CN,SeI,control,claymen1,answer,correct
SS1651804378273,CN,SeI,critical,claymen2,answer,descriptivist
SS1651804378273,CN,SeI,control,walter1,answer,correct
SS1651804378273,CN,SeI,control,walter2,answer,incorrect
SS1651804729362,CN,SeI,control,allheal1,answer,incorrect
SS1651804729362,CN,SeI,control,allheal2,answer,incorrect
SS1651804729362,CN,SeI,control,monkpic1,answer,incorrect
SS1651804729362,CN,SeI,control,monkpic2,answer,incorrect
SS1651804729362,CN,SeI,control,walter1,answer,correct
SS1651804729362,CN,SeI,control,walter2,answer,correct
SS1651804729362,CN,SeI,critical,superdog1,answer,descriptivist
SS1651804729362,CN,SeI,control,superdog2,answer,incorrect
SS1651804729362,CN,SeI,control,claymen1,answer,incorrect
SS1651804729362,CN,SeI,critical,claymen2,answer,descriptivist
SS1651804768520,CN,SeI,critical,superdog1,answer,causal_historical
SS1651804768520,CN,SeI,control,superdog2,answer,correct
SS1651804768520,CN,SeI,control,walter1,answer,correct
SS1651804768520,CN,SeI,control,walter2,answer,correct
SS1651804768520,CN,SeI,control,allheal1,answer,correct
SS1651804768520,CN,SeI,control,allheal2,answer,correct
SS1651804768520,CN,SeI,control,monkpic1,answer,correct
SS1651804768520,CN,SeI,control,monkpic2,answer,incorrect
SS1651804768520,CN,SeI,control,claymen1,answer,correct
SS1651804768520,CN,SeI,critical,claymen2,answer,causal_historical
SS1651806183814,CN,SeI,critical,superdog1,answer,descriptivist
SS1651806183814,CN,SeI,control,superdog2,answer,correct
SS1651806183814,CN,SeI,control,monkpic1,answer,correct
SS1651806183814,CN,SeI,control,monkpic2,answer,incorrect
SS1651806183814,CN,SeI,control,walter1,answer,correct
SS1651806183814,CN,SeI,control,walter2,answer,correct
SS1651806183814,CN,SeI,control,claymen1,answer,correct
SS1651806183814,CN,SeI,critical,claymen2,answer,causal_historical
SS1651806183814,CN,SeI,control,allheal1,answer,correct
SS1651806183814,CN,SeI,control,allheal2,answer,correct
SS1651807227958,CN,SeI,control,walter1,answer,correct
SS1651807227958,CN,SeI,control,walter2,answer,correct
SS1651807227958,CN,SeI,control,monkpic1,answer,correct
SS1651807227958,CN,SeI,control,monkpic2,answer,incorrect
SS1651807227958,CN,SeI,critical,superdog1,answer,descriptivist
SS1651807227958,CN,SeI,control,superdog2,answer,correct
SS1651807227958,CN,SeI,control,claymen1,answer,correct
SS1651807227958,CN,SeI,critical,claymen2,answer,descriptivist
SS1651807227958,CN,SeI,control,allheal1,answer,correct
SS1651807227958,CN,SeI,control,allheal2,answer,correct
SS1651807671427,CN,SeI,control,walter1,answer,correct
SS1651807671427,CN,SeI,control,walter2,answer,correct
SS1651807671427,CN,SeI,control,claymen1,answer,correct
SS1651807671427,CN,SeI,critical,claymen2,answer,causal_historical
SS1651807671427,CN,SeI,control,monkpic1,answer,correct
SS1651807671427,CN,SeI,control,monkpic2,answer,incorrect
SS1651807671427,CN,SeI,critical,superdog1,answer,causal_historical
SS1651807671427,CN,SeI,control,superdog2,answer,correct
SS1651807671427,CN,SeI,control,allheal1,answer,correct
SS1651807671427,CN,SeI,control,allheal2,answer,correct
SS1651809674248,CN,SeI,control,walter1,answer,correct
SS1651809674248,CN,SeI,control,walter2,answer,correct
SS1651809674248,CN,SeI,control,monkpic1,answer,correct
SS1651809674248,CN,SeI,control,monkpic2,answer,incorrect
SS1651809674248,CN,SeI,control,claymen1,answer,correct
SS1651809674248,CN,SeI,critical,claymen2,answer,causal_historical
SS1651809674248,CN,SeI,control,allheal1,answer,correct
SS1651809674248,CN,SeI,control,allheal2,answer,correct
SS1651809674248,CN,SeI,critical,superdog1,answer,descriptivist
SS1651809674248,CN,SeI,control,superdog2,answer,correct
SS1651810536901,CN,SeI,control,claymen1,answer,correct
SS1651810536901,CN,SeI,critical,claymen2,answer,causal_historical
SS1651810536901,CN,SeI,control,monkpic1,answer,correct
SS1651810536901,CN,SeI,control,monkpic2,answer,incorrect
SS1651810536901,CN,SeI,control,walter1,answer,correct
SS1651810536901,CN,SeI,control,walter2,answer,correct
SS1651810536901,CN,SeI,critical,superdog1,answer,descriptivist
SS1651810536901,CN,SeI,control,superdog2,answer,correct
SS1651810536901,CN,SeI,control,allheal1,answer,correct
SS1651810536901,CN,SeI,control,allheal2,answer,correct
SS1651810766684,CN,SeI,critical,superdog1,answer,causal_historical
SS1651810766684,CN,SeI,control,superdog2,answer,correct
SS1651810766684,CN,SeI,control,walter1,answer,correct
SS1651810766684,CN,SeI,control,walter2,answer,correct
SS1651810766684,CN,SeI,control,allheal1,answer,correct
SS1651810766684,CN,SeI,control,allheal2,answer,correct
SS1651810766684,CN,SeI,control,monkpic1,answer,correct
SS1651810766684,CN,SeI,control,monkpic2,answer,incorrect
SS1651810766684,CN,SeI,control,claymen1,answer,incorrect
SS1651810766684,CN,SeI,critical,claymen2,answer,descriptivist
SS1651811217708,CN,SeI,control,claymen1,answer,correct
SS1651811217708,CN,SeI,critical,claymen2,answer,descriptivist
SS1651811217708,CN,SeI,control,allheal1,answer,correct
SS1651811217708,CN,SeI,control,allheal2,answer,correct
SS1651811217708,CN,SeI,critical,superdog1,answer,descriptivist
SS1651811217708,CN,SeI,control,superdog2,answer,correct
SS1651811217708,CN,SeI,control,monkpic1,answer,correct
SS1651811217708,CN,SeI,control,monkpic2,answer,incorrect
SS1651811217708,CN,SeI,control,walter1,answer,correct
SS1651811217708,CN,SeI,control,walter2,answer,incorrect
SS1651812084324,CN,SeI,critical,superdog1,answer,descriptivist
SS1651812084324,CN,SeI,control,superdog2,answer,correct
SS1651812084324,CN,SeI,control,walter1,answer,correct
SS1651812084324,CN,SeI,control,walter2,answer,incorrect
SS1651812084324,CN,SeI,control,allheal1,answer,correct
SS1651812084324,CN,SeI,control,allheal2,answer,correct
SS1651812084324,CN,SeI,control,monkpic1,answer,correct
SS1651812084324,CN,SeI,control,monkpic2,answer,incorrect
SS1651812084324,CN,SeI,control,claymen1,answer,correct
SS1651812084324,CN,SeI,critical,claymen2,answer,descriptivist
SS1651813057402,CN,SeI,control,allheal1,answer,correct
SS1651813057402,CN,SeI,control,allheal2,answer,correct
SS1651813057402,CN,SeI,control,monkpic1,answer,correct
SS1651813057402,CN,SeI,control,monkpic2,answer,incorrect
SS1651813057402,CN,SeI,control,claymen1,answer,correct
SS1651813057402,CN,SeI,critical,claymen2,answer,causal_historical
SS1651813057402,CN,SeI,control,walter1,answer,correct
SS1651813057402,CN,SeI,control,walter2,answer,correct
SS1651813057402,CN,SeI,critical,superdog1,answer,causal_historical
SS1651813057402,CN,SeI,control,superdog2,answer,correct
SS1651813633535,CN,SeI,critical,superdog1,answer,descriptivist
SS1651813633535,CN,SeI,control,superdog2,answer,correct
SS1651813633535,CN,SeI,control,monkpic1,answer,correct
SS1651813633535,CN,SeI,control,monkpic2,answer,incorrect
SS1651813633535,CN,SeI,control,claymen1,answer,correct
SS1651813633535,CN,SeI,critical,claymen2,answer,descriptivist
SS1651813633535,CN,SeI,control,allheal1,answer,correct
SS1651813633535,CN,SeI,control,allheal2,answer,correct
SS1651813633535,CN,SeI,control,walter1,answer,correct
SS1651813633535,CN,SeI,control,walter2,answer,correct
SS1651818877028,CN,SeI,control,allheal1,answer,correct
SS1651818877028,CN,SeI,control,allheal2,answer,correct
SS1651818877028,CN,SeI,control,claymen1,answer,correct
SS1651818877028,CN,SeI,critical,claymen2,answer,causal_historical
SS1651818877028,CN,SeI,control,monkpic1,answer,correct
SS1651818877028,CN,SeI,control,monkpic2,answer,incorrect
SS1651818877028,CN,SeI,critical,superdog1,answer,descriptivist
SS1651818877028,CN,SeI,control,superdog2,answer,correct
SS1651818877028,CN,SeI,control,walter1,answer,correct
SS1651818877028,CN,SeI,control,walter2,answer,correct
SS1651819204055,CN,SeI,control,claymen1,answer,correct
SS1651819204055,CN,SeI,critical,claymen2,answer,causal_historical
SS1651819204055,CN,SeI,control,walter1,answer,correct
SS1651819204055,CN,SeI,control,walter2,answer,correct
SS1651819204055,CN,SeI,critical,superdog1,answer,causal_historical
SS1651819204055,CN,SeI,control,superdog2,answer,correct
SS1651819204055,CN,SeI,control,monkpic1,answer,correct
SS1651819204055,CN,SeI,control,monkpic2,answer,incorrect
SS1651819204055,CN,SeI,control,allheal1,answer,correct
SS1651819204055,CN,SeI,control,allheal2,answer,correct
SS1651821991579,CN,SeI,critical,superdog1,answer,descriptivist
SS1651821991579,CN,SeI,control,superdog2,answer,correct
SS1651821991579,CN,SeI,control,monkpic1,answer,correct
SS1651821991579,CN,SeI,control,monkpic2,answer,incorrect
SS1651821991579,CN,SeI,control,walter1,answer,correct
SS1651821991579,CN,SeI,control,walter2,answer,correct
SS1651821991579,CN,SeI,control,claymen1,answer,correct
SS1651821991579,CN,SeI,critical,claymen2,answer,descriptivist
SS1651821991579,CN,SeI,control,allheal1,answer,correct
SS1651821991579,CN,SeI,control,allheal2,answer,correct
SS1651822926317,CN,SeI,control,allheal1,answer,correct
SS1651822926317,CN,SeI,control,allheal2,answer,correct
SS1651822926317,CN,SeI,control,walter1,answer,correct
SS1651822926317,CN,SeI,control,walter2,answer,correct
SS1651822926317,CN,SeI,control,claymen1,answer,correct
SS1651822926317,CN,SeI,critical,claymen2,answer,causal_historical
SS1651822926317,CN,SeI,control,monkpic1,answer,correct
SS1651822926317,CN,SeI,control,monkpic2,answer,incorrect
SS1651822926317,CN,SeI,critical,superdog1,answer,causal_historical
SS1651822926317,CN,SeI,control,superdog2,answer,correct
SS1651827681410,CN,SeI,control,monkpic1,answer,correct
SS1651827681410,CN,SeI,control,monkpic2,answer,incorrect
SS1651827681410,CN,SeI,control,allheal1,answer,correct
SS1651827681410,CN,SeI,control,allheal2,answer,correct
SS1651827681410,CN,SeI,control,claymen1,answer,correct
SS1651827681410,CN,SeI,critical,claymen2,answer,descriptivist
SS1651827681410,CN,SeI,control,walter1,answer,correct
SS1651827681410,CN,SeI,control,walter2,answer,correct
SS1651827681410,CN,SeI,critical,superdog1,answer,descriptivist
SS1651827681410,CN,SeI,control,superdog2,answer,correct
SS1651828791480,CN,SeI,critical,superdog1,answer,causal_historical
SS1651828791480,CN,SeI,control,superdog2,answer,correct
SS1651828791480,CN,SeI,control,allheal1,answer,correct
SS1651828791480,CN,SeI,control,allheal2,answer,incorrect
SS1651828791480,CN,SeI,control,monkpic1,answer,correct
SS1651828791480,CN,SeI,control,monkpic2,answer,incorrect
SS1651828791480,CN,SeI,control,claymen1,answer,correct
SS1651828791480,CN,SeI,critical,claymen2,answer,causal_historical
SS1651828791480,CN,SeI,control,walter1,answer,correct
SS1651828791480,CN,SeI,control,walter2,answer,correct
SS1651835352625,CN,SeI,control,allheal1,answer,correct
SS1651835352625,CN,SeI,control,allheal2,answer,correct
SS1651835352625,CN,SeI,control,walter1,answer,correct
SS1651835352625,CN,SeI,control,walter2,answer,correct
SS1651835352625,CN,SeI,critical,superdog1,answer,descriptivist
SS1651835352625,CN,SeI,control,superdog2,answer,correct
SS1651835352625,CN,SeI,control,monkpic1,answer,correct
SS1651835352625,CN,SeI,control,monkpic2,answer,incorrect
SS1651835352625,CN,SeI,control,claymen1,answer,correct
SS1651835352625,CN,SeI,critical,claymen2,answer,causal_historical
SS1651837328638,CN,SeI,control,claymen1,answer,correct
SS1651837328638,CN,SeI,critical,claymen2,answer,causal_historical
SS1651837328638,CN,SeI,control,allheal1,answer,correct
SS1651837328638,CN,SeI,control,allheal2,answer,incorrect
SS1651837328638,CN,SeI,control,monkpic1,answer,correct
SS1651837328638,CN,SeI,control,monkpic2,answer,incorrect
SS1651837328638,CN,SeI,control,walter1,answer,correct
SS1651837328638,CN,SeI,control,walter2,answer,correct
SS1651837328638,CN,SeI,critical,superdog1,answer,causal_historical
SS1651837328638,CN,SeI,control,superdog2,answer,correct
SS1651837445397,CN,SeI,control,claymen1,answer,correct
SS1651837445397,CN,SeI,critical,claymen2,answer,descriptivist
SS1651837445397,CN,SeI,critical,superdog1,answer,descriptivist
SS1651837445397,CN,SeI,control,superdog2,answer,correct
SS1651837445397,CN,SeI,control,allheal1,answer,correct
SS1651837445397,CN,SeI,control,allheal2,answer,correct
SS1651837445397,CN,SeI,control,walter1,answer,correct
SS1651837445397,CN,SeI,control,walter2,answer,correct
SS1651837445397,CN,SeI,control,monkpic1,answer,correct
SS1651837445397,CN,SeI,control,monkpic2,answer,incorrect
SS1651837683659,CN,SeI,control,walter1,answer,correct
SS1651837683659,CN,SeI,control,walter2,answer,correct
SS1651837683659,CN,SeI,control,allheal1,answer,correct
SS1651837683659,CN,SeI,control,allheal2,answer,correct
SS1651837683659,CN,SeI,control,claymen1,answer,correct
SS1651837683659,CN,SeI,critical,claymen2,answer,descriptivist
SS1651837683659,CN,SeI,control,monkpic1,answer,correct
SS1651837683659,CN,SeI,control,monkpic2,answer,incorrect
SS1651837683659,CN,SeI,critical,superdog1,answer,descriptivist
SS1651837683659,CN,SeI,control,superdog2,answer,correct
SS1651839455332,CN,SeI,control,monkpic1,answer,correct
SS1651839455332,CN,SeI,control,monkpic2,answer,incorrect
SS1651839455332,CN,SeI,control,walter1,answer,correct
SS1651839455332,CN,SeI,control,walter2,answer,correct
SS1651839455332,CN,SeI,control,allheal1,answer,correct
SS1651839455332,CN,SeI,control,allheal2,answer,correct
SS1651839455332,CN,SeI,critical,superdog1,answer,descriptivist
SS1651839455332,CN,SeI,control,superdog2,answer,correct
SS1651839455332,CN,SeI,control,claymen1,answer,correct
SS1651839455332,CN,SeI,critical,claymen2,answer,descriptivist
SS1651840732818,CN,SeI,control,allheal1,answer,correct
SS1651840732818,CN,SeI,control,allheal2,answer,correct
SS1651840732818,CN,SeI,critical,superdog1,answer,descriptivist
SS1651840732818,CN,SeI,control,superdog2,answer,correct
SS1651840732818,CN,SeI,control,claymen1,answer,correct
SS1651840732818,CN,SeI,critical,claymen2,answer,descriptivist
SS1651840732818,CN,SeI,control,monkpic1,answer,correct
SS1651840732818,CN,SeI,control,monkpic2,answer,incorrect
SS1651840732818,CN,SeI,control,walter1,answer,correct
SS1651840732818,CN,SeI,control,walter2,answer,correct
SS1651840989750,CN,SeI,critical,superdog1,answer,descriptivist
SS1651840989750,CN,SeI,control,superdog2,answer,correct
SS1651840989750,CN,SeI,control,allheal1,answer,correct
SS1651840989750,CN,SeI,control,allheal2,answer,correct
SS1651840989750,CN,SeI,control,monkpic1,answer,correct
SS1651840989750,CN,SeI,control,monkpic2,answer,incorrect
SS1651840989750,CN,SeI,control,claymen1,answer,correct
SS1651840989750,CN,SeI,critical,claymen2,answer,descriptivist
SS1651840989750,CN,SeI,control,walter1,answer,correct
SS1651840989750,CN,SeI,control,walter2,answer,correct
SS1651842824466,CN,SeI,critical,superdog1,answer,descriptivist
SS1651842824466,CN,SeI,control,superdog2,answer,correct
SS1651842824466,CN,SeI,control,claymen1,answer,correct
SS1651842824466,CN,SeI,critical,claymen2,answer,descriptivist
SS1651842824466,CN,SeI,control,allheal1,answer,correct
SS1651842824466,CN,SeI,control,allheal2,answer,correct
SS1651842824466,CN,SeI,control,walter1,answer,correct
SS1651842824466,CN,SeI,control,walter2,answer,correct
SS1651842824466,CN,SeI,control,monkpic1,answer,incorrect
SS1651842824466,CN,SeI,control,monkpic2,answer,correct
SS1651844131204,CN,SeI,critical,superdog1,answer,causal_historical
SS1651844131204,CN,SeI,control,superdog2,answer,correct
SS1651844131204,CN,SeI,control,allheal1,answer,correct
SS1651844131204,CN,SeI,control,allheal2,answer,correct
SS1651844131204,CN,SeI,control,walter1,answer,correct
SS1651844131204,CN,SeI,control,walter2,answer,correct
SS1651844131204,CN,SeI,control,monkpic1,answer,correct
SS1651844131204,CN,SeI,control,monkpic2,answer,incorrect
SS1651844131204,CN,SeI,control,claymen1,answer,correct
SS1651844131204,CN,SeI,critical,claymen2,answer,causal_historical
SS1651845522237,CN,SeI,control,claymen1,answer,correct
SS1651845522237,CN,SeI,critical,claymen2,answer,causal_historical
SS1651845522237,CN,SeI,control,monkpic1,answer,correct
SS1651845522237,CN,SeI,control,monkpic2,answer,incorrect
SS1651845522237,CN,SeI,control,walter1,answer,correct
SS1651845522237,CN,SeI,control,walter2,answer,correct
SS1651845522237,CN,SeI,critical,superdog1,answer,descriptivist
SS1651845522237,CN,SeI,control,superdog2,answer,correct
SS1651845522237,CN,SeI,control,allheal1,answer,correct
SS1651845522237,CN,SeI,control,allheal2,answer,correct
SS1651845673245,CN,SeI,control,allheal1,answer,correct
SS1651845673245,CN,SeI,control,allheal2,answer,correct
SS1651845673245,CN,SeI,control,walter1,answer,correct
SS1651845673245,CN,SeI,control,walter2,answer,correct
SS1651845673245,CN,SeI,control,claymen1,answer,incorrect
SS1651845673245,CN,SeI,critical,claymen2,answer,causal_historical
SS1651845673245,CN,SeI,control,monkpic1,answer,correct
SS1651845673245,CN,SeI,control,monkpic2,answer,correct
SS1651845673245,CN,SeI,critical,superdog1,answer,descriptivist
SS1651845673245,CN,SeI,control,superdog2,answer,correct
SS1651847391324,CN,SeI,control,allheal1,answer,correct
SS1651847391324,CN,SeI,control,allheal2,answer,correct
SS1651847391324,CN,SeI,critical,superdog1,answer,causal_historical
SS1651847391324,CN,SeI,control,superdog2,answer,correct
SS1651847391324,CN,SeI,control,walter1,answer,correct
SS1651847391324,CN,SeI,control,walter2,answer,correct
SS1651847391324,CN,SeI,control,claymen1,answer,correct
SS1651847391324,CN,SeI,critical,claymen2,answer,causal_historical
SS1651847391324,CN,SeI,control,monkpic1,answer,correct
SS1651847391324,CN,SeI,control,monkpic2,answer,incorrect
SS1651849043017,CN,SeI,critical,superdog1,answer,causal_historical
SS1651849043017,CN,SeI,control,superdog2,answer,correct
SS1651849043017,CN,SeI,control,claymen1,answer,correct
SS1651849043017,CN,SeI,critical,claymen2,answer,causal_historical
SS1651849043017,CN,SeI,control,monkpic1,answer,correct
SS1651849043017,CN,SeI,control,monkpic2,answer,incorrect
SS1651849043017,CN,SeI,control,walter1,answer,correct
SS1651849043017,CN,SeI,control,walter2,answer,correct
SS1651849043017,CN,SeI,control,allheal1,answer,correct
SS1651849043017,CN,SeI,control,allheal2,answer,correct
SS1651849550334,CN,SeI,control,walter1,answer,incorrect
SS1651849550334,CN,SeI,control,walter2,answer,correct
SS1651849550334,CN,SeI,critical,superdog1,answer,descriptivist
SS1651849550334,CN,SeI,control,superdog2,answer,correct
SS1651849550334,CN,SeI,control,claymen1,answer,correct
SS1651849550334,CN,SeI,critical,claymen2,answer,descriptivist
SS1651849550334,CN,SeI,control,allheal1,answer,correct
SS1651849550334,CN,SeI,control,allheal2,answer,correct
SS1651849550334,CN,SeI,control,monkpic1,answer,correct
SS1651849550334,CN,SeI,control,monkpic2,answer,incorrect
SS1651890985414,CN,SeI,control,walter1,answer,correct
SS1651890985414,CN,SeI,control,walter2,answer,correct
SS1651890985414,CN,SeI,control,claymen1,answer,correct
SS1651890985414,CN,SeI,critical,claymen2,answer,causal_historical
SS1651890985414,CN,SeI,control,allheal1,answer,correct
SS1651890985414,CN,SeI,control,allheal2,answer,correct
SS1651890985414,CN,SeI,critical,superdog1,answer,descriptivist
SS1651890985414,CN,SeI,control,superdog2,answer,correct
SS1651890985414,CN,SeI,control,monkpic1,answer,correct
SS1651890985414,CN,SeI,control,monkpic2,answer,incorrect
SS1651891187280,CN,SeI,control,walter1,answer,correct
SS1651891187280,CN,SeI,control,walter2,answer,correct
SS1651891187280,CN,SeI,critical,superdog1,answer,causal_historical
SS1651891187280,CN,SeI,control,superdog2,answer,correct
SS1651891187280,CN,SeI,control,claymen1,answer,incorrect
SS1651891187280,CN,SeI,critical,claymen2,answer,causal_historical
SS1651891187280,CN,SeI,control,allheal1,answer,correct
SS1651891187280,CN,SeI,control,allheal2,answer,correct
SS1651891187280,CN,SeI,control,monkpic1,answer,correct
SS1651891187280,CN,SeI,control,monkpic2,answer,incorrect
SS1651897042062,CN,SeI,critical,superdog1,answer,causal_historical
SS1651897042062,CN,SeI,control,superdog2,answer,correct
SS1651897042062,CN,SeI,control,allheal1,answer,correct
SS1651897042062,CN,SeI,control,allheal2,answer,correct
SS1651897042062,CN,SeI,control,monkpic1,answer,correct
SS1651897042062,CN,SeI,control,monkpic2,answer,incorrect
SS1651897042062,CN,SeI,control,claymen1,answer,correct
SS1651897042062,CN,SeI,critical,claymen2,answer,causal_historical
SS1651897042062,CN,SeI,control,walter1,answer,correct
SS1651897042062,CN,SeI,control,walter2,answer,correct
SS1651901964830,CN,SeI,critical,superdog1,answer,causal_historical
SS1651901964830,CN,SeI,control,superdog2,answer,correct
SS1651901964830,CN,SeI,control,walter1,answer,correct
SS1651901964830,CN,SeI,control,walter2,answer,correct
SS1651901964830,CN,SeI,control,claymen1,answer,correct
SS1651901964830,CN,SeI,critical,claymen2,answer,causal_historical
SS1651901964830,CN,SeI,control,allheal1,answer,correct
SS1651901964830,CN,SeI,control,allheal2,answer,correct
SS1651901964830,CN,SeI,control,monkpic1,answer,correct
SS1651901964830,CN,SeI,control,monkpic2,answer,incorrect
SS1651905218784,CN,SeI,critical,superdog1,answer,descriptivist
SS1651905218784,CN,SeI,control,superdog2,answer,correct
SS1651905218784,CN,SeI,control,allheal1,answer,correct
SS1651905218784,CN,SeI,control,allheal2,answer,correct
SS1651905218784,CN,SeI,control,claymen1,answer,correct
SS1651905218784,CN,SeI,critical,claymen2,answer,descriptivist
SS1651905218784,CN,SeI,control,walter1,answer,correct
SS1651905218784,CN,SeI,control,walter2,answer,correct
SS1651905218784,CN,SeI,control,monkpic1,answer,correct
SS1651905218784,CN,SeI,control,monkpic2,answer,incorrect
SS1651906129454,CN,SeI,control,monkpic1,answer,correct
SS1651906129454,CN,SeI,control,monkpic2,answer,incorrect
SS1651906129454,CN,SeI,control,walter1,answer,correct
SS1651906129454,CN,SeI,control,walter2,answer,correct
SS1651906129454,CN,SeI,control,claymen1,answer,correct
SS1651906129454,CN,SeI,critical,claymen2,answer,causal_historical
SS1651906129454,CN,SeI,critical,superdog1,answer,descriptivist
SS1651906129454,CN,SeI,control,superdog2,answer,correct
SS1651906129454,CN,SeI,control,allheal1,answer,correct
SS1651906129454,CN,SeI,control,allheal2,answer,correct
SS1651906568569,CN,SeI,critical,superdog1,answer,causal_historical
SS1651906568569,CN,SeI,control,superdog2,answer,correct
SS1651906568569,CN,SeI,control,walter1,answer,correct
SS1651906568569,CN,SeI,control,walter2,answer,correct
SS1651906568569,CN,SeI,control,allheal1,answer,correct
SS1651906568569,CN,SeI,control,allheal2,answer,correct
SS1651906568569,CN,SeI,control,monkpic1,answer,correct
SS1651906568569,CN,SeI,control,monkpic2,answer,incorrect
SS1651906568569,CN,SeI,control,claymen1,answer,correct
SS1651906568569,CN,SeI,critical,claymen2,answer,descriptivist
SS1651906591158,CN,SeI,critical,superdog1,answer,causal_historical
SS1651906591158,CN,SeI,control,superdog2,answer,correct
SS1651906591158,CN,SeI,control,walter1,answer,correct
SS1651906591158,CN,SeI,control,walter2,answer,correct
SS1651906591158,CN,SeI,control,monkpic1,answer,incorrect
SS1651906591158,CN,SeI,control,monkpic2,answer,correct
SS1651906591158,CN,SeI,control,allheal1,answer,incorrect
SS1651906591158,CN,SeI,control,allheal2,answer,incorrect
SS1651906591158,CN,SeI,control,claymen1,answer,incorrect
SS1651906591158,CN,SeI,critical,claymen2,answer,causal_historical
SS1651906687128,CN,SeI,control,monkpic1,answer,correct
SS1651906687128,CN,SeI,control,monkpic2,answer,incorrect
SS1651906687128,CN,SeI,control,allheal1,answer,correct
SS1651906687128,CN,SeI,control,allheal2,answer,correct
SS1651906687128,CN,SeI,control,claymen1,answer,correct
SS1651906687128,CN,SeI,critical,claymen2,answer,descriptivist
SS1651906687128,CN,SeI,critical,superdog1,answer,descriptivist
SS1651906687128,CN,SeI,control,superdog2,answer,correct
SS1651906687128,CN,SeI,control,walter1,answer,correct
SS1651906687128,CN,SeI,control,walter2,answer,correct
SS1651907106845,CN,SeI,control,monkpic1,answer,correct
SS1651907106845,CN,SeI,control,monkpic2,answer,incorrect
SS1651907106845,CN,SeI,control,allheal1,answer,correct
SS1651907106845,CN,SeI,control,allheal2,answer,correct
SS1651907106845,CN,SeI,critical,superdog1,answer,causal_historical
SS1651907106845,CN,SeI,control,superdog2,answer,correct
SS1651907106845,CN,SeI,control,claymen1,answer,correct
SS1651907106845,CN,SeI,critical,claymen2,answer,causal_historical
SS1651907106845,CN,SeI,control,walter1,answer,correct
SS1651907106845,CN,SeI,control,walter2,answer,correct
SS1651910974793,CN,SeI,control,allheal1,answer,correct
SS1651910974793,CN,SeI,control,allheal2,answer,correct
SS1651910974793,CN,SeI,critical,superdog1,answer,descriptivist
SS1651910974793,CN,SeI,control,superdog2,answer,correct
SS1651910974793,CN,SeI,control,monkpic1,answer,correct
SS1651910974793,CN,SeI,control,monkpic2,answer,correct
SS1651910974793,CN,SeI,control,claymen1,answer,correct
SS1651910974793,CN,SeI,critical,claymen2,answer,causal_historical
SS1651910974793,CN,SeI,control,walter1,answer,correct
SS1651910974793,CN,SeI,control,walter2,answer,correct
SS1651912088419,CN,SeI,control,walter1,answer,correct
SS1651912088419,CN,SeI,control,walter2,answer,correct
SS1651912088419,CN,SeI,control,monkpic1,answer,correct
SS1651912088419,CN,SeI,control,monkpic2,answer,incorrect
SS1651912088419,CN,SeI,control,claymen1,answer,correct
SS1651912088419,CN,SeI,critical,claymen2,answer,descriptivist
SS1651912088419,CN,SeI,critical,superdog1,answer,descriptivist
SS1651912088419,CN,SeI,control,superdog2,answer,incorrect
SS1651912088419,CN,SeI,control,allheal1,answer,correct
SS1651912088419,CN,SeI,control,allheal2,answer,correct
SS1651915236922,CN,SeI,critical,superdog1,answer,causal_historical
SS1651915236922,CN,SeI,control,superdog2,answer,correct
SS1651915236922,CN,SeI,control,allheal1,answer,correct
SS1651915236922,CN,SeI,control,allheal2,answer,correct
SS1651915236922,CN,SeI,control,claymen1,answer,correct
SS1651915236922,CN,SeI,critical,claymen2,answer,causal_historical
SS1651915236922,CN,SeI,control,walter1,answer,correct
SS1651915236922,CN,SeI,control,walter2,answer,correct
SS1651915236922,CN,SeI,control,monkpic1,answer,correct
SS1651915236922,CN,SeI,control,monkpic2,answer,incorrect
SS1651916837690,CN,SeI,critical,superdog1,answer,causal_historical
SS1651916837690,CN,SeI,control,superdog2,answer,correct
SS1651916837690,CN,SeI,control,allheal1,answer,correct
SS1651916837690,CN,SeI,control,allheal2,answer,correct
SS1651916837690,CN,SeI,control,claymen1,answer,correct
SS1651916837690,CN,SeI,critical,claymen2,answer,causal_historical
SS1651916837690,CN,SeI,control,walter1,answer,correct
SS1651916837690,CN,SeI,control,walter2,answer,correct
SS1651916837690,CN,SeI,control,monkpic1,answer,incorrect
SS1651916837690,CN,SeI,control,monkpic2,answer,correct
SS1651916886491,CN,SeI,control,claymen1,answer,correct
SS1651916886491,CN,SeI,critical,claymen2,answer,descriptivist
SS1651916886491,CN,SeI,control,allheal1,answer,correct
SS1651916886491,CN,SeI,control,allheal2,answer,correct
SS1651916886491,CN,SeI,control,walter1,answer,correct
SS1651916886491,CN,SeI,control,walter2,answer,correct
SS1651916886491,CN,SeI,critical,superdog1,answer,descriptivist
SS1651916886491,CN,SeI,control,superdog2,answer,correct
SS1651916886491,CN,SeI,control,monkpic1,answer,correct
SS1651916886491,CN,SeI,control,monkpic2,answer,incorrect
SS1651918483229,CN,SeI,control,allheal1,answer,correct
SS1651918483229,CN,SeI,control,allheal2,answer,correct
SS1651918483229,CN,SeI,control,claymen1,answer,correct
SS1651918483229,CN,SeI,critical,claymen2,answer,causal_historical
SS1651918483229,CN,SeI,critical,superdog1,answer,causal_historical
SS1651918483229,CN,SeI,control,superdog2,answer,correct
SS1651918483229,CN,SeI,control,walter1,answer,correct
SS1651918483229,CN,SeI,control,walter2,answer,correct
SS1651918483229,CN,SeI,control,monkpic1,answer,correct
SS1651918483229,CN,SeI,control,monkpic2,answer,incorrect
SS1651919285907,CN,SeI,control,walter1,answer,correct
SS1651919285907,CN,SeI,control,walter2,answer,correct
SS1651919285907,CN,SeI,control,allheal1,answer,correct
SS1651919285907,CN,SeI,control,allheal2,answer,correct
SS1651919285907,CN,SeI,control,claymen1,answer,correct
SS1651919285907,CN,SeI,critical,claymen2,answer,descriptivist
SS1651919285907,CN,SeI,critical,superdog1,answer,descriptivist
SS1651919285907,CN,SeI,control,superdog2,answer,correct
SS1651919285907,CN,SeI,control,monkpic1,answer,correct
SS1651919285907,CN,SeI,control,monkpic2,answer,incorrect
SS1651921503296,CN,SeI,critical,superdog1,answer,causal_historical
SS1651921503296,CN,SeI,control,superdog2,answer,correct
SS1651921503296,CN,SeI,control,allheal1,answer,correct
SS1651921503296,CN,SeI,control,allheal2,answer,correct
SS1651921503296,CN,SeI,control,walter1,answer,correct
SS1651921503296,CN,SeI,control,walter2,answer,correct
SS1651921503296,CN,SeI,control,claymen1,answer,correct
SS1651921503296,CN,SeI,critical,claymen2,answer,causal_historical
SS1651921503296,CN,SeI,control,monkpic1,answer,correct
SS1651921503296,CN,SeI,control,monkpic2,answer,incorrect
SS1651922816094,CN,SeI,control,monkpic1,answer,correct
SS1651922816094,CN,SeI,control,monkpic2,answer,incorrect
SS1651922816094,CN,SeI,control,claymen1,answer,correct
SS1651922816094,CN,SeI,critical,claymen2,answer,causal_historical
SS1651922816094,CN,SeI,control,allheal1,answer,correct
SS1651922816094,CN,SeI,control,allheal2,answer,correct
SS1651922816094,CN,SeI,critical,superdog1,answer,causal_historical
SS1651922816094,CN,SeI,control,superdog2,answer,correct
SS1651922816094,CN,SeI,control,walter1,answer,correct
SS1651922816094,CN,SeI,control,walter2,answer,correct
SS1651924494966,CN,SeI,control,walter1,answer,correct
SS1651924494966,CN,SeI,control,walter2,answer,correct
SS1651924494966,CN,SeI,control,allheal1,answer,correct
SS1651924494966,CN,SeI,control,allheal2,answer,correct
SS1651924494966,CN,SeI,control,claymen1,answer,correct
SS1651924494966,CN,SeI,critical,claymen2,answer,descriptivist
SS1651924494966,CN,SeI,control,monkpic1,answer,correct
SS1651924494966,CN,SeI,control,monkpic2,answer,incorrect
SS1651924494966,CN,SeI,critical,superdog1,answer,descriptivist
SS1651924494966,CN,SeI,control,superdog2,answer,correct
SS1651926576151,CN,SeI,control,allheal1,answer,correct
SS1651926576151,CN,SeI,control,allheal2,answer,correct
SS1651926576151,CN,SeI,control,claymen1,answer,correct
SS1651926576151,CN,SeI,critical,claymen2,answer,descriptivist
SS1651926576151,CN,SeI,critical,superdog1,answer,descriptivist
SS1651926576151,CN,SeI,control,superdog2,answer,correct
SS1651926576151,CN,SeI,control,monkpic1,answer,correct
SS1651926576151,CN,SeI,control,monkpic2,answer,incorrect
SS1651926576151,CN,SeI,control,walter1,answer,correct
SS1651926576151,CN,SeI,control,walter2,answer,correct
SS1651926856493,CN,SeI,control,monkpic1,answer,correct
SS1651926856493,CN,SeI,control,monkpic2,answer,incorrect
SS1651926856493,CN,SeI,control,allheal1,answer,correct
SS1651926856493,CN,SeI,control,allheal2,answer,correct
SS1651926856493,CN,SeI,control,claymen1,answer,correct
SS1651926856493,CN,SeI,critical,claymen2,answer,causal_historical
SS1651926856493,CN,SeI,control,walter1,answer,correct
SS1651926856493,CN,SeI,control,walter2,answer,correct
SS1651926856493,CN,SeI,critical,superdog1,answer,causal_historical
SS1651926856493,CN,SeI,control,superdog2,answer,correct
SS1651928385240,CN,SeI,critical,superdog1,answer,descriptivist
SS1651928385240,CN,SeI,control,superdog2,answer,incorrect
SS1651928385240,CN,SeI,control,claymen1,answer,incorrect
SS1651928385240,CN,SeI,critical,claymen2,answer,causal_historical
SS1651928385240,CN,SeI,control,walter1,answer,correct
SS1651928385240,CN,SeI,control,walter2,answer,correct
SS1651928385240,CN,SeI,control,allheal1,answer,correct
SS1651928385240,CN,SeI,control,allheal2,answer,incorrect
SS1651928385240,CN,SeI,control,monkpic1,answer,incorrect
SS1651928385240,CN,SeI,control,monkpic2,answer,correct
SS1651932416698,CN,SeI,critical,superdog1,answer,causal_historical
SS1651932416698,CN,SeI,control,superdog2,answer,correct
SS1651932416698,CN,SeI,control,walter1,answer,correct
SS1651932416698,CN,SeI,control,walter2,answer,incorrect
SS1651932416698,CN,SeI,control,allheal1,answer,correct
SS1651932416698,CN,SeI,control,allheal2,answer,correct
SS1651932416698,CN,SeI,control,monkpic1,answer,correct
SS1651932416698,CN,SeI,control,monkpic2,answer,incorrect
SS1651932416698,CN,SeI,control,claymen1,answer,correct
SS1651932416698,CN,SeI,critical,claymen2,answer,causal_historical
SS1651934015946,CN,SeI,control,monkpic1,answer,correct
SS1651934015946,CN,SeI,control,monkpic2,answer,incorrect
SS1651934015946,CN,SeI,critical,superdog1,answer,descriptivist
SS1651934015946,CN,SeI,control,superdog2,answer,correct
SS1651934015946,CN,SeI,control,allheal1,answer,correct
SS1651934015946,CN,SeI,control,allheal2,answer,correct
SS1651934015946,CN,SeI,control,claymen1,answer,correct
SS1651934015946,CN,SeI,critical,claymen2,answer,descriptivist
SS1651934015946,CN,SeI,control,walter1,answer,correct
SS1651934015946,CN,SeI,control,walter2,answer,correct
SS1651616817210,US,CD,context,Description2,RT,20812.69999999553
SS1651616817210,US,CD,focal,Description0,RT,21593
SS1651616817210,US,CD,focal,Description6,RT,4524
SS1651616817210,US,CD,context,Description3,RT,2898.89999999851
SS1651616817210,US,CD,context,Description2,RT,6003.70000000298
SS1651616817210,US,CD,focal,Description6,RT,13262.79999999702
SS1651616817210,US,CD,focal,Description5,RT,6226.89999999851
SS1651616817210,US,CD,focal,Description5,RT,7757.9000000059605
SS1651616817210,US,CD,context,Description1,RT,6346.39999999851
SS1651616817210,US,CD,focal,Description4,RT,3367.0999999940395
SS1651616817210,US,CD,focal,Description4,RT,16417.60000000149
SS1651616817210,US,CD,focal,Description0,RT,14423.90000000596
SS1651616817210,US,CD,context,Description3,RT,9510.79999999702
SS1651616817210,US,CD,context,Description7,RT,39502.10000000149
SS1651616817210,US,CD,focal,Description29,RT,3498.1999999955297
SS1651616817210,US,CD,context,Description7,RT,4789.10000000149
SS1651616817210,US,CD,focal,Description6,RT,4787.60000000149
SS1651616817210,US,CD,focal,Description4,RT,12062
SS1651616817210,US,CD,context,Description1,RT,33573.10000000149
SS1651616817210,US,CD,focal,Description0,RT,22543.10000000149
SS1651616817210,US,CD,context,Description7,RT,15318.80000000447
SS1651616817210,US,CD,context,Description2,RT,27275.60000000149
SS1651616817210,US,CD,context,Description19,RT,14174.70000000298
SS1651616817210,US,CD,context,Description3,RT,7206.5
SS1651616817210,US,CD,context,Description1,RT,3457.39999999851
SS1651616817210,US,CD,context,Description9,RT,20625.79999999702
SS1651616817210,US,CD,focal,Description5,RT,22616.89999999851
SS1651616819170,US,CD,context,Description7,RT,8329.299999952316
SS1651616819170,US,CD,context,Description3,RT,11149.700000047684
SS1651616819170,US,CD,context,Description1,RT,8074.899999856949
SS1651616819170,US,CD,context,Description7,RT,33690.60000014305
SS1651616819170,US,CD,focal,Description6,RT,7255.599999904633
SS1651616819170,US,CD,focal,Description0,RT,11766.599999904633
SS1651616819170,US,CD,context,Description3,RT,3182.899999856949
SS1651616819170,US,CD,context,Description1,RT,13644.5
SS1651616819170,US,CD,focal,Description5,RT,7677.699999809265
SS1651616819170,US,CD,focal,Description5,RT,3919.7999999523163
SS1651616819170,US,CD,context,Description8,RT,4333.299999952316
SS1651616819170,US,CD,focal,Description6,RT,8514.700000047684
SS1651616819170,US,CD,focal,Description4,RT,5709.900000095367
SS1651616819170,US,CD,context,Description9,RT,10413.300000190735
SS1651616819170,US,CD,context,Description1,RT,7138.399999856949
SS1651616819170,US,CD,focal,Description4,RT,15666.100000143051
SS1651616819170,US,CD,focal,Description0,RT,6950
SS1651616819170,US,CD,focal,Description29,RT,5278.5
SS1651616819170,US,CD,context,Description8,RT,16659.400000095367
SS1651616819170,US,CD,context,Description3,RT,3052.7000000476837
SS1651616819170,US,CD,context,Description2,RT,8320.700000047684
SS1651616819170,US,CD,context,Description7,RT,4055.399999856949
SS1651616819170,US,CD,context,Description2,RT,9018
SS1651616819170,US,CD,context,Description19,RT,10112.400000095367
SS1651616819170,US,CD,focal,Description0,RT,8869.600000143051
SS1651616819170,US,CD,focal,Description6,RT,7903.200000047684
SS1651616819170,US,CD,context,Description8,RT,4369.099999904633
SS1651616819170,US,CD,context,Description2,RT,20784.60000014305
SS1651616819170,US,CD,focal,Description4,RT,5801
SS1651616819170,US,CD,focal,Description5,RT,12223.5
SS1651616821119,US,CD,focal,Description0,RT,6283.199999809265
SS1651616821119,US,CD,focal,Description6,RT,2973
SS1651616821119,US,CD,context,Description3,RT,1753.9000000953674
SS1651616821119,US,CD,context,Description7,RT,16863.5
SS1651616821119,US,CD,focal,Description5,RT,4948.700000047684
SS1651616821119,US,CD,context,Description7,RT,5002.799999952316
SS1651616821119,US,CD,context,Description1,RT,8305.5
SS1651616821119,US,CD,focal,Description6,RT,4105.399999856949
SS1651616821119,US,CD,focal,Description0,RT,3169.2000000476837
SS1651616821119,US,CD,focal,Description5,RT,8211.799999952316
SS1651616821119,US,CD,focal,Description6,RT,7723.700000047684
SS1651616821119,US,CD,context,Description3,RT,4222.900000095367
SS1651616821119,US,CD,context,Description9,RT,18808.5
SS1651616821119,US,CD,context,Description1,RT,3068.5999999046326
SS1651616821119,US,CD,context,Description7,RT,25094.299999952316
SS1651616821119,US,CD,context,Description19,RT,6070.700000047684
SS1651616821119,US,CD,focal,Description4,RT,17521
SS1651616821119,US,CD,focal,Description5,RT,4355.399999856949
SS1651616821119,US,CD,focal,Description4,RT,7111.399999856949
SS1651616821119,US,CD,focal,Description4,RT,3113.5999999046326
SS1651616821119,US,CD,context,Description1,RT,4894.799999952316
SS1651616821119,US,CD,focal,Description29,RT,1550.2999999523163
SS1651616821119,US,CD,focal,Description0,RT,17608.39999985695
SS1651616821119,US,CD,context,Description3,RT,11351.299999952316
SS1651616823657,US,CD,context,Description1,RT,9355.699999999255
SS1651616823657,US,CD,context,Description3,RT,4411.5
SS1651616823657,US,CD,context,Description2,RT,10160.900000000373
SS1651616823657,US,CD,focal,Description6,RT,6758.199999999255
SS1651616823657,US,CD,focal,Description29,RT,6668.0999999996275
SS1651616823657,US,CD,focal,Description0,RT,15510.299999998882
SS1651616823657,US,CD,context,Description7,RT,12144.5
SS1651616823657,US,CD,context,Description9,RT,10891.599999999627
SS1651616823657,US,CD,context,Description2,RT,12760.800000000745
SS1651616823657,US,CD,focal,Description4,RT,9161.60000000149
SS1651616823657,US,CD,focal,Description5,RT,25932.599999999627
SS1651616823657,US,CD,context,Description3,RT,21506.300000000745
SS1651616823657,US,CD,focal,Description4,RT,13388.200000001118
SS1651616823657,US,CD,focal,Description4,RT,3604
SS1651616823657,US,CD,focal,Description0,RT,10304.900000000373
SS1651616823657,US,CD,context,Description1,RT,6623.199999999255
SS1651616823657,US,CD,focal,Description5,RT,11825.5
SS1651616823657,US,CD,context,Description2,RT,10918.89999999851
SS1651616823657,US,CD,focal,Description6,RT,22165.300000000745
SS1651616823657,US,CD,focal,Description5,RT,8882.200000001118
SS1651616823657,US,CD,context,Description19,RT,3407.0999999996275
SS1651616823657,US,CD,context,Description3,RT,4224.699999999255
SS1651616823657,US,CD,context,Description1,RT,21022.900000000373
SS1651616823657,US,CD,focal,Description6,RT,18647.599999999627
SS1651616823657,US,CD,context,Description7,RT,8657.099999999627
SS1651616823657,US,CD,context,Description7,RT,12903.099999999627
SS1651616823657,US,CD,focal,Description0,RT,8761.900000000373
SS1651616827589,US,CD,focal,Description4,RT,7094
SS1651616827589,US,CD,context,Description3,RT,3099
SS1651616827589,US,CD,context,Description1,RT,7109
SS1651616827589,US,CD,context,Description2,RT,7726
SS1651616827589,US,CD,context,Description3,RT,1963
SS1651616827589,US,CD,focal,Description0,RT,381
SS1651616827589,US,CD,focal,Description0,RT,3810
SS1651616827589,US,CD,focal,Description29,RT,2115
SS1651616827589,US,CD,focal,Description4,RT,10434
SS1651616827589,US,CD,focal,Description6,RT,4524
SS1651616827589,US,CD,context,Description1,RT,16216
SS1651616827589,US,CD,context,Description1,RT,25428
SS1651616827589,US,CD,focal,Description6,RT,5769
SS1651616827589,US,CD,context,Description2,RT,8720
SS1651616827589,US,CD,context,Description3,RT,21449
SS1651616827589,US,CD,focal,Description4,RT,17298
SS1651616827589,US,CD,context,Description2,RT,5811
SS1651616827589,US,CD,focal,Description0,RT,3658
SS1651616827589,US,CD,context,Description19,RT,4946
SS1651616827589,US,CD,focal,Description6,RT,13649
SS1651616829561,US,CD,focal,Description4,RT,32069.5
SS1651616829561,US,CD,focal,Description5,RT,8186.5999999940395
SS1651616829561,US,CD,context,Description2,RT,4966.4000000059605
SS1651616829561,US,CD,context,Description2,RT,16438.40000000596
SS1651616829561,US,CD,context,Description2,RT,6004.20000000298
SS1651616829561,US,CD,context,Description8,RT,7046
SS1651616829561,US,CD,context,Description9,RT,8474
SS1651616829561,US,CD,focal,Description6,RT,5792.899999991059
SS1651616829561,US,CD,focal,Description5,RT,3330.1000000089407
SS1651616829561,US,CD,context,Description1,RT,4165.399999991059
SS1651616829561,US,CD,focal,Description0,RT,10921.90000000596
SS1651616829561,US,CD,focal,Description0,RT,10026.20000000298
SS1651616829561,US,CD,focal,Description6,RT,7778.29999999702
SS1651616829561,US,CD,context,Description8,RT,2811.0999999940395
SS1651616829561,US,CD,focal,Description4,RT,4260.79999999702
SS1651616829561,US,CD,context,Description1,RT,2749.199999988079
SS1651616829561,US,CD,focal,Description29,RT,2254.2999999970198
SS1651616829561,US,CD,focal,Description6,RT,3870.0999999940395
SS1651616829561,US,CD,context,Description7,RT,2836.2999999970198
SS1651616829561,US,CD,context,Description3,RT,2197.2999999970198
SS1651616829561,US,CD,context,Description19,RT,7938.0999999940395
SS1651616829561,US,CD,context,Description7,RT,31860.5
SS1651616829561,US,CD,context,Description8,RT,2663.5999999940395
SS1651616829561,US,CD,context,Description3,RT,3073.4000000059605
SS1651616829561,US,CD,context,Description7,RT,2963.5
SS1651616829561,US,CD,focal,Description4,RT,6485.5
SS1651616829561,US,CD,context,Description1,RT,10130.90000000596
SS1651616829561,US,CD,focal,Description0,RT,27807.70000000298
SS1651616829561,US,CD,context,Description3,RT,2251.7999999970198
SS1651616829561,US,CD,focal,Description5,RT,15883.60000000894
SS1651616834023,US,CD,focal,Description0,RT,16801.30000001192
SS1651616834023,US,CD,context,Description2,RT,17305.599999964237
SS1651616834023,US,CD,context,Description3,RT,17246.100000023842
SS1651616834023,US,CD,focal,Description4,RT,7760.799999952316
SS1651616834023,US,CD,context,Description1,RT,2505.5
SS1651616834023,US,CD,context,Description7,RT,11381.799999952316
SS1651616834023,US,CD,context,Description8,RT,3679.699999988079
SS1651616834023,US,CD,context,Description9,RT,12916.100000023842
SS1651616834023,US,CD,context,Description2,RT,3175
SS1651616834023,US,CD,context,Description8,RT,7047.399999976158
SS1651616834023,US,CD,focal,Description6,RT,5723.400000035763
SS1651616834023,US,CD,context,Description1,RT,8106.599999964237
SS1651616834023,US,CD,focal,Description29,RT,2098.400000035763
SS1651616834023,US,CD,context,Description8,RT,3555.699999988079
SS1651616834023,US,CD,focal,Description4,RT,6229.300000011921
SS1651616834023,US,CD,focal,Description6,RT,4911.600000023842
SS1651616834023,US,CD,context,Description2,RT,6326.800000011921
SS1651616834023,US,CD,context,Description19,RT,6885.899999976158
SS1651616834023,US,CD,focal,Description5,RT,6808.799999952316
SS1651616834023,US,CD,context,Description7,RT,4000.5
SS1651616834023,US,CD,context,Description1,RT,5870.5
SS1651616834023,US,CD,focal,Description5,RT,6290.699999988079
SS1651616834023,US,CD,focal,Description5,RT,5139.700000047684
SS1651616834023,US,CD,focal,Description0,RT,4051.5
SS1651616834023,US,CD,focal,Description6,RT,5232.699999988079
SS1651616834023,US,CD,context,Description3,RT,2945.2000000476837
SS1651616834023,US,CD,focal,Description4,RT,8731.600000023842
SS1651616834023,US,CD,context,Description7,RT,2855.100000023842
SS1651616834023,US,CD,focal,Description0,RT,4923.400000035763
SS1651616834023,US,CD,context,Description3,RT,1693.7999999523163
SS1651616835091,US,CD,context,Description3,RT,11654
SS1651616835091,US,CD,context,Description1,RT,3189
SS1651616835091,US,CD,focal,Description4,RT,4273
SS1651616835091,US,CD,focal,Description0,RT,9549
SS1651616835091,US,CD,context,Description1,RT,9174
SS1651616835091,US,CD,context,Description2,RT,2406
SS1651616835091,US,CD,context,Description2,RT,11821
SS1651616835091,US,CD,context,Description3,RT,5051
SS1651616835091,US,CD,context,Description1,RT,12981
SS1651616835091,US,CD,focal,Description6,RT,9783
SS1651616835091,US,CD,focal,Description29,RT,8256
SS1651616835091,US,CD,focal,Description6,RT,9269
SS1651616835091,US,CD,context,Description19,RT,3878
SS1651616835091,US,CD,context,Description7,RT,7989
SS1651616835091,US,CD,focal,Description4,RT,12377
SS1651616835091,US,CD,context,Description2,RT,7093
SS1651616835091,US,CD,focal,Description0,RT,16284
SS1651616835091,US,CD,context,Description9,RT,42147
SS1651616835091,US,CD,context,Description7,RT,10795
SS1651616835091,US,CD,focal,Description6,RT,7819
SS1651616835091,US,CD,focal,Description4,RT,14276
SS1651616835091,US,CD,context,Description7,RT,10975
SS1651616835091,US,CD,focal,Description0,RT,23101
SS1651616835091,US,CD,context,Description3,RT,6941
SS1651616837719,US,CD,focal,Description0,RT,3447
SS1651616837719,US,CD,focal,Description0,RT,3365
SS1651616837719,US,CD,focal,Description5,RT,14941
SS1651616837719,US,CD,context,Description3,RT,4869
SS1651616837719,US,CD,context,Description7,RT,12867
SS1651616837719,US,CD,focal,Description5,RT,4058
SS1651616837719,US,CD,context,Description7,RT,14004
SS1651616837719,US,CD,context,Description2,RT,10447
SS1651616837719,US,CD,focal,Description6,RT,4708
SS1651616837719,US,CD,focal,Description6,RT,10258
SS1651616837719,US,CD,context,Description1,RT,2863
SS1651616837719,US,CD,focal,Description5,RT,2891
SS1651616837719,US,CD,context,Description2,RT,5063
SS1651616837719,US,CD,context,Description19,RT,7179
SS1651616837719,US,CD,context,Description1,RT,3383
SS1651616837719,US,CD,focal,Description6,RT,11404
SS1651616837719,US,CD,context,Description1,RT,10227
SS1651616837719,US,CD,context,Description3,RT,5423
SS1651616837719,US,CD,context,Description7,RT,10602
SS1651616837719,US,CD,context,Description3,RT,1870
SS1651616837719,US,CD,focal,Description0,RT,9097
SS1651616837719,US,CD,context,Description2,RT,13388
SS1651616838947,US,CD,context,Description1,RT,7612.4000000059605
SS1651616838947,US,CD,context,Description1,RT,5852.199999988079
SS1651616838947,US,CD,context,Description8,RT,6594.29999999702
SS1651616838947,US,CD,context,Description1,RT,5173.70000000298
SS1651616838947,US,CD,context,Description8,RT,7490
SS1651616838947,US,CD,focal,Description4,RT,5487.600000008941
SS1651616838947,US,CD,context,Description2,RT,11464
SS1651616838947,US,CD,focal,Description5,RT,7537.899999991059
SS1651616838947,US,CD,focal,Description0,RT,10229.79999999702
SS1651616838947,US,CD,focal,Description4,RT,6597.300000011921
SS1651616838947,US,CD,context,Description9,RT,9004.59999999404
SS1651616838947,US,CD,context,Description8,RT,5079.5
SS1651616838947,US,CD,focal,Description6,RT,3534.6000000089407
SS1651616838947,US,CD,context,Description19,RT,10284.39999999106
SS1651616838947,US,CD,focal,Description5,RT,5763.5999999940395
SS1651616838947,US,CD,focal,Description6,RT,8851.79999999702
SS1651616838947,US,CD,focal,Description0,RT,12277.29999999702
SS1651616838947,US,CD,context,Description2,RT,22505.5
SS1651616838947,US,CD,focal,Description5,RT,10357.10000000894
SS1651616838947,US,CD,focal,Description0,RT,4502.20000000298
SS1651616838947,US,CD,context,Description7,RT,4946.29999999702
SS1651616838947,US,CD,focal,Description29,RT,1841.699999988079
SS1651616838947,US,CD,focal,Description6,RT,4003.5999999940395
SS1651616838947,US,CD,focal,Description4,RT,10333.29999999702
SS1651616838947,US,CD,context,Description3,RT,1900.7000000029802
SS1651616838947,US,CD,context,Description7,RT,2517.5999999940395
SS1651616838947,US,CD,context,Description3,RT,5780.600000008941
SS1651616838947,US,CD,context,Description3,RT,1661.2999999970198
SS1651616838947,US,CD,context,Description2,RT,4952
SS1651616838947,US,CD,context,Description7,RT,16558.60000000894
SS1651616839031,US,CD,focal,Description4,RT,14626.799999952316
SS1651616839031,US,CD,focal,Description0,RT,11128.899999856949
SS1651616839031,US,CD,context,Description3,RT,3621.2000000476837
SS1651616839031,US,CD,focal,Description6,RT,3639.399999856949
SS1651616839031,US,CD,context,Description7,RT,2513.2000000476837
SS1651616839031,US,CD,focal,Description4,RT,7470.599999904633
SS1651616839031,US,CD,focal,Description0,RT,12232.800000190735
SS1651616839031,US,CD,context,Description9,RT,6291.700000047684
SS1651616839031,US,CD,context,Description1,RT,10305.599999904633
SS1651616839031,US,CD,focal,Description6,RT,7165
SS1651616839031,US,CD,context,Description3,RT,3902.5999999046326
SS1651616839031,US,CD,context,Description7,RT,24421.800000190735
SS1651616839031,US,CD,focal,Description4,RT,8773
SS1651616839031,US,CD,focal,Description0,RT,15977.100000143051
SS1651616839031,US,CD,context,Description3,RT,10822.599999904633
SS1651616839031,US,CD,context,Description7,RT,2303.800000190735
SS1651616839031,US,CD,focal,Description29,RT,1455.2000000476837
SS1651616839031,US,CD,focal,Description6,RT,6303.599999904633
SS1651616839031,US,CD,context,Description1,RT,5170.299999952316
SS1651616839031,US,CD,context,Description19,RT,2949.899999856949
SS1651616839031,US,CD,context,Description1,RT,3036.5
SS1651616839120,US,CD,focal,Description6,RT,26676.899999999907
SS1651616839120,US,CD,context,Description7,RT,14106.899999999907
SS1651616839120,US,CD,context,Description1,RT,11272.200000000186
SS1651616839120,US,CD,focal,Description4,RT,4151.199999999721
SS1651616839120,US,CD,context,Description3,RT,2428.9000000003725
SS1651616839120,US,CD,context,Description9,RT,9415.69999999972
SS1651616839120,US,CD,context,Description19,RT,9494.799999999814
SS1651616839120,US,CD,context,Description7,RT,7929.200000000186
SS1651616839120,US,CD,focal,Description29,RT,1758.1000000000931
SS1651616839120,US,CD,context,Description3,RT,6814.199999999721
SS1651616839120,US,CD,context,Description3,RT,17371.19999999972
SS1651616839120,US,CD,focal,Description5,RT,21204.69999999972
SS1651616839120,US,CD,context,Description2,RT,3703.4000000003725
SS1651616839120,US,CD,focal,Description5,RT,12042.700000000186
SS1651616839120,US,CD,focal,Description6,RT,11100.600000000093
SS1651616839120,US,CD,context,Description7,RT,28839.5
SS1651616839120,US,CD,focal,Description0,RT,9308.799999999814
SS1651616839120,US,CD,focal,Description4,RT,6927.300000000279
SS1651616839120,US,CD,context,Description2,RT,7592.5
SS1651616839120,US,CD,focal,Description0,RT,4490.5
SS1651616839120,US,CD,context,Description1,RT,13345.399999999907
SS1651616839120,US,CD,context,Description2,RT,13787.400000000373
SS1651616839120,US,CD,focal,Description4,RT,4838
SS1651616839120,US,CD,focal,Description5,RT,9680
SS1651616839120,US,CD,focal,Description0,RT,30946.19999999972
SS1651616839120,US,CD,focal,Description6,RT,4236.700000000186
SS1651616839120,US,CD,context,Description1,RT,10123.80000000028
SS1651616839551,US,CD,context,Description1,RT,6250.800000011921
SS1651616839551,US,CD,context,Description7,RT,7017.699999988079
SS1651616839551,US,CD,context,Description7,RT,13554.399999976158
SS1651616839551,US,CD,focal,Description4,RT,5072.300000011921
SS1651616839551,US,CD,focal,Description6,RT,5021.5
SS1651616839551,US,CD,focal,Description29,RT,1873.7999999821186
SS1651616839551,US,CD,focal,Description6,RT,10065.799999982119
SS1651616839551,US,CD,focal,Description0,RT,8781.5
SS1651616839551,US,CD,focal,Description0,RT,7338.699999988079
SS1651616839551,US,CD,context,Description1,RT,9691.700000017881
SS1651616839551,US,CD,context,Description19,RT,8612.199999988079
SS1651616839551,US,CD,context,Description2,RT,18071.20000001788
SS1651616839551,US,CD,focal,Description4,RT,4812.799999982119
SS1651616839551,US,CD,focal,Description5,RT,8759.300000011921
SS1651616839551,US,CD,focal,Description4,RT,10758.300000011921
SS1651616839551,US,CD,context,Description7,RT,5391
SS1651616839551,US,CD,focal,Description5,RT,7178
SS1651616839551,US,CD,context,Description2,RT,7608.799999982119
SS1651616839551,US,CD,focal,Description6,RT,10786.799999982119
SS1651616839551,US,CD,context,Description2,RT,11410.90000000596
SS1651616839551,US,CD,context,Description1,RT,9381.800000011921
SS1651616839551,US,CD,focal,Description0,RT,12649.899999976158
SS1651616839551,US,CD,context,Description9,RT,5358
SS1651616839551,US,CD,focal,Description5,RT,9473
SS1651616839622,US,CD,context,Description7,RT,16828.800000000745
SS1651616839622,US,CD,context,Description7,RT,18166.199999999255
SS1651616839622,US,CD,context,Description19,RT,19716.699999999255
SS1651616839622,US,CD,context,Description7,RT,8682.89999999851
SS1651616839622,US,CD,focal,Description5,RT,16068.699999999255
SS1651616839622,US,CD,context,Description9,RT,25704.699999999255
SS1651616839622,US,CD,context,Description3,RT,26241.699999999255
SS1651616839622,US,CD,context,Description2,RT,19543.099999997765
SS1651616839622,US,CD,focal,Description4,RT,14324.699999999255
SS1651616839622,US,CD,focal,Description5,RT,33749.5
SS1651616839622,US,CD,context,Description3,RT,19328.79999999702
SS1651616839622,US,CD,focal,Description5,RT,9303.199999999255
SS1651616839622,US,CD,context,Description2,RT,19193.89999999851
SS1651616839622,US,CD,context,Description3,RT,6357.5
SS1651616839622,US,CD,context,Description2,RT,10176
SS1651616839622,US,CD,focal,Description29,RT,15771.199999999255
SS1651616839622,US,CD,focal,Description4,RT,19103.800000000745
SS1651616839622,US,CD,context,Description1,RT,21696.199999999255
SS1651616839622,US,CD,context,Description1,RT,14720.5
SS1651616839622,US,CD,focal,Description4,RT,9523.29999999702
SS1651616839622,US,CD,context,Description1,RT,12304
SS1651616840889,US,CD,focal,Description5,RT,12739.700000047684
SS1651616840889,US,CD,focal,Description6,RT,8977.5
SS1651616840889,US,CD,focal,Description0,RT,12331.799999952316
SS1651616840889,US,CD,focal,Description5,RT,4950.799999952316
SS1651616840889,US,CD,context,Description1,RT,3653.2000000476837
SS1651616840889,US,CD,context,Description3,RT,3533
SS1651616840889,US,CD,context,Description8,RT,4808.099999904633
SS1651616840889,US,CD,focal,Description4,RT,10239
SS1651616840889,US,CD,context,Description7,RT,6382.599999904633
SS1651616840889,US,CD,focal,Description4,RT,10085.299999952316
SS1651616840889,US,CD,focal,Description5,RT,12319.099999904633
SS1651616840889,US,CD,context,Description1,RT,3017.7000000476837
SS1651616840889,US,CD,focal,Description6,RT,14224.299999952316
SS1651616840889,US,CD,focal,Description6,RT,9390
SS1651616840889,US,CD,focal,Description29,RT,2460.9000000953674
SS1651616840889,US,CD,context,Description7,RT,9736.899999856949
SS1651616840889,US,CD,focal,Description0,RT,22693
SS1651616840889,US,CD,context,Description3,RT,10260.599999904633
SS1651616840889,US,CD,context,Description9,RT,10132.599999904633
SS1651616840889,US,CD,context,Description3,RT,3367.5999999046326
SS1651616840889,US,CD,focal,Description0,RT,49589.200000047684
SS1651616840889,US,CD,context,Description8,RT,5317.699999809265
SS1651616840889,US,CD,context,Description2,RT,4761
SS1651616840889,US,CD,context,Description19,RT,5640.799999952316
SS1651616840889,US,CD,context,Description2,RT,8831.900000095367
SS1651616840889,US,CD,context,Description7,RT,3025.399999856949
SS1651616840889,US,CD,context,Description2,RT,8274.399999856949
SS1651616840889,US,CD,context,Description1,RT,9996
SS1651616840889,US,CD,context,Description8,RT,30462.299999952316
SS1651616840889,US,CD,focal,Description4,RT,4986.099999904633
SS1651616841722,US,CD,focal,Description4,RT,3242
SS1651616841722,US,CD,context,Description7,RT,1887.9000000059605
SS1651616841722,US,CD,context,Description8,RT,1528.199999988079
SS1651616841722,US,CD,context,Description7,RT,6095.4000000059605
SS1651616841722,US,CD,focal,Description6,RT,9673
SS1651616841722,US,CD,context,Description8,RT,2418.9000000059605
SS1651616841722,US,CD,focal,Description6,RT,5257.699999988079
SS1651616841722,US,CD,context,Description7,RT,7692.9000000059605
SS1651616841722,US,CD,focal,Description6,RT,4790.300000011921
SS1651616841722,US,CD,context,Description3,RT,1843
SS1651616841722,US,CD,context,Description1,RT,20675.69999998808
SS1651616841722,US,CD,context,Description3,RT,11900.699999988079
SS1651616841722,US,CD,context,Description1,RT,6461.5
SS1651616841722,US,CD,context,Description19,RT,6231.300000011921
SS1651616841722,US,CD,focal,Description0,RT,15253.699999988079
SS1651616841722,US,CD,context,Description2,RT,7035
SS1651616841722,US,CD,context,Description1,RT,9555.59999999404
SS1651616841722,US,CD,context,Description8,RT,57278.5
SS1651616841722,US,CD,focal,Description0,RT,5707.4000000059605
SS1651616841722,US,CD,focal,Description4,RT,8818.5
SS1651616841722,US,CD,context,Description2,RT,3168.5
SS1651616841722,US,CD,focal,Description4,RT,17008.69999998808
SS1651616841722,US,CD,context,Description2,RT,11540.299999982119
SS1651616841722,US,CD,focal,Description29,RT,1954.8999999761581
SS1651616841722,US,CD,focal,Description0,RT,7355.800000011921
SS1651616841722,US,CD,context,Description3,RT,2488.7999999821186
SS1651616841972,US,CD,context,Description2,RT,6135
SS1651616841972,US,CD,context,Description2,RT,8725
SS1651616841972,US,CD,context,Description1,RT,6262
SS1651616841972,US,CD,focal,Description6,RT,10648
SS1651616841972,US,CD,focal,Description4,RT,8445
SS1651616841972,US,CD,context,Description2,RT,16167
SS1651616841972,US,CD,context,Description7,RT,4240
SS1651616841972,US,CD,context,Description9,RT,37427
SS1651616841972,US,CD,focal,Description29,RT,3637
SS1651616841972,US,CD,focal,Description5,RT,14045
SS1651616841972,US,CD,context,Description19,RT,4441
SS1651616841972,US,CD,focal,Description6,RT,5900
SS1651616841972,US,CD,focal,Description4,RT,10793
SS1651616841972,US,CD,focal,Description0,RT,11890
SS1651616841972,US,CD,context,Description7,RT,11879
SS1651616841972,US,CD,focal,Description5,RT,4445
SS1651616841972,US,CD,focal,Description6,RT,5413
SS1651616841972,US,CD,focal,Description5,RT,8197
SS1651616841972,US,CD,context,Description3,RT,2166
SS1651616841972,US,CD,context,Description7,RT,11764
SS1651616841972,US,CD,focal,Description4,RT,8586
SS1651616841972,US,CD,focal,Description0,RT,25648
SS1651616841972,US,CD,context,Description3,RT,13990
SS1651616841972,US,CD,context,Description3,RT,4720
SS1651616841972,US,CD,context,Description1,RT,2910
SS1651616841972,US,CD,focal,Description0,RT,5545
SS1651616841972,US,CD,context,Description1,RT,12604
SS1651616843053,US,CD,context,Description1,RT,29095.5
SS1651616843053,US,CD,focal,Description5,RT,27064.700000047684
SS1651616843053,US,CD,focal,Description4,RT,7812.5
SS1651616843053,US,CD,context,Description2,RT,8077.200000047684
SS1651616843053,US,CD,focal,Description0,RT,12422
SS1651616843053,US,CD,context,Description2,RT,38398
SS1651616843053,US,CD,context,Description7,RT,9070.100000023842
SS1651616843053,US,CD,focal,Description6,RT,58739.60000002384
SS1651616843053,US,CD,context,Description19,RT,8800.900000095367
SS1651616843053,US,CD,context,Description7,RT,37872.800000071526
SS1651616843053,US,CD,focal,Description29,RT,3375.600000023842
SS1651616843053,US,CD,context,Description2,RT,7095.200000047684
SS1651616843053,US,CD,focal,Description6,RT,6043.299999952316
SS1651616843053,US,CD,context,Description7,RT,3044.3000000715256
SS1651616843053,US,CD,context,Description3,RT,16308.799999952316
SS1651616843053,US,CD,context,Description1,RT,7211.800000071526
SS1651616843053,US,CD,focal,Description0,RT,17654.899999976158
SS1651616843053,US,CD,focal,Description4,RT,7681.699999928474
SS1651616843053,US,CD,focal,Description5,RT,8163.900000095367
SS1651616843053,US,CD,focal,Description4,RT,10727.100000023842
SS1651616843053,US,CD,context,Description9,RT,16249.200000047684
SS1651616843053,US,CD,focal,Description0,RT,50859.39999997616
SS1651616843053,US,CD,focal,Description6,RT,6233.199999928474
SS1651616843053,US,CD,context,Description3,RT,2055.5999999046326
SS1651616843053,US,CD,focal,Description5,RT,12317.100000023842
SS1651616843053,US,CD,context,Description1,RT,6208.200000047684
SS1651616843053,US,CD,context,Description3,RT,3377.100000023842
SS1651616844450,US,CD,context,Description2,RT,20693.199999999255
SS1651616844450,US,CD,focal,Description4,RT,13370.400000000373
SS1651616844450,US,CD,focal,Description0,RT,8973.700000001118
SS1651616844450,US,CD,context,Description3,RT,34816.300000000745
SS1651616844450,US,CD,focal,Description6,RT,10478.800000000745
SS1651616844450,US,CD,context,Description7,RT,10836.800000000745
SS1651616844450,US,CD,context,Description1,RT,10219.300000000745
SS1651616844450,US,CD,focal,Description4,RT,13982.599999999627
SS1651616844450,US,CD,context,Description3,RT,2131.199999999255
SS1651616844450,US,CD,focal,Description6,RT,6375.9000000003725
SS1651616844450,US,CD,context,Description19,RT,6350.0999999996275
SS1651616844450,US,CD,focal,Description0,RT,10454.700000001118
SS1651616844450,US,CD,focal,Description5,RT,13652.599999999627
SS1651616844450,US,CD,context,Description7,RT,3105.2999999988824
SS1651616844450,US,CD,focal,Description5,RT,15230
SS1651616844450,US,CD,focal,Description0,RT,13762.599999999627
SS1651616844450,US,CD,context,Description9,RT,24453.799999998882
SS1651616844450,US,CD,focal,Description29,RT,2002.199999999255
SS1651616844450,US,CD,focal,Description4,RT,3398.89999999851
SS1651616844450,US,CD,context,Description1,RT,3133.699999999255
SS1651616844450,US,CD,focal,Description5,RT,8142.10000000149
SS1651616844450,US,CD,context,Description3,RT,5250.799999998882
SS1651616844450,US,CD,context,Description2,RT,3467.199999999255
SS1651616844450,US,CD,focal,Description6,RT,10772.300000000745
SS1651616844450,US,CD,context,Description7,RT,1822.5
SS1651616844450,US,CD,context,Description2,RT,9300.300000000745
SS1651616844450,US,CD,context,Description1,RT,4390.5
SS1651616844684,US,CD,focal,Description6,RT,13950.600000143051
SS1651616844684,US,CD,focal,Description0,RT,2847
SS1651616844684,US,CD,context,Description19,RT,2653.7000000476837
SS1651616844684,US,CD,focal,Description6,RT,2094.4000000953674
SS1651616844684,US,CD,context,Description1,RT,9574.900000095367
SS1651616844684,US,CD,context,Description7,RT,11701.699999809265
SS1651616844684,US,CD,context,Description3,RT,1471
SS1651616844684,US,CD,focal,Description0,RT,10480.400000095367
SS1651616844684,US,CD,context,Description1,RT,4125.599999904633
SS1651616844684,US,CD,context,Description3,RT,5198.799999952316
SS1651616844684,US,CD,focal,Description5,RT,4782
SS1651616844684,US,CD,focal,Description29,RT,3118.5
SS1651616844684,US,CD,context,Description8,RT,1653.9000000953674
SS1651616844684,US,CD,focal,Description5,RT,2070.199999809265
SS1651616844684,US,CD,context,Description7,RT,2775.0999999046326
SS1651616844684,US,CD,context,Description2,RT,1526.5999999046326
SS1651616844684,US,CD,focal,Description5,RT,1614.5
SS1651616844684,US,CD,context,Description8,RT,20086.700000047684
SS1651616844684,US,CD,context,Description9,RT,6038.600000143051
SS1651616844684,US,CD,context,Description2,RT,8717.299999952316
SS1651616844684,US,CD,focal,Description0,RT,5342.299999952316
SS1651616844684,US,CD,context,Description8,RT,2142.5
SS1651616844684,US,CD,context,Description3,RT,1877.1999998092651
SS1651616844684,US,CD,focal,Description4,RT,1709.5999999046326
SS1651616844684,US,CD,context,Description1,RT,7878.5
SS1651616844684,US,CD,context,Description7,RT,4165.399999856949
SS1651616844684,US,CD,context,Description2,RT,1420.7999999523163
SS1651616844684,US,CD,focal,Description4,RT,21990.700000047684
SS1651616844684,US,CD,focal,Description6,RT,2358.300000190735
SS1651616844684,US,CD,focal,Description4,RT,3180.9000000953674
SS1651616844911,US,CD,context,Description2,RT,16698.299999999814
SS1651616844911,US,CD,focal,Description6,RT,2114.1999999997206
SS1651616844911,US,CD,context,Description7,RT,4709.200000000186
SS1651616844911,US,CD,context,Description1,RT,2876.1999999997206
SS1651616844911,US,CD,context,Description19,RT,6204.199999999721
SS1651616844911,US,CD,context,Description2,RT,3551.8000000002794
SS1651616844911,US,CD,focal,Description0,RT,3037.6999999997206
SS1651616844911,US,CD,focal,Description4,RT,8085.9000000003725
SS1651616844911,US,CD,focal,Description6,RT,6512.200000000186
SS1651616844911,US,CD,focal,Description0,RT,2909.2000000001863
SS1651616844911,US,CD,focal,Description6,RT,4264.600000000093
SS1651616844911,US,CD,focal,Description5,RT,22855.100000000093
SS1651616844911,US,CD,context,Description2,RT,5529.0999999996275
SS1651616844911,US,CD,context,Description7,RT,2157
SS1651616844911,US,CD,focal,Description4,RT,2985.7000000001863
SS1651616844911,US,CD,context,Description7,RT,47200.200000000186
SS1651616844911,US,CD,focal,Description5,RT,2347.100000000093
SS1651616844911,US,CD,focal,Description29,RT,11699.100000000093
SS1651616844911,US,CD,context,Description8,RT,6574.200000000186
SS1651616844911,US,CD,context,Description9,RT,7976
SS1651616844911,US,CD,focal,Description4,RT,5050.200000000186
SS1651616844911,US,CD,context,Description8,RT,2204.100000000093
SS1651616844911,US,CD,context,Description8,RT,2802.7000000001863
SS1651616844911,US,CD,focal,Description0,RT,3207.899999999907
SS1651616844911,US,CD,focal,Description5,RT,6081.600000000093
SS1651616844911,US,CD,context,Description1,RT,4976.5
SS1651616844911,US,CD,context,Description3,RT,5347.299999999814
SS1651616844911,US,CD,context,Description1,RT,10891.600000000559
SS1651616844911,US,CD,context,Description3,RT,3048.600000000559
SS1651616844911,US,CD,context,Description3,RT,2337.0999999996275
SS1651616850845,US,CD,context,Description1,RT,16357.844999998575
SS1651616850845,US,CD,context,Description8,RT,15235.57999999309
SS1651616850845,US,CD,context,Description19,RT,21266.309999999125
SS1651616850845,US,CD,context,Description1,RT,10238.364999997197
SS1651616850845,US,CD,focal,Description4,RT,7095.789999999572
SS1651616850845,US,CD,focal,Description5,RT,10675.640000001062
SS1651616850845,US,CD,context,Description3,RT,4932.364999993239
SS1651616850845,US,CD,context,Description2,RT,5709.000000002794
SS1651616850845,US,CD,focal,Description5,RT,33370.009999998845
SS1651616850845,US,CD,focal,Description5,RT,32889.934999999125
SS1651616850845,US,CD,focal,Description4,RT,34402.06499999482
SS1651616850845,US,CD,focal,Description0,RT,11781.834999994375
SS1651616850845,US,CD,context,Description1,RT,8909.394999994896
SS1651616850845,US,CD,context,Description2,RT,12010.470000001136
SS1651616850845,US,CD,focal,Description6,RT,19860.394999996293
SS1651616850845,US,CD,context,Description8,RT,4291.709999997634
SS1651616850845,US,CD,context,Description3,RT,15995.889999998268
SS1651616850845,US,CD,context,Description2,RT,8185.095000000671
SS1651616850845,US,CD,focal,Description6,RT,9235.020000000019
SS1651616850845,US,CD,focal,Description0,RT,18019.959999997634
SS1651616850845,US,CD,focal,Description29,RT,4575.730000004172
SS1651616850845,US,CD,focal,Description4,RT,22804.59499999415
SS1651616850845,US,CD,context,Description3,RT,18466.39000000106
SS1651616850845,US,CD,focal,Description6,RT,20677.56499999808
SS1651616850845,US,CD,context,Description8,RT,15874.61500000069
SS1651616850845,US,CD,focal,Description0,RT,22266.11500000581
SS1651616854167,US,CD,focal,Description29,RT,6396
SS1651616854167,US,CD,focal,Description5,RT,8978
SS1651616854167,US,CD,context,Description2,RT,13789
SS1651616854167,US,CD,focal,Description4,RT,4723
SS1651616854167,US,CD,focal,Description5,RT,8700
SS1651616854167,US,CD,context,Description3,RT,10191
SS1651616854167,US,CD,context,Description1,RT,8284
SS1651616854167,US,CD,context,Description19,RT,8262
SS1651616854167,US,CD,focal,Description6,RT,8109
SS1651616854167,US,CD,context,Description3,RT,5079
SS1651616854167,US,CD,context,Description9,RT,15483
SS1651616854167,US,CD,context,Description2,RT,3410
SS1651616854167,US,CD,context,Description1,RT,13920
SS1651616854167,US,CD,context,Description7,RT,7217
SS1651616854167,US,CD,focal,Description6,RT,6830
SS1651616854167,US,CD,focal,Description0,RT,8454
SS1651616854167,US,CD,focal,Description0,RT,8475
SS1651616854167,US,CD,focal,Description5,RT,6958
SS1651616854167,US,CD,focal,Description4,RT,7222
SS1651616854167,US,CD,context,Description7,RT,6306
SS1651616854167,US,CD,context,Description3,RT,3818
SS1651616854167,US,CD,context,Description7,RT,7474
SS1651616854167,US,CD,context,Description1,RT,12116
SS1651616854167,US,CD,focal,Description6,RT,10377
SS1651616854167,US,CD,context,Description2,RT,15240
SS1651616854167,US,CD,focal,Description4,RT,8746
SS1651616854167,US,CD,focal,Description0,RT,8319
SS1651616854402,US,CD,context,Description2,RT,15078
SS1651616854402,US,CD,context,Description19,RT,11648
SS1651616854402,US,CD,context,Description2,RT,7337
SS1651616854402,US,CD,context,Description7,RT,12367
SS1651616854402,US,CD,context,Description3,RT,5690
SS1651616854402,US,CD,focal,Description0,RT,27047
SS1651616854402,US,CD,context,Description3,RT,8125
SS1651616854402,US,CD,context,Description1,RT,7142
SS1651616854402,US,CD,focal,Description5,RT,13111
SS1651616854402,US,CD,context,Description1,RT,13855
SS1651616854402,US,CD,focal,Description5,RT,8407
SS1651616854402,US,CD,focal,Description4,RT,19174
SS1651616854402,US,CD,focal,Description6,RT,15496
SS1651616854402,US,CD,focal,Description0,RT,19095
SS1651616854402,US,CD,context,Description1,RT,8713
SS1651616854402,US,CD,focal,Description29,RT,6246
SS1651616854402,US,CD,focal,Description4,RT,13956
SS1651616854402,US,CD,focal,Description0,RT,12187
SS1651616854402,US,CD,focal,Description6,RT,20001
SS1651616854402,US,CD,context,Description7,RT,12863
SS1651616854402,US,CD,focal,Description6,RT,8822
SS1651616854402,US,CD,focal,Description5,RT,12471
SS1651616854402,US,CD,context,Description7,RT,19304
SS1651616854402,US,CD,context,Description3,RT,6309
SS1651616854402,US,CD,focal,Description4,RT,8321
SS1651616854402,US,CD,context,Description2,RT,10502
SS1651616854402,US,CD,context,Description9,RT,13533
SS1651616858489,US,CD,focal,Description5,RT,5644.400000095367
SS1651616858489,US,CD,focal,Description5,RT,4299.799999952316
SS1651616858489,US,CD,context,Description9,RT,7404.900000095367
SS1651616858489,US,CD,focal,Description6,RT,3696.5
SS1651616858489,US,CD,focal,Description6,RT,5576.5
SS1651616858489,US,CD,context,Description3,RT,4676.799999952316
SS1651616858489,US,CD,context,Description19,RT,2812.9000000953674
SS1651616858489,US,CD,context,Description2,RT,1750.7000000476837
SS1651616858489,US,CD,context,Description2,RT,7878.900000095367
SS1651616858489,US,CD,focal,Description0,RT,3735.5999999046326
SS1651616858489,US,CD,focal,Description4,RT,3667.5
SS1651616858489,US,CD,context,Description3,RT,4415.299999952316
SS1651616858489,US,CD,context,Description7,RT,33828.800000190735
SS1651616858489,US,CD,focal,Description0,RT,16309.899999856949
SS1651616858489,US,CD,context,Description2,RT,2791.0999999046326
SS1651616858489,US,CD,context,Description1,RT,2620.7999999523163
SS1651616858489,US,CD,focal,Description29,RT,2756.7999999523163
SS1651616858489,US,CD,context,Description3,RT,2669.199999809265
SS1651616858489,US,CD,context,Description1,RT,3309.2000000476837
SS1651616858489,US,CD,focal,Description0,RT,20246.299999952316
SS1651616858489,US,CD,focal,Description4,RT,6573
SS1651616858489,US,CD,focal,Description5,RT,2421
SS1651616858489,US,CD,context,Description7,RT,2478.2999999523163
SS1651616858489,US,CD,context,Description7,RT,2964.2999999523163
SS1651616858489,US,CD,context,Description1,RT,3964.7999999523163
SS1651616858489,US,CD,focal,Description4,RT,3147.2000000476837
SS1651616858489,US,CD,focal,Description6,RT,7372.799999952316
SS1651616860080,US,CD,focal,Description4,RT,9919
SS1651616860080,US,CD,focal,Description6,RT,4100.200000047684
SS1651616860080,US,CD,focal,Description0,RT,9113.5
SS1651616860080,US,CD,context,Description7,RT,7980.700000047684
SS1651616860080,US,CD,context,Description1,RT,5250.200000047684
SS1651616860080,US,CD,focal,Description6,RT,7458.099999904633
SS1651616860080,US,CD,focal,Description29,RT,3325.7000000476837
SS1651616860080,US,CD,focal,Description0,RT,6049.400000095367
SS1651616860080,US,CD,context,Description1,RT,3538.5999999046326
SS1651616860080,US,CD,focal,Description6,RT,4707
SS1651616860080,US,CD,context,Description3,RT,2919.2999999523163
SS1651616860080,US,CD,context,Description3,RT,6340.099999904633
SS1651616860080,US,CD,focal,Description0,RT,4152.200000047684
SS1651616860080,US,CD,context,Description7,RT,8050.700000047684
SS1651616860080,US,CD,context,Description1,RT,6999.5
SS1651616860080,US,CD,context,Description19,RT,6028.799999952316
SS1651616860080,US,CD,focal,Description4,RT,6643.799999952316
SS1651616860080,US,CD,context,Description7,RT,6649.900000095367
SS1651616860080,US,CD,context,Description3,RT,6626.900000095367
SS1651616860080,US,CD,focal,Description4,RT,2965.4000000953674
SS1651616861128,US,CD,focal,Description4,RT,38306
SS1651616861128,US,CD,context,Description1,RT,7608.5
SS1651616861128,US,CD,focal,Description29,RT,5056.800000000745
SS1651616861128,US,CD,focal,Description6,RT,15390.400000002235
SS1651616861128,US,CD,context,Description9,RT,6113
SS1651616861128,US,CD,focal,Description6,RT,6699.099999997765
SS1651616861128,US,CD,context,Description1,RT,9198.800000000745
SS1651616861128,US,CD,context,Description7,RT,3617.39999999851
SS1651616861128,US,CD,focal,Description4,RT,8679.79999999702
SS1651616861128,US,CD,focal,Description6,RT,12446.699999999255
SS1651616861128,US,CD,context,Description19,RT,5113.60000000149
SS1651616861128,US,CD,context,Description2,RT,5935.39999999851
SS1651616861128,US,CD,focal,Description0,RT,6836.400000002235
SS1651616861128,US,CD,context,Description2,RT,6673.400000002235
SS1651616861128,US,CD,context,Description7,RT,20203.599999997765
SS1651616861128,US,CD,context,Description7,RT,7718
SS1651616861128,US,CD,context,Description1,RT,8781.5
SS1651616861128,US,CD,focal,Description0,RT,8404.89999999851
SS1651616861128,US,CD,focal,Description0,RT,10700.300000000745
SS1651616861128,US,CD,focal,Description4,RT,8323.10000000149
SS1651616861128,US,CD,context,Description2,RT,9966.20000000298
SS1651616861546,US,CD,context,Description1,RT,5800.5
SS1651616861546,US,CD,focal,Description29,RT,8383.5
SS1651616861546,US,CD,focal,Description4,RT,7533.400000095367
SS1651616861546,US,CD,focal,Description0,RT,12006.099999904633
SS1651616861546,US,CD,focal,Description6,RT,9248.899999856949
SS1651616861546,US,CD,focal,Description0,RT,8438.899999856949
SS1651616861546,US,CD,context,Description2,RT,11410.299999952316
SS1651616861546,US,CD,focal,Description0,RT,14407.900000095367
SS1651616861546,US,CD,context,Description1,RT,3630.0999999046326
SS1651616861546,US,CD,context,Description7,RT,30661.700000047684
SS1651616861546,US,CD,focal,Description5,RT,7134.400000095367
SS1651616861546,US,CD,context,Description19,RT,7232.899999856949
SS1651616861546,US,CD,focal,Description6,RT,16212.200000047684
SS1651616861546,US,CD,focal,Description6,RT,4372.5
SS1651616861546,US,CD,context,Description2,RT,8273.5
SS1651616861546,US,CD,context,Description1,RT,13446
SS1651616861546,US,CD,context,Description9,RT,10657.200000047684
SS1651616861546,US,CD,focal,Description5,RT,4088.4000000953674
SS1651616861546,US,CD,focal,Description4,RT,4498
SS1651616861546,US,CD,context,Description2,RT,12653.200000047684
SS1651616861546,US,CD,context,Description7,RT,7934.799999952316
SS1651616861546,US,CD,context,Description7,RT,3032.100000143051
SS1651616861546,US,CD,focal,Description5,RT,7977.099999904633
SS1651616861546,US,CD,focal,Description4,RT,18196.10000014305
SS1651616863114,US,CD,focal,Description4,RT,27257.300000000745
SS1651616863114,US,CD,context,Description9,RT,7559.4000000003725
SS1651616863114,US,CD,context,Description3,RT,8646.900000000373
SS1651616863114,US,CD,focal,Description5,RT,31011.5
SS1651616863114,US,CD,context,Description3,RT,24508.599999999627
SS1651616863114,US,CD,context,Description1,RT,20495.400000000373
SS1651616863114,US,CD,context,Description19,RT,2546.2999999988824
SS1651616863114,US,CD,context,Description7,RT,7016
SS1651616863114,US,CD,context,Description3,RT,3576.199999999255
SS1651616863114,US,CD,context,Description1,RT,19125.199999999255
SS1651616863114,US,CD,context,Description7,RT,10715.599999999627
SS1651616863114,US,CD,focal,Description4,RT,4139.5
SS1651616863114,US,CD,context,Description2,RT,2770.4000000003725
SS1651616863114,US,CD,focal,Description6,RT,9636.5
SS1651616863114,US,CD,focal,Description5,RT,16757.099999999627
SS1651616863114,US,CD,context,Description7,RT,null
SS1651616863114,US,CD,focal,Description6,RT,10073.200000001118
SS1651616863114,US,CD,focal,Description4,RT,31366.300000000745
SS1651616863114,US,CD,context,Description2,RT,33499.40000000037
SS1651616863114,US,CD,context,Description2,RT,9634.200000001118
SS1651616863114,US,CD,focal,Description6,RT,34815.59999999963
SS1651616863114,US,CD,focal,Description0,RT,2248.5
SS1651616863114,US,CD,context,Description1,RT,13031.900000000373
SS1651616863114,US,CD,focal,Description5,RT,46286.39999999851
SS1651616863114,US,CD,focal,Description0,RT,38132.5
SS1651616863114,US,CD,focal,Description0,RT,8379.299999998882
SS1651616863145,US,CD,context,Description8,RT,8301.400000002235
SS1651616863145,US,CD,focal,Description29,RT,1639.6000000014901
SS1651616863145,US,CD,focal,Description5,RT,12762.39999999851
SS1651616863145,US,CD,context,Description7,RT,1662.199999999255
SS1651616863145,US,CD,focal,Description0,RT,23966.699999999255
SS1651616863145,US,CD,focal,Description4,RT,8576.29999999702
SS1651616863145,US,CD,context,Description7,RT,13991
SS1651616863145,US,CD,focal,Description5,RT,8017.800000000745
SS1651616863145,US,CD,context,Description8,RT,1908.1000000014901
SS1651616863145,US,CD,focal,Description6,RT,3093.099999997765
SS1651616863145,US,CD,context,Description2,RT,2369.199999999255
SS1651616863145,US,CD,context,Description8,RT,11579.20000000298
SS1651616863145,US,CD,focal,Description0,RT,13678.89999999851
SS1651616863145,US,CD,focal,Description6,RT,5835.29999999702
SS1651616863145,US,CD,context,Description1,RT,9620.199999999255
SS1651616863145,US,CD,context,Description3,RT,6821.89999999851
SS1651616863145,US,CD,focal,Description6,RT,3293.5
SS1651616863145,US,CD,context,Description19,RT,7066.199999999255
SS1651616863145,US,CD,context,Description1,RT,3966.800000000745
SS1651616863145,US,CD,focal,Description4,RT,2919.199999999255
SS1651616863145,US,CD,focal,Description4,RT,13729.79999999702
SS1651616863145,US,CD,context,Description7,RT,8263.10000000149
SS1651616863145,US,CD,focal,Description5,RT,4325.89999999851
SS1651616863145,US,CD,context,Description3,RT,2052.60000000149
SS1651616863145,US,CD,context,Description1,RT,3178
SS1651616863145,US,CD,context,Description2,RT,2117
SS1651616863145,US,CD,context,Description9,RT,8035.5
SS1651616863145,US,CD,focal,Description0,RT,44325.10000000149
SS1651616863145,US,CD,context,Description2,RT,5697.60000000149
SS1651616863145,US,CD,context,Description3,RT,1762.800000000745
SS1651616876627,US,CD,focal,Description0,RT,16550.29999998212
SS1651616876627,US,CD,focal,Description6,RT,14649
SS1651616876627,US,CD,focal,Description0,RT,9390.09999999404
SS1651616876627,US,CD,context,Description1,RT,7058.4000000059605
SS1651616876627,US,CD,context,Description3,RT,5774.5
SS1651616876627,US,CD,focal,Description4,RT,6327.5
SS1651616876627,US,CD,context,Description3,RT,30411
SS1651616876627,US,CD,context,Description9,RT,10143.09999999404
SS1651616876627,US,CD,focal,Description4,RT,10025.09999999404
SS1651616876627,US,CD,focal,Description0,RT,18703.80000001192
SS1651616876627,US,CD,focal,Description6,RT,3574.699999988079
SS1651616876627,US,CD,context,Description1,RT,16704.70000001788
SS1651616876627,US,CD,focal,Description6,RT,5537.0999999940395
SS1651616876627,US,CD,context,Description1,RT,5551.0999999940395
SS1651616876627,US,CD,context,Description7,RT,8335.200000017881
SS1651616876627,US,CD,context,Description3,RT,4214.800000011921
SS1651616876627,US,CD,focal,Description4,RT,26613.59999999404
SS1651616876627,US,CD,context,Description19,RT,8652
SS1651616876627,US,CD,focal,Description29,RT,4228.699999988079
SS1651616876627,US,CD,context,Description7,RT,25095.09999999404
SS1651616876627,US,CD,context,Description7,RT,4111.9000000059605
SS1651616909217,US,CD,focal,Description0,RT,15357.515000010608
SS1651616909217,US,CD,context,Description8,RT,8281.344999995781
SS1651616909217,US,CD,focal,Description29,RT,1744.764999981271
SS1651616909217,US,CD,focal,Description6,RT,3964.030000002822
SS1651616909217,US,CD,context,Description3,RT,2788.6250000155997
SS1651616909217,US,CD,context,Description7,RT,2710.720000002766
SS1651616909217,US,CD,focal,Description4,RT,3028.4000000101514
SS1651616909217,US,CD,focal,Description6,RT,2498.82500001695
SS1651616909217,US,CD,focal,Description5,RT,6227.9900000139605
SS1651616909217,US,CD,context,Description2,RT,9907.825000002049
SS1651616909217,US,CD,context,Description3,RT,7887.879999994766
SS1651616909217,US,CD,context,Description3,RT,4326.905000023544
SS1651616909217,US,CD,focal,Description0,RT,8332.634999998845
SS1651616909217,US,CD,focal,Description5,RT,14960.939999989932
SS1651616909217,US,CD,focal,Description4,RT,5434.6650000079535
SS1651616909217,US,CD,context,Description7,RT,4433.2899999863
SS1651616909217,US,CD,context,Description1,RT,3797.649999993155
SS1651616909217,US,CD,context,Description1,RT,3119.7600000014063
SS1651616909217,US,CD,focal,Description4,RT,4348.4649999882095
SS1651616909217,US,CD,context,Description8,RT,2433.6899999761954
SS1651616909217,US,CD,focal,Description5,RT,4772.125000017695
SS1651616909217,US,CD,focal,Description0,RT,29160.02500001923
SS1651616909217,US,CD,context,Description1,RT,4053.8950000191107
SS1651616909217,US,CD,context,Description2,RT,6230.794999981299
SS1651616909217,US,CD,context,Description7,RT,2284.270000003744
SS1651616909217,US,CD,context,Description2,RT,4205.489999993006
SS1651616909217,US,CD,focal,Description6,RT,6779.944999987492
SS1651616909217,US,CD,context,Description8,RT,2718.8099999912083
SS1651616909217,US,CD,context,Description19,RT,3682.6099999889266
SS1651616909217,US,CD,context,Description9,RT,6885.3150000213645
SS1651616969092,US,CD,context,Description1,RT,8221.200000047684
SS1651616969092,US,CD,focal,Description0,RT,10938.099999904633
SS1651616969092,US,CD,focal,Description6,RT,11096.699999809265
SS1651616969092,US,CD,context,Description3,RT,9866.100000143051
SS1651616969092,US,CD,context,Description7,RT,29451.199999809265
SS1651616969092,US,CD,focal,Description4,RT,5870.5
SS1651616969092,US,CD,context,Description9,RT,10421.899999856949
SS1651616969092,US,CD,context,Description3,RT,2470.5
SS1651616969092,US,CD,focal,Description0,RT,3150.2999999523163
SS1651616969092,US,CD,context,Description3,RT,2483.2000000476837
SS1651616969092,US,CD,focal,Description5,RT,7040.900000095367
SS1651616969092,US,CD,focal,Description5,RT,4521.199999809265
SS1651616969092,US,CD,focal,Description6,RT,15869.900000095367
SS1651616969092,US,CD,focal,Description4,RT,15929.399999856949
SS1651616969092,US,CD,context,Description1,RT,2943.2000000476837
SS1651616969092,US,CD,focal,Description5,RT,27161.10000014305
SS1651616969092,US,CD,context,Description7,RT,3489.399999856949
SS1651616969092,US,CD,context,Description1,RT,8417.299999952316
SS1651616969092,US,CD,context,Description7,RT,3574.5
SS1651616969092,US,CD,focal,Description6,RT,4100.400000095367
SS1651616969092,US,CD,focal,Description0,RT,2481
SS1651616969092,US,CD,context,Description2,RT,2927.7999999523163
SS1651616969092,US,CD,focal,Description4,RT,3613.5
SS1651616969092,US,CD,context,Description2,RT,13620.200000047684
SS1651616969092,US,CD,context,Description19,RT,1927.6000001430511
SS1651616969092,US,CD,context,Description2,RT,2685.2999999523163
SS1651616969092,US,CD,focal,Description29,RT,2516.2000000476837
SS1651616982939,US,CD,context,Description1,RT,16260
SS1651616982939,US,CD,focal,Description6,RT,6997
SS1651616982939,US,CD,context,Description3,RT,2384
SS1651616982939,US,CD,context,Description2,RT,4401
SS1651616982939,US,CD,context,Description3,RT,12167
SS1651616982939,US,CD,focal,Description6,RT,16131
SS1651616982939,US,CD,focal,Description4,RT,4297
SS1651616982939,US,CD,focal,Description5,RT,9045
SS1651616982939,US,CD,focal,Description4,RT,5507
SS1651616982939,US,CD,context,Description1,RT,8083
SS1651616982939,US,CD,context,Description2,RT,11561
SS1651616982939,US,CD,context,Description19,RT,8390
SS1651616982939,US,CD,context,Description7,RT,19535
SS1651616982939,US,CD,context,Description2,RT,5453
SS1651616982939,US,CD,context,Description9,RT,12919
SS1651616982939,US,CD,focal,Description29,RT,5796
SS1651616982939,US,CD,focal,Description0,RT,6125
SS1651616982939,US,CD,context,Description1,RT,10122
SS1651616982939,US,CD,focal,Description0,RT,8258
SS1651616982939,US,CD,context,Description7,RT,5999
SS1651616982939,US,CD,focal,Description6,RT,4133
SS1651616982939,US,CD,focal,Description5,RT,10977
SS1651616982939,US,CD,focal,Description4,RT,10912
SS1651616982939,US,CD,focal,Description0,RT,8238
SS1651616982939,US,CD,context,Description3,RT,6580
SS1651616982939,US,CD,focal,Description5,RT,5554
SS1651616982939,US,CD,context,Description7,RT,3468
SS1651617013503,US,CD,context,Description3,RT,9577.799999952316
SS1651617013503,US,CD,context,Description1,RT,10254
SS1651617013503,US,CD,context,Description7,RT,8332.099999964237
SS1651617013503,US,CD,context,Description7,RT,7318.199999988079
SS1651617013503,US,CD,context,Description3,RT,5920.300000011921
SS1651617013503,US,CD,focal,Description6,RT,10648
SS1651617013503,US,CD,focal,Description4,RT,8789.199999988079
SS1651617013503,US,CD,focal,Description6,RT,15646.800000011921
SS1651617013503,US,CD,focal,Description0,RT,15889.100000023842
SS1651617013503,US,CD,context,Description19,RT,6406
SS1651617013503,US,CD,focal,Description0,RT,7874.699999988079
SS1651617013503,US,CD,focal,Description4,RT,3413.5
SS1651617013503,US,CD,context,Description1,RT,13778.100000023842
SS1651617013503,US,CD,context,Description1,RT,5308.399999976158
SS1651617013503,US,CD,focal,Description29,RT,4246.200000047684
SS1651617013503,US,CD,focal,Description0,RT,5535.900000035763
SS1651617013503,US,CD,context,Description3,RT,9100.799999952316
SS1651617013503,US,CD,focal,Description4,RT,14180
SS1651617013503,US,CD,context,Description9,RT,10020.5
SS1651617013503,US,CD,focal,Description6,RT,9614.099999964237
SS1651617013503,US,CD,context,Description7,RT,15686.399999976158
SS1651617033971,US,CD,context,Description1,RT,12041.599999997765
SS1651617033971,US,CD,context,Description3,RT,17913.699999999255
SS1651617033971,US,CD,focal,Description0,RT,18664.699999999255
SS1651617033971,US,CD,context,Description1,RT,18605.300000000745
SS1651617033971,US,CD,context,Description3,RT,3624.5
SS1651617033971,US,CD,focal,Description0,RT,18790.400000002235
SS1651617033971,US,CD,focal,Description5,RT,13032.599999997765
SS1651617033971,US,CD,context,Description8,RT,20135.300000000745
SS1651617033971,US,CD,focal,Description5,RT,10300.900000002235
SS1651617033971,US,CD,focal,Description0,RT,4866.099999997765
SS1651617033971,US,CD,context,Description19,RT,5303
SS1651617033971,US,CD,context,Description8,RT,7466
SS1651617033971,US,CD,context,Description7,RT,12017.300000000745
SS1651617033971,US,CD,context,Description2,RT,14619.300000000745
SS1651617033971,US,CD,context,Description1,RT,6478.70000000298
SS1651617033971,US,CD,context,Description2,RT,21207.89999999851
SS1651617033971,US,CD,context,Description9,RT,8724.39999999851
SS1651617033971,US,CD,context,Description8,RT,8379.60000000149
SS1651617033971,US,CD,context,Description7,RT,13710.699999999255
SS1651617033971,US,CD,focal,Description4,RT,21417
SS1651617033971,US,CD,context,Description3,RT,8532.800000000745
SS1651617033971,US,CD,context,Description2,RT,8684
SS1651617033971,US,CD,focal,Description5,RT,5730
SS1651617033971,US,CD,focal,Description29,RT,3692.599999997765
SS1651617033971,US,CD,focal,Description4,RT,4487
SS1651617033971,US,CD,context,Description7,RT,4034.800000000745
SS1651617033971,US,CD,focal,Description4,RT,4359.800000000745
SS1651617071100,US,CD,focal,Description0,RT,46743.09999999404
SS1651617071100,US,CD,focal,Description4,RT,3684.800000011921
SS1651617071100,US,CD,focal,Description29,RT,2786.300000011921
SS1651617071100,US,CD,context,Description7,RT,42365
SS1651617071100,US,CD,focal,Description0,RT,4946
SS1651617071100,US,CD,context,Description2,RT,17123
SS1651617071100,US,CD,context,Description7,RT,2244
SS1651617071100,US,CD,focal,Description4,RT,41134.89999997616
SS1651617071100,US,CD,context,Description2,RT,1650.5
SS1651617071100,US,CD,context,Description8,RT,2581.300000011921
SS1651617071100,US,CD,context,Description1,RT,4837.5999999940395
SS1651617071100,US,CD,context,Description2,RT,18533.399999976158
SS1651617071100,US,CD,context,Description3,RT,1875.5
SS1651617071100,US,CD,context,Description8,RT,4243.799999982119
SS1651617071100,US,CD,context,Description1,RT,10075.40000000596
SS1651617071100,US,CD,context,Description3,RT,8093.600000023842
SS1651617071100,US,CD,focal,Description5,RT,6010.300000011921
SS1651617071100,US,CD,focal,Description5,RT,4157.5999999940395
SS1651617071100,US,CD,focal,Description0,RT,10487
SS1651617071100,US,CD,focal,Description6,RT,9023.5
SS1651617071100,US,CD,context,Description19,RT,8020.800000011921
SS1651617071100,US,CD,focal,Description6,RT,6124.699999988079
SS1651617071100,US,CD,context,Description7,RT,2051.699999988079
SS1651617071100,US,CD,focal,Description5,RT,7480
SS1651617071100,US,CD,context,Description8,RT,20462.40000000596
SS1651617071100,US,CD,focal,Description6,RT,2243
SS1651617071100,US,CD,focal,Description4,RT,15612
SS1651617071100,US,CD,context,Description1,RT,2130.4000000059605
SS1651617071100,US,CD,context,Description3,RT,1415.0999999940395
SS1651617143573,US,CD,focal,Description0,RT,40153
SS1651617143573,US,CD,focal,Description6,RT,5454
SS1651617143573,US,CD,context,Description1,RT,2714
SS1651617143573,US,CD,context,Description2,RT,4541
SS1651617143573,US,CD,context,Description19,RT,3156
SS1651617143573,US,CD,focal,Description0,RT,4966
SS1651617143573,US,CD,context,Description2,RT,3028
SS1651617143573,US,CD,context,Description2,RT,10942
SS1651617143573,US,CD,context,Description9,RT,9607
SS1651617143573,US,CD,focal,Description5,RT,6013
SS1651617143573,US,CD,context,Description1,RT,7220
SS1651617143573,US,CD,focal,Description0,RT,15443
SS1651617143573,US,CD,focal,Description4,RT,7341
SS1651617143573,US,CD,context,Description7,RT,7140
SS1651617143573,US,CD,context,Description1,RT,3396
SS1651617143573,US,CD,context,Description3,RT,5908
SS1651617143573,US,CD,context,Description3,RT,2429
SS1651617143573,US,CD,focal,Description6,RT,7752
SS1651617143573,US,CD,context,Description7,RT,3390
SS1651617143573,US,CD,context,Description7,RT,18542
SS1651617143573,US,CD,context,Description3,RT,2483
SS1651617143573,US,CD,focal,Description4,RT,4851
SS1651617143573,US,CD,focal,Description29,RT,3254
SS1651617143573,US,CD,focal,Description5,RT,17396
SS1651617143573,US,CD,focal,Description4,RT,5084
SS1651617143573,US,CD,focal,Description6,RT,9292
SS1651617143573,US,CD,focal,Description5,RT,3899
SS1651617282312,US,CD,focal,Description4,RT,7294.899999976158
SS1651617282312,US,CD,focal,Description6,RT,2987.399999976158
SS1651617282312,US,CD,context,Description2,RT,12029.300000011921
SS1651617282312,US,CD,context,Description7,RT,55868.39999997616
SS1651617282312,US,CD,focal,Description5,RT,6190.800000011921
SS1651617282312,US,CD,focal,Description6,RT,5537.5
SS1651617282312,US,CD,context,Description7,RT,2907.699999988079
SS1651617282312,US,CD,context,Description2,RT,1600.9000000357628
SS1651617282312,US,CD,context,Description9,RT,9051.299999952316
SS1651617282312,US,CD,focal,Description5,RT,7065
SS1651617282312,US,CD,context,Description3,RT,2234
SS1651617282312,US,CD,focal,Description29,RT,1984.7000000476837
SS1651617282312,US,CD,focal,Description4,RT,2915.899999976158
SS1651617282312,US,CD,focal,Description0,RT,1778.4000000357628
SS1651617282312,US,CD,context,Description7,RT,3569.900000035763
SS1651617282312,US,CD,focal,Description0,RT,8289.900000035763
SS1651617282312,US,CD,context,Description1,RT,10778
SS1651617282312,US,CD,focal,Description6,RT,5578.599999964237
SS1651617282312,US,CD,focal,Description0,RT,14275.300000011921
SS1651617282312,US,CD,context,Description3,RT,2129.099999964237
SS1651617282312,US,CD,context,Description1,RT,1680.300000011921
SS1651617282312,US,CD,context,Description2,RT,13314
SS1651617282312,US,CD,context,Description3,RT,1281.699999988079
SS1651617282312,US,CD,focal,Description4,RT,1167.699999988079
SS1651617282312,US,CD,focal,Description5,RT,1162.199999988079
SS1651617282312,US,CD,context,Description1,RT,4436.400000035763
SS1651617310480,US,CD,focal,Description4,RT,24974
SS1651617310480,US,CD,focal,Description5,RT,10855.5
SS1651617310480,US,CD,focal,Description5,RT,18288.79999998212
SS1651617310480,US,CD,context,Description1,RT,7471.699999988079
SS1651617310480,US,CD,context,Description1,RT,6605.5999999940395
SS1651617310480,US,CD,focal,Description0,RT,30741.70000001788
SS1651617310480,US,CD,context,Description19,RT,13940.59999999404
SS1651617310480,US,CD,context,Description7,RT,32644.09999999404
SS1651617310480,US,CD,focal,Description29,RT,6043.4000000059605
SS1651617310480,US,CD,focal,Description0,RT,11863.200000017881
SS1651617310480,US,CD,context,Description2,RT,7948.5999999940395
SS1651617310480,US,CD,focal,Description0,RT,26846.59999999404
SS1651617310480,US,CD,focal,Description4,RT,12271.899999976158
SS1651617310480,US,CD,context,Description7,RT,6995.800000011921
SS1651617310480,US,CD,focal,Description5,RT,17189
SS1651617310480,US,CD,context,Description2,RT,8420.5
SS1651617310480,US,CD,context,Description2,RT,13489.300000011921
SS1651617310480,US,CD,context,Description7,RT,14911.5
SS1651617310480,US,CD,focal,Description4,RT,6900.300000011921
SS1651617310480,US,CD,context,Description9,RT,27108.19999998808
SS1651617310480,US,CD,context,Description1,RT,19036.19999998808
SS1651624230659,US,CD,context,Description7,RT,8158.100000143051
SS1651624230659,US,CD,context,Description19,RT,8095.200000047684
SS1651624230659,US,CD,focal,Description0,RT,16211.100000143051
SS1651624230659,US,CD,focal,Description0,RT,23879.5
SS1651624230659,US,CD,context,Description1,RT,4458
SS1651624230659,US,CD,context,Description9,RT,23017.900000095367
SS1651624230659,US,CD,context,Description3,RT,8059.099999904633
SS1651624230659,US,CD,focal,Description0,RT,27819.5
SS1651624230659,US,CD,focal,Description5,RT,7072.899999856949
SS1651624230659,US,CD,context,Description1,RT,9682.099999904633
SS1651624230659,US,CD,context,Description3,RT,2709.399999856949
SS1651624230659,US,CD,context,Description8,RT,6904.5
SS1651624230659,US,CD,context,Description1,RT,9104.700000047684
SS1651624230659,US,CD,context,Description3,RT,2510.2000000476837
SS1651624230659,US,CD,context,Description7,RT,22011
SS1651624230659,US,CD,context,Description8,RT,21886.300000190735
SS1651624230659,US,CD,context,Description8,RT,4701.100000143051
SS1651624230659,US,CD,focal,Description4,RT,13003.099999904633
SS1651624230659,US,CD,focal,Description4,RT,5066.700000047684
SS1651624230659,US,CD,focal,Description4,RT,6164.5
SS1651624230659,US,CD,focal,Description5,RT,5077
SS1651624230659,US,CD,focal,Description5,RT,4990.700000047684
SS1651624230659,US,CD,focal,Description29,RT,6807.200000047684
SS1651624230659,US,CD,focal,Description6,RT,6209.700000047684
SS1651624230659,US,CD,focal,Description6,RT,10979.900000095367
SS1651624230659,US,CD,context,Description7,RT,3658.699999809265
SS1651624230659,US,CD,focal,Description6,RT,9979.399999856949
SS1651678198123,US,CD,focal,Description29,RT,3566.2999999970198
SS1651678198123,US,CD,focal,Description4,RT,10007.89999999106
SS1651678198123,US,CD,context,Description3,RT,2954
SS1651678198123,US,CD,focal,Description5,RT,11220.40000000596
SS1651678198123,US,CD,context,Description7,RT,2888.2999999970198
SS1651678198123,US,CD,context,Description3,RT,2684.0999999940395
SS1651678198123,US,CD,context,Description7,RT,1737.2999999970198
SS1651678198123,US,CD,context,Description3,RT,2243.5
SS1651678198123,US,CD,focal,Description5,RT,2428.6000000089407
SS1651678198123,US,CD,focal,Description4,RT,15752.59999999404
SS1651678198123,US,CD,focal,Description6,RT,8757.70000000298
SS1651678198123,US,CD,focal,Description0,RT,9188.60000000894
SS1651678198123,US,CD,context,Description1,RT,8083.79999999702
SS1651678198123,US,CD,focal,Description5,RT,7582.9000000059605
SS1651678198123,US,CD,context,Description19,RT,7235.5
SS1651678198123,US,CD,focal,Description0,RT,2343.2000000029802
SS1651678198123,US,CD,context,Description1,RT,4786.800000011921
SS1651678198123,US,CD,context,Description9,RT,29216.70000000298
SS1651678198123,US,CD,focal,Description0,RT,7351.5999999940395
SS1651678198123,US,CD,focal,Description6,RT,6773.5999999940395
SS1651678198123,US,CD,context,Description1,RT,3348
SS1651678198123,US,CD,focal,Description6,RT,19162.89999999106
SS1651678198123,US,CD,focal,Description4,RT,7377.70000000298
SS1651678198123,US,CD,context,Description7,RT,41050.40000000596
SS1651678202019,US,CD,context,Description1,RT,6125
SS1651678202019,US,CD,context,Description1,RT,12199
SS1651678202019,US,CD,context,Description8,RT,10659
SS1651678202019,US,CD,context,Description2,RT,4284
SS1651678202019,US,CD,context,Description3,RT,12838
SS1651678202019,US,CD,focal,Description4,RT,5160
SS1651678202019,US,CD,focal,Description4,RT,3153
SS1651678202019,US,CD,context,Description1,RT,5986
SS1651678202019,US,CD,context,Description7,RT,41954
SS1651678202019,US,CD,focal,Description5,RT,8088
SS1651678202019,US,CD,focal,Description6,RT,3032
SS1651678202019,US,CD,context,Description19,RT,7246
SS1651678202019,US,CD,focal,Description5,RT,3532
SS1651678202019,US,CD,focal,Description0,RT,9234
SS1651678202019,US,CD,context,Description3,RT,3284
SS1651678202019,US,CD,focal,Description29,RT,1532
SS1651678202019,US,CD,context,Description2,RT,2752
SS1651678202019,US,CD,context,Description3,RT,2182
SS1651678202019,US,CD,context,Description7,RT,9174
SS1651678202019,US,CD,context,Description9,RT,7560
SS1651678202019,US,CD,context,Description8,RT,40584
SS1651678202019,US,CD,focal,Description6,RT,3091
SS1651678202019,US,CD,context,Description8,RT,3356
SS1651678202019,US,CD,focal,Description0,RT,4868
SS1651678202019,US,CD,focal,Description4,RT,8130
SS1651678202019,US,CD,focal,Description6,RT,10679
SS1651678202019,US,CD,focal,Description5,RT,28102
SS1651678202019,US,CD,context,Description7,RT,7820
SS1651678202019,US,CD,focal,Description0,RT,30193
SS1651678202019,US,CD,context,Description2,RT,56708
SS1651678206055,US,CD,focal,Description5,RT,22813.19999999972
SS1651678206055,US,CD,focal,Description0,RT,15866.600000000093
SS1651678206055,US,CD,context,Description7,RT,18339.900000000373
SS1651678206055,US,CD,context,Description1,RT,13060.100000000093
SS1651678206055,US,CD,context,Description1,RT,17492
SS1651678206055,US,CD,focal,Description5,RT,6019.799999999814
SS1651678206055,US,CD,context,Description3,RT,4690.199999999721
SS1651678206055,US,CD,context,Description2,RT,4810.600000000093
SS1651678206055,US,CD,context,Description2,RT,8335.299999999814
SS1651678206055,US,CD,focal,Description29,RT,12658.600000000093
SS1651678206055,US,CD,context,Description9,RT,13442
SS1651678206055,US,CD,context,Description7,RT,37931
SS1651678206055,US,CD,focal,Description4,RT,8938.399999999907
SS1651678206055,US,CD,focal,Description0,RT,15394.100000000093
SS1651678206055,US,CD,context,Description1,RT,4545.5
SS1651678206055,US,CD,focal,Description4,RT,41104.59999999963
SS1651678206055,US,CD,focal,Description6,RT,8266
SS1651678206055,US,CD,focal,Description4,RT,9825.299999999814
SS1651678206055,US,CD,focal,Description0,RT,14369.900000000373
SS1651678206055,US,CD,context,Description2,RT,49194.799999999814
SS1651678206055,US,CD,focal,Description6,RT,6322.600000000093
SS1651678206055,US,CD,context,Description8,RT,39168.799999999814
SS1651678206055,US,CD,context,Description7,RT,4954.100000000093
SS1651678206055,US,CD,focal,Description5,RT,24106.100000000093
SS1651678206055,US,CD,focal,Description6,RT,14232
SS1651678206055,US,CD,context,Description8,RT,3074.2000000001863
SS1651678206055,US,CD,context,Description3,RT,24194.5
SS1651678206055,US,CD,context,Description3,RT,4889.199999999255
SS1651678206055,US,CD,context,Description8,RT,3642.100000000559
SS1651678206055,US,CD,context,Description19,RT,7464.700000000186
SS1651678216437,US,CD,context,Description1,RT,10125.700000047684
SS1651678216437,US,CD,context,Description3,RT,15541.799999952316
SS1651678216437,US,CD,focal,Description4,RT,20676.39999985695
SS1651678216437,US,CD,context,Description2,RT,21824
SS1651678216437,US,CD,focal,Description5,RT,19668.800000190735
SS1651678216437,US,CD,focal,Description4,RT,9787.5
SS1651678216437,US,CD,focal,Description5,RT,23821.099999904633
SS1651678216437,US,CD,context,Description7,RT,41422.09999990463
SS1651678216437,US,CD,context,Description2,RT,15275.699999809265
SS1651678216437,US,CD,focal,Description0,RT,57623.700000047684
SS1651678216437,US,CD,focal,Description6,RT,32095.299999952316
SS1651678216437,US,CD,context,Description9,RT,12547
SS1651678216437,US,CD,context,Description1,RT,13440.5
SS1651678216437,US,CD,context,Description3,RT,5414.399999856949
SS1651678216437,US,CD,focal,Description29,RT,8765.299999952316
SS1651678216437,US,CD,focal,Description4,RT,22677
SS1651678216437,US,CD,focal,Description6,RT,14103.799999952316
SS1651678216437,US,CD,focal,Description0,RT,10419.699999809265
SS1651678216437,US,CD,context,Description19,RT,30929.199999809265
SS1651678216437,US,CD,context,Description1,RT,7301.5
SS1651678216437,US,CD,focal,Description0,RT,30586.599999904633
SS1651678216437,US,CD,context,Description3,RT,7818.800000190735
SS1651678216437,US,CD,focal,Description5,RT,9506.099999904633
SS1651678216437,US,CD,focal,Description6,RT,6449.599999904633
SS1651678216437,US,CD,context,Description7,RT,11356.700000047684
SS1651678216437,US,CD,context,Description2,RT,10697.5
SS1651678216437,US,CD,context,Description7,RT,12043.399999856949
SS1651678218891,US,CD,context,Description7,RT,27010
SS1651678218891,US,CD,context,Description1,RT,6831.699999988079
SS1651678218891,US,CD,focal,Description4,RT,12584.300000011921
SS1651678218891,US,CD,focal,Description0,RT,26133
SS1651678218891,US,CD,focal,Description0,RT,22724.200000047684
SS1651678218891,US,CD,focal,Description4,RT,9861.699999988079
SS1651678218891,US,CD,context,Description3,RT,13259.600000023842
SS1651678218891,US,CD,context,Description7,RT,20015.700000047684
SS1651678218891,US,CD,context,Description3,RT,2819.099999964237
SS1651678218891,US,CD,focal,Description0,RT,13073.600000023842
SS1651678218891,US,CD,context,Description9,RT,13980.099999964237
SS1651678218891,US,CD,focal,Description29,RT,3650.899999976158
SS1651678218891,US,CD,context,Description19,RT,4743.400000035763
SS1651678218891,US,CD,context,Description3,RT,2479.399999976158
SS1651678218891,US,CD,focal,Description4,RT,9093
SS1651678218891,US,CD,focal,Description6,RT,14911.199999988079
SS1651678218891,US,CD,context,Description7,RT,2770.600000023842
SS1651678218891,US,CD,context,Description1,RT,9825.099999964237
SS1651678218891,US,CD,context,Description1,RT,3435
SS1651678218891,US,CD,focal,Description6,RT,6133
SS1651678218891,US,CD,focal,Description6,RT,8007.399999976158
SS1651678224995,US,CD,context,Description2,RT,34264
SS1651678224995,US,CD,focal,Description0,RT,null
SS1651678224995,US,CD,context,Description3,RT,null
SS1651678224995,US,CD,context,Description7,RT,14696
SS1651678224995,US,CD,focal,Description29,RT,7788
SS1651678224995,US,CD,context,Description3,RT,47170
SS1651678224995,US,CD,focal,Description5,RT,53192
SS1651678224995,US,CD,focal,Description6,RT,9468
SS1651678224995,US,CD,focal,Description5,RT,42524
SS1651678224995,US,CD,focal,Description6,RT,17594
SS1651678224995,US,CD,context,Description19,RT,25205
SS1651678224995,US,CD,focal,Description0,RT,37633
SS1651678224995,US,CD,context,Description3,RT,8955
SS1651678224995,US,CD,focal,Description0,RT,27415
SS1651678224995,US,CD,focal,Description6,RT,23990
SS1651678224995,US,CD,context,Description7,RT,22260
SS1651678224995,US,CD,context,Description8,RT,27907
SS1651678224995,US,CD,context,Description2,RT,15156
SS1651678224995,US,CD,context,Description9,RT,22462
SS1651678224995,US,CD,focal,Description5,RT,21105
SS1651678224995,US,CD,context,Description7,RT,59195
SS1651678224995,US,CD,context,Description8,RT,24266
SS1651678224995,US,CD,context,Description8,RT,30826
SS1651678224995,US,CD,context,Description2,RT,31201
SS1651678226524,US,CD,focal,Description5,RT,11114.600000023842
SS1651678226524,US,CD,focal,Description29,RT,1785.9000000059605
SS1651678226524,US,CD,context,Description1,RT,10940.699999988079
SS1651678226524,US,CD,context,Description8,RT,1749.7999999821186
SS1651678226524,US,CD,focal,Description0,RT,17847.19999998808
SS1651678226524,US,CD,context,Description1,RT,15848.699999988079
SS1651678226524,US,CD,context,Description7,RT,3572.5999999940395
SS1651678226524,US,CD,context,Description2,RT,21764.40000000596
SS1651678226524,US,CD,focal,Description4,RT,29577.40000000596
SS1651678226524,US,CD,context,Description8,RT,9494.09999999404
SS1651678226524,US,CD,context,Description2,RT,9806.90000000596
SS1651678226524,US,CD,context,Description9,RT,13802.699999988079
SS1651678226524,US,CD,focal,Description0,RT,23458.5
SS1651678226524,US,CD,context,Description2,RT,3710.4000000059605
SS1651678226524,US,CD,focal,Description4,RT,2945.9000000059605
SS1651678226524,US,CD,context,Description7,RT,4374.5999999940395
SS1651678226524,US,CD,focal,Description0,RT,3003.2999999821186
SS1651678226524,US,CD,context,Description1,RT,8280.799999952316
SS1651678226524,US,CD,context,Description8,RT,3602.599999964237
SS1651678226524,US,CD,focal,Description5,RT,4143.899999976158
SS1651678226524,US,CD,focal,Description4,RT,19793.69999998808
SS1651678226524,US,CD,focal,Description5,RT,12833.400000035763
SS1651678226524,US,CD,context,Description7,RT,9071.800000011921
SS1651678227696,US,CD,focal,Description6,RT,15342
SS1651678227696,US,CD,focal,Description0,RT,6637
SS1651678227696,US,CD,focal,Description0,RT,9812
SS1651678227696,US,CD,context,Description9,RT,14480
SS1651678227696,US,CD,focal,Description5,RT,7919
SS1651678227696,US,CD,context,Description2,RT,7574
SS1651678227696,US,CD,focal,Description0,RT,9645
SS1651678227696,US,CD,focal,Description4,RT,11993
SS1651678227696,US,CD,context,Description3,RT,3187
SS1651678227696,US,CD,context,Description2,RT,7628
SS1651678227696,US,CD,context,Description19,RT,3827
SS1651678227696,US,CD,context,Description3,RT,3397
SS1651678227696,US,CD,focal,Description5,RT,6619
SS1651678227696,US,CD,focal,Description4,RT,7747
SS1651678227696,US,CD,context,Description3,RT,15384
SS1651678227696,US,CD,context,Description7,RT,5157
SS1651678227696,US,CD,focal,Description6,RT,6098
SS1651678227696,US,CD,context,Description1,RT,7308
SS1651678227696,US,CD,focal,Description4,RT,5738
SS1651678227696,US,CD,context,Description1,RT,3468
SS1651678227696,US,CD,context,Description1,RT,10618
SS1651678227696,US,CD,focal,Description5,RT,34148
SS1651678227696,US,CD,context,Description7,RT,15908
SS1651678227696,US,CD,focal,Description29,RT,1948
SS1651678227696,US,CD,focal,Description6,RT,3989
SS1651678227696,US,CD,context,Description2,RT,29988
SS1651678227696,US,CD,context,Description7,RT,2646
SS1651678232565,US,CD,focal,Description6,RT,10330
SS1651678232565,US,CD,context,Description8,RT,7689
SS1651678232565,US,CD,context,Description3,RT,11217
SS1651678232565,US,CD,context,Description7,RT,16220
SS1651678232565,US,CD,focal,Description0,RT,23780
SS1651678232565,US,CD,context,Description3,RT,12173
SS1651678232565,US,CD,focal,Description5,RT,32219
SS1651678232565,US,CD,context,Description7,RT,22331
SS1651678232565,US,CD,focal,Description4,RT,12419
SS1651678232565,US,CD,context,Description8,RT,12651
SS1651678232565,US,CD,focal,Description0,RT,22498
SS1651678232565,US,CD,focal,Description6,RT,18890
SS1651678232565,US,CD,context,Description7,RT,13605
SS1651678232565,US,CD,context,Description19,RT,19013
SS1651678232565,US,CD,context,Description2,RT,23891
SS1651678232565,US,CD,context,Description1,RT,25837
SS1651678232565,US,CD,focal,Description4,RT,21476
SS1651678232565,US,CD,context,Description1,RT,18901
SS1651678232565,US,CD,context,Description1,RT,9998
SS1651678232565,US,CD,focal,Description0,RT,17293
SS1651678232565,US,CD,context,Description2,RT,18203
SS1651678232565,US,CD,focal,Description5,RT,17259
SS1651678232565,US,CD,context,Description3,RT,11916
SS1651678232565,US,CD,focal,Description5,RT,18300
SS1651678232565,US,CD,focal,Description4,RT,10443
SS1651678232565,US,CD,focal,Description6,RT,17461
SS1651678232565,US,CD,context,Description2,RT,8986
SS1651678232565,US,CD,focal,Description29,RT,11309
SS1651678232565,US,CD,context,Description9,RT,18139
SS1651678232565,US,CD,context,Description8,RT,32986
SS1651678239759,US,CD,focal,Description0,RT,45338.79999999702
SS1651678239759,US,CD,context,Description8,RT,3377.2000000029802
SS1651678239759,US,CD,focal,Description0,RT,14489.20000000298
SS1651678239759,US,CD,context,Description9,RT,6943.79999999702
SS1651678239759,US,CD,focal,Description4,RT,4084.5999999940395
SS1651678239759,US,CD,context,Description7,RT,29005.39999999106
SS1651678239759,US,CD,focal,Description5,RT,3504.4000000059605
SS1651678239759,US,CD,focal,Description4,RT,20017.70000000298
SS1651678239759,US,CD,context,Description3,RT,2748
SS1651678239759,US,CD,context,Description1,RT,6329
SS1651678239759,US,CD,context,Description7,RT,4323.70000000298
SS1651678239759,US,CD,context,Description1,RT,5051
SS1651678239759,US,CD,focal,Description0,RT,9453.29999999702
SS1651678239759,US,CD,context,Description8,RT,43258.70000000298
SS1651678239759,US,CD,focal,Description6,RT,3356.0999999940395
SS1651678239759,US,CD,context,Description7,RT,50980.40000000596
SS1651678239759,US,CD,focal,Description4,RT,4641
SS1651678239759,US,CD,focal,Description6,RT,6553.399999991059
SS1651678239759,US,CD,focal,Description6,RT,10423.800000011921
SS1651678239759,US,CD,focal,Description5,RT,5063.0999999940395
SS1651678239759,US,CD,context,Description3,RT,10258.29999999702
SS1651678239759,US,CD,context,Description19,RT,4881.800000011921
SS1651678239759,US,CD,focal,Description5,RT,13396
SS1651678239759,US,CD,context,Description8,RT,4291.9000000059605
SS1651678239759,US,CD,context,Description1,RT,7162.5
SS1651678239759,US,CD,context,Description3,RT,1872.7000000029802
SS1651678239759,US,CD,focal,Description29,RT,4720.20000000298
SS1651678242246,US,CD,context,Description2,RT,2921.1000003814697
SS1651678242246,US,CD,context,Description1,RT,16941.599999904633
SS1651678242246,US,CD,context,Description7,RT,24576.400000095367
SS1651678242246,US,CD,focal,Description0,RT,15123
SS1651678242246,US,CD,context,Description8,RT,6236
SS1651678242246,US,CD,context,Description7,RT,10871.199999809265
SS1651678242246,US,CD,focal,Description4,RT,6267.700000286102
SS1651678242246,US,CD,context,Description2,RT,23133.60000038147
SS1651678242246,US,CD,context,Description3,RT,4605.5
SS1651678242246,US,CD,context,Description3,RT,13707.400000095367
SS1651678242246,US,CD,focal,Description4,RT,9822.300000190735
SS1651678242246,US,CD,context,Description7,RT,6683.900000095367
SS1651678242246,US,CD,context,Description3,RT,2512
SS1651678242246,US,CD,context,Description8,RT,38494.09999990463
SS1651678242246,US,CD,focal,Description0,RT,7098.700000286102
SS1651678242246,US,CD,context,Description1,RT,3499.199999809265
SS1651678242246,US,CD,context,Description1,RT,8150.5
SS1651678242246,US,CD,context,Description19,RT,4805.799999713898
SS1651678242246,US,CD,context,Description8,RT,4983.400000095367
SS1651678242246,US,CD,context,Description2,RT,9293.099999904633
SS1651678242246,US,CD,focal,Description29,RT,1984.3000001907349
SS1651678242246,US,CD,focal,Description4,RT,9514.60000038147
SS1651678242246,US,CD,focal,Description0,RT,12594.700000286102
SS1651678243882,US,CD,focal,Description0,RT,3154
SS1651678243882,US,CD,context,Description8,RT,5542
SS1651678243882,US,CD,focal,Description0,RT,21076
SS1651678243882,US,CD,context,Description1,RT,10968
SS1651678243882,US,CD,context,Description1,RT,9585
SS1651678243882,US,CD,focal,Description6,RT,34938
SS1651678243882,US,CD,context,Description3,RT,3994
SS1651678243882,US,CD,focal,Description5,RT,19490
SS1651678243882,US,CD,focal,Description5,RT,9450
SS1651678243882,US,CD,focal,Description5,RT,30351
SS1651678243882,US,CD,context,Description2,RT,27290
SS1651678243882,US,CD,context,Description2,RT,4853
SS1651678243882,US,CD,context,Description8,RT,4769
SS1651678243882,US,CD,context,Description9,RT,46430
SS1651678243882,US,CD,focal,Description0,RT,9605
SS1651678243882,US,CD,focal,Description6,RT,6680
SS1651678243882,US,CD,context,Description7,RT,8277
SS1651678243882,US,CD,context,Description3,RT,12340
SS1651678243882,US,CD,focal,Description4,RT,23318
SS1651678243882,US,CD,context,Description7,RT,5570
SS1651678243882,US,CD,context,Description3,RT,4342
SS1651678243882,US,CD,context,Description7,RT,34842
SS1651678243882,US,CD,context,Description2,RT,4298
SS1651678243882,US,CD,focal,Description4,RT,4365
SS1651678243882,US,CD,context,Description19,RT,7675
SS1651678243882,US,CD,context,Description8,RT,43107
SS1651678243882,US,CD,focal,Description4,RT,8823
SS1651678243882,US,CD,focal,Description29,RT,2780
SS1651678243882,US,CD,focal,Description6,RT,5119
SS1651678243882,US,CD,context,Description1,RT,9317
SS1651678244241,US,CD,focal,Description0,RT,17430
SS1651678244241,US,CD,context,Description1,RT,7559
SS1651678244241,US,CD,context,Description2,RT,15633
SS1651678244241,US,CD,context,Description8,RT,3529
SS1651678244241,US,CD,focal,Description0,RT,12945
SS1651678244241,US,CD,context,Description7,RT,7719
SS1651678244241,US,CD,context,Description1,RT,4968
SS1651678244241,US,CD,context,Description3,RT,2950
SS1651678244241,US,CD,focal,Description4,RT,12997
SS1651678244241,US,CD,focal,Description5,RT,2911
SS1651678244241,US,CD,context,Description8,RT,26014
SS1651678244241,US,CD,focal,Description4,RT,3770
SS1651678244241,US,CD,focal,Description6,RT,12858
SS1651678244241,US,CD,context,Description7,RT,3258
SS1651678244241,US,CD,context,Description3,RT,2928
SS1651678244241,US,CD,context,Description19,RT,2922
SS1651678244241,US,CD,focal,Description6,RT,5535
SS1651678244241,US,CD,context,Description7,RT,2884
SS1651678244241,US,CD,context,Description2,RT,16842
SS1651678244241,US,CD,context,Description9,RT,7546
SS1651678244241,US,CD,focal,Description5,RT,8822
SS1651678244241,US,CD,focal,Description6,RT,29564
SS1651678244241,US,CD,focal,Description0,RT,44758
SS1651678244241,US,CD,context,Description8,RT,3538
SS1651678244241,US,CD,context,Description3,RT,4939
SS1651678244241,US,CD,focal,Description29,RT,2178
SS1651678244241,US,CD,context,Description2,RT,2905
SS1651678244241,US,CD,focal,Description5,RT,8272
SS1651678244241,US,CD,context,Description1,RT,2340
SS1651678244241,US,CD,focal,Description4,RT,3608
SS1651678245327,US,CD,focal,Description5,RT,9684.200000047684
SS1651678245327,US,CD,focal,Description5,RT,8369.699999988079
SS1651678245327,US,CD,context,Description3,RT,1646.0999999642372
SS1651678245327,US,CD,focal,Description0,RT,7219.800000011921
SS1651678245327,US,CD,context,Description3,RT,2124
SS1651678245327,US,CD,focal,Description6,RT,21354.099999964237
SS1651678245327,US,CD,context,Description1,RT,3937
SS1651678245327,US,CD,context,Description8,RT,8244.600000023842
SS1651678245327,US,CD,context,Description7,RT,3155.199999988079
SS1651678245327,US,CD,context,Description9,RT,5485.600000023842
SS1651678245327,US,CD,context,Description8,RT,3854.5
SS1651678245327,US,CD,context,Description3,RT,12400.100000023842
SS1651678245327,US,CD,focal,Description4,RT,4958.599999964237
SS1651678245327,US,CD,context,Description8,RT,4935.399999976158
SS1651678245327,US,CD,context,Description19,RT,7694
SS1651678245327,US,CD,focal,Description29,RT,1513.699999988079
SS1651678245327,US,CD,focal,Description5,RT,6337.800000011921
SS1651678245327,US,CD,context,Description2,RT,8317.300000011921
SS1651678245327,US,CD,focal,Description4,RT,7068.200000047684
SS1651678245327,US,CD,focal,Description6,RT,7239.099999964237
SS1651678245327,US,CD,focal,Description0,RT,7405.900000035763
SS1651678245327,US,CD,focal,Description6,RT,1826.4000000357628
SS1651678245327,US,CD,context,Description1,RT,5712.099999964237
SS1651678245327,US,CD,context,Description2,RT,7685
SS1651678245327,US,CD,context,Description7,RT,6151.599999964237
SS1651678245327,US,CD,focal,Description4,RT,11783.800000011921
SS1651678245327,US,CD,context,Description1,RT,4535.099999964237
SS1651678245327,US,CD,context,Description2,RT,4637.599999964237
SS1651678245327,US,CD,focal,Description0,RT,12435.399999976158
SS1651678245327,US,CD,context,Description7,RT,2901.2000000476837
SS1651678246330,US,CD,context,Description1,RT,4176
SS1651678246330,US,CD,focal,Description4,RT,3867
SS1651678246330,US,CD,focal,Description6,RT,11354
SS1651678246330,US,CD,focal,Description5,RT,6988
SS1651678246330,US,CD,context,Description3,RT,5659
SS1651678246330,US,CD,focal,Description6,RT,10660
SS1651678246330,US,CD,focal,Description6,RT,7629
SS1651678246330,US,CD,focal,Description4,RT,7911
SS1651678246330,US,CD,focal,Description5,RT,7916
SS1651678246330,US,CD,context,Description1,RT,8742
SS1651678246330,US,CD,context,Description7,RT,58578
SS1651678246330,US,CD,focal,Description0,RT,9994
SS1651678246330,US,CD,focal,Description5,RT,15017
SS1651678246330,US,CD,context,Description2,RT,6073
SS1651678246330,US,CD,context,Description1,RT,9914
SS1651678246330,US,CD,focal,Description0,RT,7290
SS1651678246330,US,CD,context,Description3,RT,3487
SS1651678246330,US,CD,context,Description2,RT,5555
SS1651678246330,US,CD,context,Description9,RT,11301
SS1651678246330,US,CD,focal,Description4,RT,9288
SS1651678246330,US,CD,context,Description19,RT,7544
SS1651678246330,US,CD,context,Description7,RT,8586
SS1651678246330,US,CD,context,Description2,RT,18344
SS1651678246330,US,CD,context,Description3,RT,11863
SS1651678246330,US,CD,context,Description7,RT,9154
SS1651678246330,US,CD,focal,Description0,RT,13276
SS1651678246330,US,CD,focal,Description29,RT,5910
SS1651678248637,US,CD,context,Description8,RT,3663
SS1651678248637,US,CD,context,Description2,RT,11471
SS1651678248637,US,CD,context,Description9,RT,15397
SS1651678248637,US,CD,focal,Description4,RT,10151
SS1651678248637,US,CD,context,Description1,RT,5491
SS1651678248637,US,CD,focal,Description6,RT,7509
SS1651678248637,US,CD,context,Description1,RT,null
SS1651678248637,US,CD,context,Description7,RT,7168
SS1651678248637,US,CD,context,Description7,RT,58161
SS1651678248637,US,CD,context,Description3,RT,9543
SS1651678248637,US,CD,focal,Description5,RT,7651
SS1651678248637,US,CD,focal,Description5,RT,11528
SS1651678248637,US,CD,context,Description2,RT,30079
SS1651678248637,US,CD,context,Description8,RT,33811
SS1651678248637,US,CD,context,Description7,RT,9544
SS1651678248637,US,CD,context,Description3,RT,5296
SS1651678248637,US,CD,focal,Description0,RT,5126
SS1651678248637,US,CD,focal,Description29,RT,11042
SS1651678248637,US,CD,focal,Description6,RT,24416
SS1651678248637,US,CD,focal,Description6,RT,23113
SS1651678248637,US,CD,focal,Description0,RT,31319
SS1651678248637,US,CD,focal,Description4,RT,17268
SS1651678248637,US,CD,context,Description3,RT,1843
SS1651678248637,US,CD,context,Description2,RT,20480
SS1651678248637,US,CD,context,Description19,RT,15653
SS1651678248637,US,CD,context,Description8,RT,6176
SS1651678248637,US,CD,focal,Description5,RT,14665
SS1651678248637,US,CD,context,Description1,RT,11449
SS1651678248637,US,CD,focal,Description0,RT,18450
SS1651678248637,US,CD,focal,Description4,RT,16868
SS1651678248989,US,CD,focal,Description4,RT,25353.399999976158
SS1651678248989,US,CD,focal,Description6,RT,8447.600000023842
SS1651678248989,US,CD,context,Description7,RT,31420.100000023842
SS1651678248989,US,CD,context,Description3,RT,6601.300000011921
SS1651678248989,US,CD,context,Description2,RT,4676.300000011921
SS1651678248989,US,CD,context,Description2,RT,10608.399999976158
SS1651678248989,US,CD,focal,Description4,RT,5123.100000023842
SS1651678248989,US,CD,focal,Description6,RT,15762.699999988079
SS1651678248989,US,CD,context,Description3,RT,2300.5
SS1651678248989,US,CD,context,Description7,RT,14428.100000023842
SS1651678248989,US,CD,focal,Description0,RT,3301.400000035763
SS1651678248989,US,CD,context,Description1,RT,5900.899999976158
SS1651678248989,US,CD,context,Description1,RT,15236.899999976158
SS1651678248989,US,CD,context,Description19,RT,9449.799999952316
SS1651678248989,US,CD,context,Description3,RT,7988.600000023842
SS1651678248989,US,CD,context,Description1,RT,6093.800000011921
SS1651678248989,US,CD,focal,Description6,RT,9423.800000011921
SS1651678248989,US,CD,context,Description2,RT,4981.700000047684
SS1651678248989,US,CD,focal,Description4,RT,4763.200000047684
SS1651678248989,US,CD,focal,Description0,RT,26439.100000023842
SS1651678248989,US,CD,focal,Description29,RT,2225.899999976158
SS1651678248989,US,CD,context,Description7,RT,10709
SS1651678248989,US,CD,focal,Description0,RT,539.9000000357628
SS1651678250397,US,CD,context,Description1,RT,46461
SS1651678250397,US,CD,context,Description3,RT,7561
SS1651678250397,US,CD,context,Description7,RT,8225
SS1651678250397,US,CD,focal,Description6,RT,14145
SS1651678250397,US,CD,context,Description3,RT,3537
SS1651678250397,US,CD,context,Description1,RT,8949
SS1651678250397,US,CD,focal,Description4,RT,11515
SS1651678250397,US,CD,context,Description2,RT,4696
SS1651678250397,US,CD,context,Description7,RT,9968
SS1651678250397,US,CD,focal,Description4,RT,7314
SS1651678250397,US,CD,focal,Description29,RT,3031
SS1651678250397,US,CD,context,Description19,RT,5874
SS1651678250397,US,CD,context,Description7,RT,6589
SS1651678250397,US,CD,context,Description3,RT,4715
SS1651678250397,US,CD,focal,Description6,RT,3930
SS1651678250397,US,CD,focal,Description6,RT,7380
SS1651678250397,US,CD,context,Description1,RT,11230
SS1651678250397,US,CD,focal,Description4,RT,16985
SS1651678250397,US,CD,context,Description2,RT,5241
SS1651678250397,US,CD,context,Description2,RT,9633
SS1651678252363,US,CD,focal,Description0,RT,10819.699999809265
SS1651678252363,US,CD,context,Description2,RT,15165.800000190735
SS1651678252363,US,CD,context,Description7,RT,4371.800000190735
SS1651678252363,US,CD,focal,Description5,RT,6376.60000038147
SS1651678252363,US,CD,context,Description7,RT,4927.300000190735
SS1651678252363,US,CD,focal,Description6,RT,16960.300000190735
SS1651678252363,US,CD,context,Description1,RT,8536.5
SS1651678252363,US,CD,context,Description2,RT,3538.8999996185303
SS1651678252363,US,CD,context,Description3,RT,4579.5
SS1651678252363,US,CD,focal,Description4,RT,3873
SS1651678252363,US,CD,context,Description7,RT,11059.70000076294
SS1651678252363,US,CD,focal,Description6,RT,7004.39999961853
SS1651678252363,US,CD,focal,Description0,RT,5571.299999237061
SS1651678252363,US,CD,context,Description9,RT,10691
SS1651678252363,US,CD,focal,Description0,RT,14422.699999809265
SS1651678252363,US,CD,context,Description1,RT,8506.10000038147
SS1651678252363,US,CD,focal,Description4,RT,7173.400000572205
SS1651678252363,US,CD,context,Description8,RT,3455.5
SS1651678252363,US,CD,context,Description3,RT,7117.599999427795
SS1651678252363,US,CD,context,Description3,RT,10623.10000038147
SS1651678252363,US,CD,context,Description8,RT,54043.099999427795
SS1651678252363,US,CD,focal,Description29,RT,3630.199999809265
SS1651678252363,US,CD,context,Description19,RT,5779.800000190735
SS1651678252363,US,CD,focal,Description5,RT,7719.699999809265
SS1651678252363,US,CD,context,Description1,RT,4120.799999237061
SS1651678252363,US,CD,context,Description2,RT,8645
SS1651678252363,US,CD,focal,Description6,RT,7209
SS1651678252363,US,CD,focal,Description4,RT,5123.199999809265
SS1651678252363,US,CD,context,Description8,RT,5029.39999961853
SS1651678252363,US,CD,focal,Description5,RT,3351.699999809265
SS1651678256204,US,CD,context,Description3,RT,16120.599999904633
SS1651678256204,US,CD,context,Description1,RT,16583.700000047684
SS1651678256204,US,CD,context,Description19,RT,8821.599999904633
SS1651678256204,US,CD,focal,Description4,RT,13425.599999904633
SS1651678256204,US,CD,context,Description7,RT,10121.599999904633
SS1651678256204,US,CD,context,Description1,RT,14082.099999904633
SS1651678256204,US,CD,context,Description1,RT,12528.700000047684
SS1651678256204,US,CD,focal,Description4,RT,26400.299999952316
SS1651678256204,US,CD,focal,Description29,RT,14034.200000047684
SS1651678256204,US,CD,focal,Description6,RT,7949.300000190735
SS1651678256204,US,CD,focal,Description6,RT,9791.200000047684
SS1651678256204,US,CD,context,Description7,RT,13955.200000047684
SS1651678256204,US,CD,context,Description3,RT,7199.299999952316
SS1651678256204,US,CD,focal,Description6,RT,17997.299999952316
SS1651678256204,US,CD,focal,Description4,RT,18184.699999809265
SS1651678256204,US,CD,context,Description3,RT,16357.200000047684
SS1651678256204,US,CD,context,Description9,RT,16316.899999856949
SS1651678256204,US,CD,context,Description7,RT,18410
SS1651678257395,US,CD,focal,Description4,RT,12428.700000047684
SS1651678257395,US,CD,context,Description2,RT,7323.099999904633
SS1651678257395,US,CD,context,Description9,RT,27242.799999952316
SS1651678257395,US,CD,focal,Description5,RT,18855.299999952316
SS1651678257395,US,CD,context,Description1,RT,5392.399999856949
SS1651678257395,US,CD,focal,Description29,RT,3430.0999999046326
SS1651678257395,US,CD,context,Description7,RT,11174.100000143051
SS1651678257395,US,CD,focal,Description0,RT,14143.399999856949
SS1651678257395,US,CD,context,Description8,RT,3992.899999856949
SS1651678257395,US,CD,focal,Description5,RT,8603.700000047684
SS1651678257395,US,CD,focal,Description6,RT,12100.799999952316
SS1651678257395,US,CD,context,Description2,RT,5940.200000047684
SS1651678257395,US,CD,context,Description8,RT,5569.699999809265
SS1651678257395,US,CD,focal,Description4,RT,5687.100000143051
SS1651678257395,US,CD,context,Description19,RT,4091.7000000476837
SS1651678257395,US,CD,context,Description3,RT,8214
SS1651678257395,US,CD,focal,Description6,RT,6683
SS1651678257395,US,CD,focal,Description4,RT,5126.100000143051
SS1651678257395,US,CD,context,Description3,RT,7713.100000143051
SS1651678257395,US,CD,context,Description8,RT,48508.39999985695
SS1651678257395,US,CD,context,Description7,RT,8192.700000047684
SS1651678257395,US,CD,context,Description7,RT,21443.5
SS1651678257395,US,CD,context,Description1,RT,3768
SS1651678257395,US,CD,focal,Description5,RT,12367.400000095367
SS1651678257395,US,CD,focal,Description6,RT,10835.200000047684
SS1651678257395,US,CD,context,Description2,RT,7856.100000143051
SS1651678257395,US,CD,focal,Description0,RT,6899.799999952316
SS1651678257395,US,CD,focal,Description0,RT,15049.400000095367
SS1651678257395,US,CD,context,Description3,RT,11357.099999904633
SS1651678257395,US,CD,context,Description1,RT,9789.299999952316
SS1651678258791,US,CD,focal,Description29,RT,18279.800000190735
SS1651678258791,US,CD,focal,Description5,RT,21960.39999985695
SS1651678258791,US,CD,context,Description7,RT,47370
SS1651678258791,US,CD,focal,Description5,RT,18069.599999904633
SS1651678258791,US,CD,context,Description3,RT,7243
SS1651678258791,US,CD,context,Description2,RT,16772.700000047684
SS1651678258791,US,CD,context,Description3,RT,2254.0999999046326
SS1651678258791,US,CD,context,Description1,RT,13360.5
SS1651678258791,US,CD,context,Description1,RT,4456.299999952316
SS1651678258791,US,CD,context,Description2,RT,4157
SS1651678258791,US,CD,context,Description2,RT,9196.099999904633
SS1651678258791,US,CD,context,Description8,RT,5011.899999856949
SS1651678258791,US,CD,focal,Description0,RT,6902.5
SS1651678258791,US,CD,context,Description19,RT,6530.5
SS1651678258791,US,CD,focal,Description0,RT,10631
SS1651678258791,US,CD,focal,Description5,RT,22600.700000047684
SS1651678258791,US,CD,context,Description9,RT,15812.600000143051
SS1651678258791,US,CD,focal,Description4,RT,10872.600000143051
SS1651678258791,US,CD,context,Description7,RT,38655.799999952316
SS1651678258791,US,CD,focal,Description6,RT,5551.799999952316
SS1651678258791,US,CD,focal,Description4,RT,5639.099999904633
SS1651678258791,US,CD,context,Description1,RT,11575
SS1651678258791,US,CD,focal,Description6,RT,7622.399999856949
SS1651678258791,US,CD,context,Description8,RT,2816.2000000476837
SS1651678258791,US,CD,context,Description8,RT,10925.399999856949
SS1651678258791,US,CD,focal,Description4,RT,16074
SS1651678258791,US,CD,focal,Description0,RT,16323.700000047684
SS1651678258791,US,CD,context,Description3,RT,15489.899999856949
SS1651678258791,US,CD,focal,Description6,RT,2959.5999999046326
SS1651678258791,US,CD,context,Description7,RT,6653.900000095367
SS1651678259296,US,CD,focal,Description5,RT,4096.899999976158
SS1651678259296,US,CD,focal,Description5,RT,47407.59999996424
SS1651678259296,US,CD,context,Description2,RT,3301.100000023842
SS1651678259296,US,CD,focal,Description5,RT,7420.199999988079
SS1651678259296,US,CD,context,Description8,RT,2822.400000035763
SS1651678259296,US,CD,focal,Description6,RT,4125.800000011921
SS1651678259296,US,CD,focal,Description0,RT,18907.80000001192
SS1651678259296,US,CD,context,Description7,RT,2520.199999988079
SS1651678259296,US,CD,context,Description3,RT,7294.5
SS1651678259296,US,CD,context,Description3,RT,27356.69999998808
SS1651678259296,US,CD,context,Description8,RT,10614.5
SS1651678259296,US,CD,context,Description7,RT,33929.19999998808
SS1651678259296,US,CD,focal,Description4,RT,7178.800000011921
SS1651678259296,US,CD,context,Description1,RT,6493
SS1651678259296,US,CD,context,Description9,RT,18306.69999998808
SS1651678259296,US,CD,focal,Description4,RT,3039.600000023842
SS1651678259296,US,CD,context,Description1,RT,2128.099999964237
SS1651678259296,US,CD,context,Description19,RT,5939.400000035763
SS1651678259296,US,CD,context,Description3,RT,1978.5999999642372
SS1651678259296,US,CD,context,Description2,RT,7707.699999988079
SS1651678259296,US,CD,context,Description8,RT,3826
SS1651678259296,US,CD,context,Description1,RT,3494.100000023842
SS1651678259296,US,CD,focal,Description6,RT,16374.599999964237
SS1651678259296,US,CD,focal,Description0,RT,11759.5
SS1651678259296,US,CD,context,Description7,RT,2326
SS1651678259296,US,CD,focal,Description4,RT,6238.100000023842
SS1651678259296,US,CD,focal,Description6,RT,9285.899999976158
SS1651678259296,US,CD,focal,Description0,RT,10274.200000047684
SS1651678259296,US,CD,context,Description2,RT,10754.800000011921
SS1651678259296,US,CD,focal,Description29,RT,4696.800000011921
SS1651678260164,US,CD,context,Description8,RT,20111.199999809265
SS1651678260164,US,CD,context,Description3,RT,2327.0999999046326
SS1651678260164,US,CD,focal,Description4,RT,4831
SS1651678260164,US,CD,focal,Description6,RT,6222.300000190735
SS1651678260164,US,CD,focal,Description0,RT,28019.599999904633
SS1651678260164,US,CD,context,Description3,RT,1375.3999998569489
SS1651678260164,US,CD,focal,Description5,RT,3955.5999999046326
SS1651678260164,US,CD,focal,Description5,RT,15163
SS1651678260164,US,CD,context,Description1,RT,4219.200000047684
SS1651678260164,US,CD,focal,Description0,RT,3803.899999856949
SS1651678260164,US,CD,context,Description19,RT,3891.0999999046326
SS1651678260164,US,CD,focal,Description29,RT,1583.5
SS1651678260164,US,CD,context,Description7,RT,1587.9000000953674
SS1651678260164,US,CD,context,Description3,RT,4059.9000000953674
SS1651678260164,US,CD,context,Description9,RT,8251.100000143051
SS1651678260164,US,CD,focal,Description4,RT,3447.7000000476837
SS1651678260164,US,CD,context,Description1,RT,5835.5
SS1651678260164,US,CD,focal,Description0,RT,2091.7000000476837
SS1651678260164,US,CD,context,Description7,RT,10903
SS1651678260164,US,CD,focal,Description6,RT,4084.0999999046326
SS1651678260164,US,CD,focal,Description6,RT,4291.5
SS1651678260164,US,CD,context,Description1,RT,1673.2999999523163
SS1651678260164,US,CD,context,Description8,RT,2361.2000000476837
SS1651678260164,US,CD,focal,Description5,RT,4298.5
SS1651678260164,US,CD,context,Description8,RT,1982.7000000476837
SS1651678260164,US,CD,context,Description7,RT,2198.0999999046326
SS1651678260164,US,CD,focal,Description4,RT,16177.700000047684
SS1651678260331,US,CD,focal,Description4,RT,18113.600000023842
SS1651678260331,US,CD,context,Description7,RT,17052.100000023842
SS1651678260331,US,CD,context,Description2,RT,2807.100000023842
SS1651678260331,US,CD,context,Description3,RT,6126.799999952316
SS1651678260331,US,CD,focal,Description4,RT,6310.699999928474
SS1651678260331,US,CD,context,Description19,RT,9781.700000047684
SS1651678260331,US,CD,context,Description3,RT,8155.100000023842
SS1651678260331,US,CD,context,Description7,RT,9040
SS1651678260331,US,CD,context,Description7,RT,6774.099999904633
SS1651678260331,US,CD,focal,Description6,RT,12330.899999976158
SS1651678260331,US,CD,focal,Description0,RT,11965.600000023842
SS1651678260331,US,CD,context,Description9,RT,13475.800000071526
SS1651678260331,US,CD,context,Description8,RT,4631.100000023842
SS1651678260331,US,CD,context,Description1,RT,10199.699999928474
SS1651678260331,US,CD,context,Description8,RT,53043.200000047684
SS1651678260331,US,CD,context,Description1,RT,55316.200000047684
SS1651678260331,US,CD,focal,Description0,RT,9640.600000023842
SS1651678260331,US,CD,focal,Description6,RT,33341.299999952316
SS1651678260331,US,CD,focal,Description6,RT,12276.700000047684
SS1651678260331,US,CD,context,Description1,RT,4132.100000023842
SS1651678260331,US,CD,context,Description3,RT,2977.7000000476837
SS1651678260331,US,CD,focal,Description4,RT,10303.699999928474
SS1651678260331,US,CD,context,Description2,RT,20157.199999928474
SS1651678260331,US,CD,context,Description8,RT,6829.399999976158
SS1651678260331,US,CD,focal,Description29,RT,20910.399999976158
SS1651678260331,US,CD,focal,Description0,RT,56057.700000047684
SS1651678260331,US,CD,context,Description2,RT,23155.899999976158
SS1651678260663,US,CD,focal,Description0,RT,12528.799999952316
SS1651678260663,US,CD,context,Description2,RT,10836.300000071526
SS1651678260663,US,CD,context,Description3,RT,5753.899999976158
SS1651678260663,US,CD,context,Description9,RT,5445.800000071526
SS1651678260663,US,CD,focal,Description6,RT,4541.200000047684
SS1651678260663,US,CD,focal,Description0,RT,10657.799999952316
SS1651678260663,US,CD,context,Description7,RT,11694.699999928474
SS1651678260663,US,CD,focal,Description4,RT,9545.799999952316
SS1651678260663,US,CD,focal,Description0,RT,6966.5
SS1651678260663,US,CD,focal,Description5,RT,6831
SS1651678260663,US,CD,focal,Description29,RT,4406
SS1651678260663,US,CD,context,Description3,RT,9605.699999928474
SS1651678260663,US,CD,context,Description1,RT,8644.200000047684
SS1651678260663,US,CD,context,Description1,RT,8966.899999976158
SS1651678260663,US,CD,context,Description1,RT,7439.5
SS1651678260663,US,CD,focal,Description4,RT,6361.899999976158
SS1651678260663,US,CD,focal,Description6,RT,9484.399999976158
SS1651678260663,US,CD,context,Description7,RT,10419.700000047684
SS1651678260663,US,CD,focal,Description6,RT,7469.399999976158
SS1651678260663,US,CD,context,Description2,RT,5503.600000023842
SS1651678260663,US,CD,context,Description19,RT,7022.700000047684
SS1651678260663,US,CD,focal,Description4,RT,22166.800000071526
SS1651678260663,US,CD,focal,Description5,RT,3913.5
SS1651678260663,US,CD,context,Description3,RT,5076.399999976158
SS1651678260663,US,CD,context,Description7,RT,4177.100000023842
SS1651678260663,US,CD,context,Description2,RT,16625.899999976158
SS1651678260663,US,CD,focal,Description5,RT,13315
SS1651678261063,US,CD,focal,Description4,RT,5575.0999999940395
SS1651678261063,US,CD,context,Description1,RT,7476.699999988079
SS1651678261063,US,CD,focal,Description0,RT,8378.899999976158
SS1651678261063,US,CD,focal,Description29,RT,3284.5999999940395
SS1651678261063,US,CD,focal,Description4,RT,5199.899999976158
SS1651678261063,US,CD,context,Description3,RT,6274.699999988079
SS1651678261063,US,CD,focal,Description5,RT,6781.300000011921
SS1651678261063,US,CD,context,Description9,RT,9865.09999999404
SS1651678261063,US,CD,context,Description1,RT,5693.200000017881
SS1651678261063,US,CD,focal,Description6,RT,14895.59999999404
SS1651678261063,US,CD,context,Description3,RT,4024
SS1651678261063,US,CD,focal,Description6,RT,42176
SS1651678261063,US,CD,focal,Description4,RT,8341
SS1651678261063,US,CD,focal,Description5,RT,7588
SS1651678261063,US,CD,focal,Description0,RT,29731
SS1651678261063,US,CD,focal,Description0,RT,7653.5999999940395
SS1651678261063,US,CD,focal,Description6,RT,3827.9000000059605
SS1651678261063,US,CD,context,Description3,RT,7986.899999976158
SS1651678261063,US,CD,context,Description1,RT,3101.699999988079
SS1651678261063,US,CD,context,Description19,RT,9707.09999999404
SS1651678261063,US,CD,focal,Description5,RT,5774.600000023842
SS1651678261912,US,CD,context,Description7,RT,3737.7999999523163
SS1651678261912,US,CD,focal,Description4,RT,3422.5
SS1651678261912,US,CD,context,Description7,RT,9934.700000047684
SS1651678261912,US,CD,context,Description7,RT,25023.39999985695
SS1651678261912,US,CD,focal,Description6,RT,2014.5
SS1651678261912,US,CD,context,Description1,RT,10254.5
SS1651678261912,US,CD,focal,Description6,RT,27400.200000047684
SS1651678261912,US,CD,context,Description19,RT,3612.9000000953674
SS1651678261912,US,CD,focal,Description6,RT,9846.5
SS1651678261912,US,CD,focal,Description4,RT,9977.200000047684
SS1651678261912,US,CD,focal,Description0,RT,2862.7999999523163
SS1651678261912,US,CD,focal,Description0,RT,7298.200000047684
SS1651678261912,US,CD,context,Description1,RT,6003.399999856949
SS1651678261912,US,CD,focal,Description4,RT,7711.399999856949
SS1651678261912,US,CD,focal,Description29,RT,2175.2999999523163
SS1651678261912,US,CD,context,Description1,RT,19480.900000095367
SS1651678261912,US,CD,focal,Description0,RT,16554.400000095367
SS1651678262590,US,CD,focal,Description6,RT,9886.200000047684
SS1651678262590,US,CD,context,Description3,RT,9418.599999904633
SS1651678262590,US,CD,focal,Description0,RT,15248.799999952316
SS1651678262590,US,CD,focal,Description4,RT,2783.5999999046326
SS1651678262590,US,CD,focal,Description4,RT,10800.399999856949
SS1651678262590,US,CD,focal,Description5,RT,4055.5
SS1651678262590,US,CD,context,Description7,RT,20375.700000047684
SS1651678262590,US,CD,context,Description2,RT,13132.799999952316
SS1651678262590,US,CD,context,Description2,RT,19361.5
SS1651678262590,US,CD,context,Description7,RT,22085.799999952316
SS1651678262590,US,CD,context,Description19,RT,3331.600000143051
SS1651678262590,US,CD,context,Description3,RT,1804.7999999523163
SS1651678262590,US,CD,focal,Description6,RT,2547.899999856949
SS1651678262590,US,CD,focal,Description5,RT,8724.300000190735
SS1651678262590,US,CD,context,Description7,RT,3117.899999856949
SS1651678262590,US,CD,focal,Description0,RT,5854.600000143051
SS1651678262590,US,CD,focal,Description29,RT,1746.2999999523163
SS1651678262590,US,CD,focal,Description5,RT,7914.299999952316
SS1651678262590,US,CD,focal,Description6,RT,3794.5
SS1651678262590,US,CD,context,Description1,RT,4528.400000095367
SS1651678262590,US,CD,context,Description1,RT,4900.5
SS1651678262590,US,CD,focal,Description4,RT,3647.2000000476837
SS1651678262590,US,CD,context,Description3,RT,3298.5999999046326
SS1651678262590,US,CD,context,Description1,RT,2330
SS1651678262590,US,CD,context,Description2,RT,3319.2999999523163
SS1651678262590,US,CD,focal,Description0,RT,23437.10000014305
SS1651678262854,US,CD,context,Description7,RT,4399.4000000059605
SS1651678262854,US,CD,context,Description1,RT,5090.9000000059605
SS1651678262854,US,CD,context,Description2,RT,2477.7999999821186
SS1651678262854,US,CD,context,Description2,RT,23784
SS1651678262854,US,CD,focal,Description6,RT,2373.7999999821186
SS1651678262854,US,CD,focal,Description6,RT,7088.199999988079
SS1651678262854,US,CD,focal,Description0,RT,15831.90000000596
SS1651678262854,US,CD,context,Description3,RT,50480.80000001192
SS1651678262854,US,CD,focal,Description5,RT,3651.4000000059605
SS1651678262854,US,CD,context,Description19,RT,3150.199999988079
SS1651678262854,US,CD,context,Description3,RT,1771.199999988079
SS1651678262854,US,CD,context,Description1,RT,3661
SS1651678262854,US,CD,context,Description3,RT,2416.7000000178814
SS1651678262854,US,CD,focal,Description0,RT,11197.59999999404
SS1651678262854,US,CD,focal,Description4,RT,4893
SS1651678262854,US,CD,focal,Description4,RT,4282.299999982119
SS1651678262854,US,CD,context,Description7,RT,4546.4000000059605
SS1651678262854,US,CD,focal,Description5,RT,39670.90000000596
SS1651678262854,US,CD,context,Description9,RT,5645.899999976158
SS1651678262854,US,CD,focal,Description29,RT,2366.199999988079
SS1651678262854,US,CD,focal,Description5,RT,8154.700000017881
SS1651678262854,US,CD,focal,Description4,RT,8888.799999982119
SS1651678262854,US,CD,context,Description7,RT,20726.20000001788
SS1651678262854,US,CD,focal,Description6,RT,7696.5999999940395
SS1651678262854,US,CD,context,Description1,RT,2458.899999976158
SS1651678262854,US,CD,context,Description2,RT,8886.100000023842
SS1651678262854,US,CD,focal,Description0,RT,8265.40000000596
SS1651678263725,US,CD,focal,Description6,RT,6298
SS1651678263725,US,CD,focal,Description5,RT,15971
SS1651678263725,US,CD,context,Description3,RT,5521
SS1651678263725,US,CD,context,Description7,RT,4113
SS1651678263725,US,CD,context,Description7,RT,26873
SS1651678263725,US,CD,focal,Description0,RT,9162
SS1651678263725,US,CD,context,Description8,RT,3766
SS1651678263725,US,CD,context,Description3,RT,6048
SS1651678263725,US,CD,context,Description2,RT,3665
SS1651678263725,US,CD,context,Description3,RT,2291
SS1651678263725,US,CD,focal,Description4,RT,5714
SS1651678263725,US,CD,focal,Description6,RT,5521
SS1651678263725,US,CD,focal,Description0,RT,4196
SS1651678263725,US,CD,context,Description8,RT,10637
SS1651678263725,US,CD,focal,Description6,RT,4236
SS1651678263725,US,CD,focal,Description4,RT,7236
SS1651678263725,US,CD,context,Description2,RT,13968
SS1651678263725,US,CD,context,Description2,RT,7292
SS1651678263725,US,CD,focal,Description0,RT,10279
SS1651678263725,US,CD,context,Description1,RT,13539
SS1651678263725,US,CD,focal,Description5,RT,13013
SS1651678263725,US,CD,context,Description8,RT,2414
SS1651678263725,US,CD,context,Description1,RT,2862
SS1651678263725,US,CD,context,Description19,RT,7062
SS1651678263725,US,CD,context,Description7,RT,5123
SS1651678263725,US,CD,focal,Description5,RT,4682
SS1651678263725,US,CD,context,Description9,RT,9763
SS1651678263725,US,CD,focal,Description4,RT,21329
SS1651678263725,US,CD,context,Description1,RT,2706
SS1651678263725,US,CD,focal,Description29,RT,1814
SS1651678265100,US,CD,context,Description1,RT,6461
SS1651678265100,US,CD,context,Description7,RT,31274
SS1651678265100,US,CD,context,Description7,RT,17453
SS1651678265100,US,CD,focal,Description4,RT,23498
SS1651678265100,US,CD,focal,Description5,RT,6674
SS1651678265100,US,CD,context,Description8,RT,2583
SS1651678265100,US,CD,focal,Description6,RT,6875
SS1651678265100,US,CD,context,Description2,RT,7990
SS1651678265100,US,CD,focal,Description0,RT,33389
SS1651678265100,US,CD,focal,Description4,RT,4806
SS1651678265100,US,CD,context,Description8,RT,1862
SS1651678265100,US,CD,focal,Description29,RT,1641
SS1651678265100,US,CD,context,Description1,RT,5711
SS1651678265100,US,CD,context,Description1,RT,4265
SS1651678265100,US,CD,focal,Description6,RT,1754
SS1651678265100,US,CD,context,Description2,RT,3340
SS1651678265100,US,CD,context,Description7,RT,3057
SS1651678265100,US,CD,context,Description3,RT,7112
SS1651678265100,US,CD,focal,Description6,RT,3326
SS1651678265100,US,CD,context,Description2,RT,5455
SS1651678265100,US,CD,focal,Description5,RT,8169
SS1651678265100,US,CD,focal,Description5,RT,2503
SS1651678265100,US,CD,focal,Description4,RT,2910
SS1651678265100,US,CD,context,Description3,RT,2972
SS1651678265100,US,CD,context,Description19,RT,4163
SS1651678265100,US,CD,focal,Description0,RT,6703
SS1651678265100,US,CD,focal,Description0,RT,6282
SS1651678265100,US,CD,context,Description3,RT,1939
SS1651678265100,US,CD,context,Description8,RT,16907
SS1651678265263,US,CD,focal,Description5,RT,55723
SS1651678265263,US,CD,context,Description2,RT,null
SS1651678265263,US,CD,context,Description7,RT,41445
SS1651678265263,US,CD,focal,Description4,RT,24811
SS1651678265263,US,CD,focal,Description0,RT,22609
SS1651678265263,US,CD,focal,Description5,RT,23496
SS1651678265263,US,CD,focal,Description0,RT,8381
SS1651678265263,US,CD,context,Description3,RT,11858
SS1651678265263,US,CD,focal,Description4,RT,42217
SS1651678265263,US,CD,context,Description3,RT,4911
SS1651678265263,US,CD,context,Description8,RT,6308
SS1651678265263,US,CD,focal,Description4,RT,40553
SS1651678265263,US,CD,context,Description2,RT,15768
SS1651678265263,US,CD,context,Description2,RT,15211
SS1651678265263,US,CD,focal,Description6,RT,31694
SS1651678265263,US,CD,context,Description8,RT,9093
SS1651678265263,US,CD,focal,Description6,RT,35451
SS1651678265263,US,CD,focal,Description5,RT,31337
SS1651678265263,US,CD,focal,Description29,RT,17283
SS1651678265263,US,CD,context,Description1,RT,13050
SS1651678265263,US,CD,context,Description1,RT,27373
SS1651678265263,US,CD,context,Description19,RT,44849
SS1651678265263,US,CD,context,Description7,RT,null
SS1651678265263,US,CD,context,Description3,RT,19285
SS1651678265263,US,CD,focal,Description6,RT,19990
SS1651678265263,US,CD,context,Description7,RT,12003
SS1651678265263,US,CD,context,Description8,RT,null
SS1651678265263,US,CD,context,Description1,RT,48537
SS1651678265263,US,CD,context,Description9,RT,24021
SS1651678265263,US,CD,focal,Description0,RT,21840
SS1651678267011,US,CD,context,Description3,RT,10731.099999904633
SS1651678267011,US,CD,context,Description2,RT,2506.5
SS1651678267011,US,CD,focal,Description4,RT,10155
SS1651678267011,US,CD,focal,Description0,RT,11552.699999809265
SS1651678267011,US,CD,focal,Description6,RT,7422.599999904633
SS1651678267011,US,CD,context,Description9,RT,8102.199999809265
SS1651678267011,US,CD,context,Description2,RT,7500.200000047684
SS1651678267011,US,CD,context,Description7,RT,53027.799999952316
SS1651678267011,US,CD,context,Description7,RT,6228.200000047684
SS1651678267011,US,CD,focal,Description4,RT,15129
SS1651678267011,US,CD,context,Description2,RT,4572.400000095367
SS1651678267011,US,CD,context,Description3,RT,3583.0999999046326
SS1651678267011,US,CD,context,Description1,RT,2306.5
SS1651678267011,US,CD,context,Description3,RT,2365.4000000953674
SS1651678267011,US,CD,focal,Description29,RT,1761.1000001430511
SS1651678267011,US,CD,focal,Description6,RT,8891.899999856949
SS1651678267011,US,CD,focal,Description0,RT,7432.599999904633
SS1651678267011,US,CD,focal,Description4,RT,7787.099999904633
SS1651678267011,US,CD,focal,Description5,RT,6844.099999904633
SS1651678267011,US,CD,focal,Description6,RT,3893.199999809265
SS1651678267011,US,CD,focal,Description5,RT,4441.600000143051
SS1651678267011,US,CD,context,Description19,RT,6618.100000143051
SS1651678267011,US,CD,context,Description8,RT,7469.799999952316
SS1651678267011,US,CD,focal,Description5,RT,10684.5
SS1651678267011,US,CD,context,Description8,RT,5368.5
SS1651678267011,US,CD,context,Description8,RT,3872.0999999046326
SS1651678267011,US,CD,context,Description1,RT,5476.299999952316
SS1651678267011,US,CD,focal,Description0,RT,6268.5
SS1651678267011,US,CD,context,Description7,RT,4557.5
SS1651678267011,US,CD,context,Description1,RT,8966.700000047684
SS1651678267140,US,CD,focal,Description6,RT,24599
SS1651678267140,US,CD,context,Description19,RT,5010
SS1651678267140,US,CD,context,Description1,RT,5886
SS1651678267140,US,CD,context,Description3,RT,4261
SS1651678267140,US,CD,context,Description8,RT,10755
SS1651678267140,US,CD,context,Description2,RT,5473
SS1651678267140,US,CD,focal,Description4,RT,6332
SS1651678267140,US,CD,focal,Description6,RT,8635
SS1651678267140,US,CD,focal,Description4,RT,3209
SS1651678267140,US,CD,context,Description1,RT,5199
SS1651678267140,US,CD,context,Description3,RT,13714
SS1651678267140,US,CD,context,Description1,RT,43523
SS1651678267140,US,CD,context,Description3,RT,2338
SS1651678267140,US,CD,context,Description8,RT,3642
SS1651678267140,US,CD,context,Description2,RT,21489
SS1651678267140,US,CD,context,Description7,RT,3339
SS1651678267140,US,CD,focal,Description5,RT,16503
SS1651678267140,US,CD,focal,Description5,RT,3029
SS1651678267140,US,CD,focal,Description0,RT,5638
SS1651678267140,US,CD,context,Description9,RT,8241
SS1651678267140,US,CD,focal,Description0,RT,12007
SS1651678267140,US,CD,focal,Description4,RT,5143
SS1651678267140,US,CD,focal,Description0,RT,2426
SS1651678267140,US,CD,context,Description7,RT,3991
SS1651678267140,US,CD,focal,Description5,RT,10407
SS1651678267140,US,CD,focal,Description6,RT,3784
SS1651678267140,US,CD,context,Description7,RT,5583
SS1651678267140,US,CD,context,Description2,RT,4298
SS1651678267140,US,CD,context,Description8,RT,2155
SS1651678267405,US,CD,context,Description7,RT,21206
SS1651678267405,US,CD,focal,Description4,RT,21658.10000014305
SS1651678267405,US,CD,context,Description3,RT,4100.599999904633
SS1651678267405,US,CD,context,Description8,RT,11862.100000143051
SS1651678267405,US,CD,focal,Description5,RT,15122.200000047684
SS1651678267405,US,CD,context,Description8,RT,18813.799999952316
SS1651678267405,US,CD,context,Description7,RT,33290
SS1651678267405,US,CD,context,Description9,RT,31850.200000047684
SS1651678267405,US,CD,focal,Description5,RT,16335.700000047684
SS1651678267405,US,CD,focal,Description29,RT,31463.799999952316
SS1651678267405,US,CD,context,Description1,RT,28245.900000095367
SS1651678267405,US,CD,focal,Description5,RT,5146.5
SS1651678267405,US,CD,focal,Description4,RT,12251.399999856949
SS1651678267405,US,CD,context,Description1,RT,11985.799999952316
SS1651678267405,US,CD,focal,Description6,RT,null
SS1651678267405,US,CD,focal,Description4,RT,16527.099999904633
SS1651678267405,US,CD,context,Description7,RT,5396.899999856949
SS1651678267405,US,CD,context,Description3,RT,7327.099999904633
SS1651678267405,US,CD,context,Description19,RT,9098.299999952316
SS1651678267405,US,CD,focal,Description6,RT,15579.900000095367
SS1651678267405,US,CD,context,Description3,RT,4995.900000095367
SS1651678267405,US,CD,focal,Description6,RT,14749.400000095367
SS1651678267405,US,CD,context,Description8,RT,5025.5
SS1651678267405,US,CD,context,Description1,RT,13865.599999904633
SS1651678270245,US,CD,context,Description1,RT,6118
SS1651678270245,US,CD,context,Description2,RT,17963
SS1651678270245,US,CD,context,Description1,RT,23472
SS1651678270245,US,CD,focal,Description0,RT,24551
SS1651678270245,US,CD,context,Description9,RT,33308
SS1651678270245,US,CD,focal,Description6,RT,null
SS1651678270245,US,CD,context,Description2,RT,9251
SS1651678270245,US,CD,context,Description7,RT,9949
SS1651678270245,US,CD,focal,Description5,RT,13037
SS1651678270245,US,CD,focal,Description6,RT,14718
SS1651678270245,US,CD,context,Description3,RT,2370
SS1651678270245,US,CD,focal,Description4,RT,27695
SS1651678270245,US,CD,context,Description3,RT,14889
SS1651678270245,US,CD,focal,Description4,RT,13368
SS1651678270245,US,CD,context,Description1,RT,5678
SS1651678270245,US,CD,context,Description7,RT,17063
SS1651678270245,US,CD,focal,Description0,RT,43305
SS1651678270245,US,CD,focal,Description4,RT,7275
SS1651678270245,US,CD,focal,Description6,RT,13409
SS1651678270245,US,CD,context,Description7,RT,19337
SS1651678270245,US,CD,focal,Description5,RT,32282
SS1651678270245,US,CD,context,Description2,RT,13081
SS1651678270245,US,CD,context,Description3,RT,3471
SS1651678270245,US,CD,context,Description19,RT,9502
SS1651678270245,US,CD,focal,Description29,RT,8207
SS1651678270245,US,CD,focal,Description0,RT,8330
SS1651678270245,US,CD,focal,Description5,RT,9671
SS1651678270524,US,CD,focal,Description29,RT,4424.100000023842
SS1651678270524,US,CD,context,Description3,RT,4307.600000023842
SS1651678270524,US,CD,focal,Description6,RT,6991.299999952316
SS1651678270524,US,CD,context,Description9,RT,11564.899999976158
SS1651678270524,US,CD,focal,Description4,RT,4341.600000023842
SS1651678270524,US,CD,focal,Description0,RT,12108
SS1651678270524,US,CD,focal,Description5,RT,8585.099999904633
SS1651678270524,US,CD,context,Description19,RT,6820
SS1651678270524,US,CD,context,Description3,RT,12487.100000023842
SS1651678270524,US,CD,context,Description7,RT,5205.300000071526
SS1651678270524,US,CD,focal,Description5,RT,12071.899999976158
SS1651678270524,US,CD,focal,Description4,RT,8895.100000023842
SS1651678270524,US,CD,context,Description3,RT,2492.100000023842
SS1651678270524,US,CD,context,Description2,RT,7088.399999976158
SS1651678270524,US,CD,focal,Description5,RT,7628.300000071526
SS1651678270524,US,CD,context,Description7,RT,16323.5
SS1651678270524,US,CD,context,Description1,RT,2463.5
SS1651678270524,US,CD,context,Description7,RT,9053.699999928474
SS1651678270524,US,CD,focal,Description4,RT,12101.300000071526
SS1651678270524,US,CD,focal,Description6,RT,3054.899999976158
SS1651678270524,US,CD,context,Description1,RT,3802.5
SS1651678270524,US,CD,context,Description1,RT,7162.300000071526
SS1651678270524,US,CD,context,Description2,RT,1819.5
SS1651678270524,US,CD,context,Description2,RT,4567.899999976158
SS1651678270524,US,CD,focal,Description0,RT,7496.899999976158
SS1651678270524,US,CD,focal,Description0,RT,6404
SS1651678270524,US,CD,focal,Description6,RT,8235.799999952316
SS1651678271326,US,CD,focal,Description6,RT,6706.200000047684
SS1651678271326,US,CD,focal,Description4,RT,14119.600000023842
SS1651678271326,US,CD,focal,Description0,RT,8633.200000047684
SS1651678271326,US,CD,context,Description8,RT,59132.09999990463
SS1651678271326,US,CD,focal,Description0,RT,15870.800000071526
SS1651678271326,US,CD,context,Description1,RT,4864.200000047684
SS1651678271326,US,CD,context,Description2,RT,34274.299999952316
SS1651678271326,US,CD,context,Description1,RT,2223.7000000476837
SS1651678271326,US,CD,context,Description9,RT,14136.700000047684
SS1651678271326,US,CD,context,Description2,RT,5405.600000023842
SS1651678271326,US,CD,context,Description7,RT,9898.399999976158
SS1651678271326,US,CD,focal,Description0,RT,8923
SS1651678271326,US,CD,context,Description7,RT,37260.60000002384
SS1651678271326,US,CD,focal,Description4,RT,7535.100000023842
SS1651678271326,US,CD,context,Description7,RT,12161.300000071526
SS1651678271326,US,CD,context,Description3,RT,2852.899999976158
SS1651678271326,US,CD,focal,Description5,RT,5827.899999976158
SS1651678271326,US,CD,context,Description8,RT,1904.2000000476837
SS1651678271326,US,CD,focal,Description4,RT,15504.600000023842
SS1651678271326,US,CD,context,Description3,RT,5992.5
SS1651678271326,US,CD,context,Description19,RT,3603.9000000953674
SS1651678271326,US,CD,focal,Description5,RT,6323.800000071526
SS1651678271326,US,CD,focal,Description29,RT,5746.299999952316
SS1651678271326,US,CD,focal,Description6,RT,8013.399999976158
SS1651678271326,US,CD,context,Description2,RT,3499.5
SS1651678271326,US,CD,focal,Description6,RT,7838.600000023842
SS1651678271326,US,CD,focal,Description5,RT,6282.600000023842
SS1651678271326,US,CD,context,Description3,RT,17533.5
SS1651678271326,US,CD,context,Description1,RT,3787.1999999284744
SS1651678271326,US,CD,context,Description8,RT,7845.899999976158
SS1651678274966,US,CD,focal,Description4,RT,11252.799999952316
SS1651678274966,US,CD,focal,Description0,RT,8085.600000023842
SS1651678274966,US,CD,context,Description1,RT,5759.900000035763
SS1651678274966,US,CD,context,Description19,RT,4323.800000011921
SS1651678274966,US,CD,focal,Description4,RT,8773.199999988079
SS1651678274966,US,CD,focal,Description0,RT,2785.5
SS1651678274966,US,CD,focal,Description6,RT,7564.600000023842
SS1651678274966,US,CD,focal,Description5,RT,6680.699999988079
SS1651678274966,US,CD,context,Description3,RT,1634.300000011921
SS1651678274966,US,CD,focal,Description6,RT,6165
SS1651678274966,US,CD,context,Description2,RT,2928.2999999523163
SS1651678274966,US,CD,focal,Description5,RT,12559.800000011921
SS1651678274966,US,CD,context,Description1,RT,3419.699999988079
SS1651678274966,US,CD,focal,Description0,RT,23907
SS1651678274966,US,CD,context,Description2,RT,24173.30000001192
SS1651678274966,US,CD,focal,Description4,RT,8161.699999988079
SS1651678274966,US,CD,context,Description3,RT,2939.100000023842
SS1651678274966,US,CD,context,Description1,RT,7950.799999952316
SS1651678274966,US,CD,context,Description3,RT,2921.099999964237
SS1651678274966,US,CD,context,Description9,RT,13270.300000011921
SS1651678274966,US,CD,focal,Description5,RT,6119.899999976158
SS1651678274966,US,CD,context,Description2,RT,31372.100000023842
SS1651678274966,US,CD,context,Description7,RT,5142.300000011921
SS1651678274966,US,CD,context,Description7,RT,16614.69999998808
SS1651678274966,US,CD,context,Description7,RT,4172.900000035763
SS1651678274966,US,CD,focal,Description29,RT,10707
SS1651678274966,US,CD,focal,Description6,RT,2387.2000000476837
SS1651678298946,US,CD,context,Description3,RT,3326.300000011921
SS1651678298946,US,CD,focal,Description4,RT,5041.300000011921
SS1651678298946,US,CD,context,Description9,RT,17252.400000035763
SS1651678298946,US,CD,focal,Description29,RT,2196.800000011921
SS1651678298946,US,CD,focal,Description6,RT,3476.399999976158
SS1651678298946,US,CD,context,Description1,RT,8916.599999964237
SS1651678298946,US,CD,focal,Description5,RT,4313.5
SS1651678298946,US,CD,focal,Description0,RT,19388.5
SS1651678298946,US,CD,context,Description2,RT,10702.199999988079
SS1651678298946,US,CD,context,Description7,RT,12657
SS1651678298946,US,CD,context,Description7,RT,2872.899999976158
SS1651678298946,US,CD,focal,Description4,RT,20316.099999964237
SS1651678298946,US,CD,context,Description2,RT,7309.5
SS1651678298946,US,CD,focal,Description6,RT,6643.300000011921
SS1651678298946,US,CD,context,Description7,RT,1935.199999988079
SS1651678298946,US,CD,context,Description1,RT,5061.899999976158
SS1651678298946,US,CD,context,Description2,RT,9044.699999988079
SS1651678298946,US,CD,context,Description1,RT,10690.299999952316
SS1651678298946,US,CD,focal,Description5,RT,3610.199999988079
SS1651678298946,US,CD,focal,Description0,RT,16347.399999976158
SS1651678298946,US,CD,focal,Description5,RT,6819
SS1651678298946,US,CD,focal,Description0,RT,15943.800000011921
SS1651678298946,US,CD,context,Description19,RT,5762.800000011921
SS1651678298946,US,CD,focal,Description4,RT,3702.5
SS1651678298946,US,CD,context,Description3,RT,1735
SS1651678298946,US,CD,context,Description3,RT,6208.699999988079
SS1651678298946,US,CD,focal,Description6,RT,9689.199999988079
SS1651678302508,US,CD,context,Description2,RT,3159
SS1651678302508,US,CD,focal,Description4,RT,5142
SS1651678302508,US,CD,context,Description1,RT,6330
SS1651678302508,US,CD,context,Description1,RT,4871
SS1651678302508,US,CD,focal,Description6,RT,4316
SS1651678302508,US,CD,focal,Description6,RT,7094
SS1651678302508,US,CD,context,Description3,RT,3698
SS1651678302508,US,CD,focal,Description4,RT,4437
SS1651678302508,US,CD,context,Description1,RT,8540
SS1651678302508,US,CD,context,Description7,RT,5126
SS1651678302508,US,CD,context,Description2,RT,21064
SS1651678302508,US,CD,focal,Description4,RT,19767
SS1651678302508,US,CD,context,Description3,RT,4256
SS1651678302508,US,CD,context,Description7,RT,30064
SS1651678302508,US,CD,context,Description8,RT,4570
SS1651678302508,US,CD,focal,Description6,RT,2731
SS1651678302508,US,CD,focal,Description29,RT,1915
SS1651678302508,US,CD,context,Description7,RT,3234
SS1651678302508,US,CD,context,Description19,RT,3204
SS1651678302508,US,CD,context,Description8,RT,3490
SS1651678302508,US,CD,focal,Description0,RT,7580
SS1651678302508,US,CD,context,Description8,RT,2957
SS1651678302508,US,CD,context,Description2,RT,10234
SS1651678302508,US,CD,context,Description3,RT,3390
SS1651678302508,US,CD,focal,Description0,RT,7152
SS1651678302508,US,CD,focal,Description0,RT,4692
SS1651678302508,US,CD,context,Description9,RT,15191
SS1651678327719,US,CD,context,Description1,RT,4325.700000047684
SS1651678327719,US,CD,context,Description3,RT,9966.799999952316
SS1651678327719,US,CD,focal,Description29,RT,20676.5
SS1651678327719,US,CD,focal,Description5,RT,4771.899999856949
SS1651678327719,US,CD,focal,Description6,RT,2301.5
SS1651678327719,US,CD,focal,Description5,RT,6960.799999952316
SS1651678327719,US,CD,focal,Description5,RT,7507.199999809265
SS1651678327719,US,CD,context,Description3,RT,1890.5
SS1651678327719,US,CD,context,Description1,RT,8765.299999952316
SS1651678327719,US,CD,focal,Description6,RT,11247
SS1651678327719,US,CD,focal,Description6,RT,16497.900000095367
SS1651678327719,US,CD,context,Description19,RT,3670.600000143051
SS1651678327719,US,CD,context,Description7,RT,3495.5
SS1651678327719,US,CD,focal,Description4,RT,5475.200000047684
SS1651678327719,US,CD,context,Description7,RT,2444.7000000476837
SS1651678327719,US,CD,focal,Description0,RT,13275.599999904633
SS1651678327719,US,CD,focal,Description0,RT,19659.200000047684
SS1651678327719,US,CD,context,Description7,RT,3795.7999999523163
SS1651678327719,US,CD,context,Description3,RT,1935.4000000953674
SS1651678327719,US,CD,focal,Description4,RT,3262.899999856949
SS1651678327719,US,CD,focal,Description0,RT,9378
SS1651678327719,US,CD,context,Description9,RT,8538.599999904633
SS1651678327719,US,CD,context,Description1,RT,2760.5
SS1651678327719,US,CD,focal,Description4,RT,7431.800000190735
SS1651678328286,US,CD,context,Description9,RT,10699.699999928474
SS1651678328286,US,CD,focal,Description29,RT,2112.6999999284744
SS1651678328286,US,CD,context,Description3,RT,8702.100000023842
SS1651678328286,US,CD,context,Description1,RT,6727
SS1651678328286,US,CD,focal,Description0,RT,2947.7000000476837
SS1651678328286,US,CD,focal,Description6,RT,3718.5
SS1651678328286,US,CD,context,Description2,RT,11284.399999976158
SS1651678328286,US,CD,focal,Description6,RT,11459.700000047684
SS1651678328286,US,CD,context,Description8,RT,2336.5
SS1651678328286,US,CD,context,Description1,RT,3438.6999999284744
SS1651678328286,US,CD,context,Description3,RT,1556.7999999523163
SS1651678328286,US,CD,context,Description8,RT,29442.100000023842
SS1651678328286,US,CD,context,Description3,RT,2071.600000023842
SS1651678328286,US,CD,focal,Description5,RT,7388.600000023842
SS1651678328286,US,CD,focal,Description5,RT,3386.2000000476837
SS1651678328286,US,CD,context,Description2,RT,2166.1999999284744
SS1651678328286,US,CD,focal,Description4,RT,10604.600000023842
SS1651678328286,US,CD,focal,Description0,RT,5567.799999952316
SS1651678328286,US,CD,context,Description7,RT,7565.699999928474
SS1651678328286,US,CD,focal,Description5,RT,4371.100000023842
SS1651678328286,US,CD,focal,Description4,RT,5477.5
SS1651678328286,US,CD,focal,Description0,RT,5939.299999952316
SS1651678328286,US,CD,context,Description19,RT,2336.100000023842
SS1651678328286,US,CD,context,Description7,RT,4239.100000023842
SS1651678328286,US,CD,context,Description2,RT,12048.699999928474
SS1651678328286,US,CD,context,Description8,RT,3833
SS1651678328286,US,CD,context,Description1,RT,7443.100000023842
SS1651678328286,US,CD,focal,Description6,RT,6039.700000047684
SS1651678328286,US,CD,context,Description7,RT,2215.899999976158
SS1651678328286,US,CD,focal,Description4,RT,13665.799999952316
SS1651678331156,US,CD,focal,Description5,RT,13320
SS1651678331156,US,CD,context,Description2,RT,8570
SS1651678331156,US,CD,context,Description2,RT,13558
SS1651678331156,US,CD,focal,Description0,RT,9330
SS1651678331156,US,CD,context,Description9,RT,7109
SS1651678331156,US,CD,focal,Description6,RT,6836
SS1651678331156,US,CD,context,Description19,RT,5654
SS1651678331156,US,CD,context,Description3,RT,4218
SS1651678331156,US,CD,context,Description3,RT,12366
SS1651678331156,US,CD,context,Description7,RT,8852
SS1651678331156,US,CD,focal,Description4,RT,11161
SS1651678331156,US,CD,focal,Description29,RT,5397
SS1651678331156,US,CD,focal,Description5,RT,4863
SS1651678331156,US,CD,context,Description1,RT,6289
SS1651678331156,US,CD,context,Description2,RT,3834
SS1651678331156,US,CD,context,Description7,RT,3557
SS1651678331156,US,CD,focal,Description4,RT,9626
SS1651678331156,US,CD,context,Description1,RT,5489
SS1651678331156,US,CD,context,Description7,RT,4831
SS1651678331156,US,CD,focal,Description0,RT,5096
SS1651678331156,US,CD,context,Description3,RT,4161
SS1651678331156,US,CD,context,Description1,RT,6065
SS1651678331156,US,CD,focal,Description6,RT,10013
SS1651678331156,US,CD,focal,Description4,RT,3623
SS1651678331156,US,CD,focal,Description6,RT,8629
SS1651678331156,US,CD,focal,Description0,RT,12162
SS1651678331156,US,CD,focal,Description5,RT,8188
SS1651678353530,US,CD,focal,Description29,RT,4977.725000004284
SS1651678353530,US,CD,focal,Description5,RT,4119.485000002896
SS1651678353530,US,CD,context,Description19,RT,3508.8099999993574
SS1651678353530,US,CD,focal,Description5,RT,15505.839999997988
SS1651678353530,US,CD,context,Description7,RT,2826.120000012452
SS1651678353530,US,CD,context,Description9,RT,4757.00000001234
SS1651678353530,US,CD,focal,Description6,RT,8346.43999999389
SS1651678353530,US,CD,context,Description1,RT,4259.915000002366
SS1651678353530,US,CD,focal,Description5,RT,5656.35000000475
SS1651678353530,US,CD,context,Description3,RT,2291.884999984177
SS1651678353530,US,CD,context,Description3,RT,4807.180000003427
SS1651678353530,US,CD,context,Description7,RT,3631.9650000077672
SS1651678353530,US,CD,context,Description2,RT,2666.0899999842513
SS1651678353530,US,CD,context,Description1,RT,3754.9749999889173
SS1651678353530,US,CD,focal,Description0,RT,2523.6450000084005
SS1651678353530,US,CD,focal,Description4,RT,15978.19000002346
SS1651678353530,US,CD,context,Description7,RT,18702.994999999646
SS1651678353530,US,CD,context,Description3,RT,1919.1649999993388
SS1651678353530,US,CD,focal,Description0,RT,22523.060000006808
SS1651678353530,US,CD,focal,Description0,RT,3355.405000009341
SS1651678353530,US,CD,focal,Description6,RT,2353.3499999903142
SS1651678353530,US,CD,focal,Description4,RT,10013.215000013588
SS1651678353530,US,CD,focal,Description6,RT,6979.43999999552
SS1651678353530,US,CD,focal,Description4,RT,2507.5099999958184
SS1651678353530,US,CD,context,Description2,RT,6505.139999993844
SS1651678353530,US,CD,context,Description2,RT,15300.01999999513
SS1651678353530,US,CD,context,Description1,RT,7977.725000004284
SS1651678384991,US,CD,focal,Description0,RT,29477.70000000298
SS1651678384991,US,CD,context,Description2,RT,16790.40000000596
SS1651678384991,US,CD,context,Description2,RT,null
SS1651678384991,US,CD,context,Description8,RT,11692.10000000894
SS1651678384991,US,CD,context,Description3,RT,15556.90000000596
SS1651678384991,US,CD,focal,Description4,RT,7401.100000008941
SS1651678384991,US,CD,focal,Description6,RT,12476
SS1651678384991,US,CD,focal,Description6,RT,14188
SS1651678384991,US,CD,context,Description3,RT,16043.5
SS1651678384991,US,CD,focal,Description4,RT,18421.89999999106
SS1651678384991,US,CD,focal,Description0,RT,null
SS1651678384991,US,CD,context,Description2,RT,10962.90000000596
SS1651678384991,US,CD,focal,Description0,RT,8966.699999988079
SS1651678384991,US,CD,context,Description3,RT,23181
SS1651678384991,US,CD,context,Description19,RT,57485.5
SS1651678384991,US,CD,focal,Description29,RT,13051.29999999702
SS1651678384991,US,CD,context,Description9,RT,null
SS1651678384991,US,CD,focal,Description4,RT,7967.29999999702
SS1651678384991,US,CD,context,Description8,RT,10139.90000000596
SS1651678384991,US,CD,focal,Description6,RT,24778.20000000298
SS1651678384991,US,CD,focal,Description5,RT,null
SS1651678384991,US,CD,focal,Description5,RT,20695.90000000596
SS1651678384991,US,CD,focal,Description5,RT,37981
SS1651678384991,US,CD,context,Description8,RT,24708.10000000894
SS1651678386286,US,CD,focal,Description4,RT,18315.699999999255
SS1651678386286,US,CD,context,Description7,RT,38698.40000000037
SS1651678386286,US,CD,focal,Description4,RT,37176.299999999814
SS1651678386286,US,CD,focal,Description5,RT,12648.299999999814
SS1651678386286,US,CD,context,Description8,RT,55190.700000000186
SS1651678386286,US,CD,focal,Description6,RT,13745.700000000186
SS1651678386286,US,CD,focal,Description5,RT,16384.700000000186
SS1651678386286,US,CD,context,Description7,RT,19140.299999999814
SS1651678386286,US,CD,focal,Description6,RT,17259.299999999814
SS1651678386286,US,CD,context,Description3,RT,4283.5
SS1651678386286,US,CD,context,Description19,RT,10059.700000000186
SS1651678386286,US,CD,focal,Description0,RT,16149.599999999627
SS1651678386286,US,CD,context,Description3,RT,10802.299999999814
SS1651678386286,US,CD,context,Description8,RT,5792.0999999996275
SS1651678386286,US,CD,context,Description3,RT,27867.89999999944
SS1651678386286,US,CD,context,Description7,RT,6811.199999999255
SS1651678386286,US,CD,context,Description2,RT,25079.39999999944
SS1651678386286,US,CD,focal,Description4,RT,13483.099999999627
SS1651678386286,US,CD,context,Description1,RT,30578.10000000056
SS1651678386286,US,CD,focal,Description0,RT,27662.900000000373
SS1651678386286,US,CD,focal,Description29,RT,22554.599999999627
SS1651678386286,US,CD,focal,Description6,RT,34520.59999999963
SS1651678386286,US,CD,context,Description2,RT,22257.400000000373
SS1651678386286,US,CD,focal,Description0,RT,20367
SS1651678386286,US,CD,context,Description8,RT,4939.0999999996275
SS1651678386286,US,CD,context,Description9,RT,21691.400000000373
SS1651678386286,US,CD,focal,Description5,RT,13772.600000000559
SS1651678386286,US,CD,context,Description2,RT,39240.90000000037
SS1651678386286,US,CD,context,Description1,RT,9248.400000000373
SS1651678386286,US,CD,context,Description1,RT,17790.799999999814
SS1651678409670,US,CD,context,Description1,RT,17625.80000000028
SS1651678409670,US,CD,context,Description7,RT,12967.899999999907
SS1651678409670,US,CD,focal,Description0,RT,26868.700000000186
SS1651678409670,US,CD,focal,Description29,RT,3167.7999999998137
SS1651678409670,US,CD,context,Description2,RT,4024.6999999997206
SS1651678409670,US,CD,context,Description2,RT,5008.799999999814
SS1651678409670,US,CD,context,Description3,RT,4112.199999999721
SS1651678409670,US,CD,context,Description9,RT,11926.30000000028
SS1651678409670,US,CD,context,Description1,RT,20678.100000000093
SS1651678409670,US,CD,context,Description1,RT,7846.5
SS1651678409670,US,CD,focal,Description4,RT,7751.600000000093
SS1651678409670,US,CD,focal,Description0,RT,28269.299999999814
SS1651678409670,US,CD,context,Description7,RT,6982.4000000003725
SS1651678409670,US,CD,context,Description2,RT,3605.7999999998137
SS1651678409670,US,CD,focal,Description0,RT,6560.300000000279
SS1651678409670,US,CD,focal,Description4,RT,4496.600000000093
SS1651678409670,US,CD,focal,Description6,RT,2903.8000000002794
SS1651678409670,US,CD,context,Description7,RT,2108
SS1651678409670,US,CD,focal,Description6,RT,4363.5
SS1651678409670,US,CD,context,Description3,RT,2100.399999999907
SS1651678409670,US,CD,focal,Description6,RT,4939.200000000186
SS1651678409670,US,CD,context,Description3,RT,2559.100000000093
SS1651678409670,US,CD,context,Description19,RT,8369.200000000186
SS1651678409670,US,CD,focal,Description4,RT,3439.7000000001863
SS1651678434328,US,CD,context,Description2,RT,6795.099999904633
SS1651678434328,US,CD,context,Description2,RT,13629.400000095367
SS1651678434328,US,CD,context,Description19,RT,3607.4000000953674
SS1651678434328,US,CD,context,Description7,RT,3473.7999997138977
SS1651678434328,US,CD,context,Description9,RT,11836.200000286102
SS1651678434328,US,CD,focal,Description6,RT,5999.300000190735
SS1651678434328,US,CD,context,Description7,RT,2105.800000190735
SS1651678434328,US,CD,focal,Description0,RT,5379.200000286102
SS1651678434328,US,CD,context,Description1,RT,6708.799999713898
SS1651678434328,US,CD,context,Description8,RT,1661.7000002861023
SS1651678434328,US,CD,focal,Description5,RT,4306
SS1651678434328,US,CD,context,Description1,RT,7059.099999904633
SS1651678434328,US,CD,context,Description8,RT,10596
SS1651678434328,US,CD,context,Description3,RT,2339.5
SS1651678434328,US,CD,focal,Description0,RT,38110
SS1651678434328,US,CD,context,Description7,RT,8606.099999904633
SS1651678434328,US,CD,context,Description2,RT,1602.0999999046326
SS1651678434328,US,CD,focal,Description4,RT,6680.200000286102
SS1651678434328,US,CD,context,Description3,RT,8722.099999904633
SS1651678434328,US,CD,focal,Description29,RT,2793.7999997138977
SS1651678434328,US,CD,focal,Description4,RT,2097
SS1651678434328,US,CD,context,Description1,RT,1856.2999997138977
SS1651678434328,US,CD,focal,Description5,RT,7380.099999904633
SS1651678434328,US,CD,focal,Description4,RT,7715.099999904633
SS1651678434328,US,CD,context,Description3,RT,1210.2999997138977
SS1651678434328,US,CD,focal,Description6,RT,27720.900000095367
SS1651678434328,US,CD,focal,Description6,RT,6076.5
SS1651678434328,US,CD,focal,Description0,RT,10285.199999809265
SS1651678434328,US,CD,focal,Description5,RT,3984.6000003814697
SS1651678434328,US,CD,context,Description8,RT,3546.3999996185303
SS1651678459452,US,CD,focal,Description0,RT,7607
SS1651678459452,US,CD,context,Description7,RT,45419
SS1651678459452,US,CD,context,Description1,RT,7015
SS1651678459452,US,CD,focal,Description5,RT,17054
SS1651678459452,US,CD,context,Description8,RT,10829
SS1651678459452,US,CD,context,Description2,RT,15860
SS1651678459452,US,CD,context,Description9,RT,29596
SS1651678459452,US,CD,context,Description8,RT,4885
SS1651678459452,US,CD,focal,Description0,RT,8966
SS1651678459452,US,CD,context,Description3,RT,11006
SS1651678459452,US,CD,context,Description2,RT,12961
SS1651678459452,US,CD,focal,Description5,RT,6322
SS1651678459452,US,CD,focal,Description29,RT,22053
SS1651678459452,US,CD,focal,Description5,RT,7726
SS1651678459452,US,CD,focal,Description6,RT,4508
SS1651678459452,US,CD,context,Description1,RT,9612
SS1651678459452,US,CD,context,Description2,RT,9044
SS1651678459452,US,CD,context,Description8,RT,5143
SS1651678459452,US,CD,context,Description19,RT,3641
SS1651678459452,US,CD,focal,Description6,RT,6539
SS1651678459452,US,CD,focal,Description0,RT,45454
SS1651678459452,US,CD,context,Description1,RT,4913
SS1651678459452,US,CD,context,Description3,RT,2884
SS1651678459452,US,CD,focal,Description4,RT,6970
SS1651678459452,US,CD,context,Description7,RT,7024
SS1651678459452,US,CD,context,Description3,RT,43492
SS1651678459452,US,CD,context,Description7,RT,10359
SS1651678459452,US,CD,focal,Description6,RT,8182
SS1651678459452,US,CD,focal,Description4,RT,5497
SS1651678459452,US,CD,focal,Description4,RT,12844
SS1651678462364,US,CD,context,Description1,RT,11803.900001525879
SS1651678462364,US,CD,context,Description19,RT,9447.69999885559
SS1651678462364,US,CD,focal,Description5,RT,10709.69999885559
SS1651678462364,US,CD,context,Description1,RT,11098.099998474121
SS1651678462364,US,CD,context,Description2,RT,12343
SS1651678462364,US,CD,context,Description7,RT,59095
SS1651678462364,US,CD,focal,Description4,RT,6969.199998855591
SS1651678462364,US,CD,context,Description1,RT,7967.39999961853
SS1651678462364,US,CD,context,Description3,RT,6178.89999961853
SS1651678462364,US,CD,context,Description7,RT,6241.299999237061
SS1651678462364,US,CD,context,Description2,RT,21991.10000038147
SS1651678462364,US,CD,context,Description8,RT,7546.800001144409
SS1651678462364,US,CD,context,Description9,RT,15047.80000114441
SS1651678462364,US,CD,context,Description8,RT,32613.39999961853
SS1651678462364,US,CD,focal,Description0,RT,11698.5
SS1651678462364,US,CD,focal,Description29,RT,3593.7000007629395
SS1651678462364,US,CD,context,Description7,RT,12250.89999961853
SS1651678462364,US,CD,focal,Description6,RT,8369.70000076294
SS1651678462364,US,CD,context,Description3,RT,11144.20000076294
SS1651678462364,US,CD,focal,Description4,RT,24664
SS1651678462364,US,CD,context,Description3,RT,7169.800001144409
SS1651678462364,US,CD,focal,Description5,RT,31925.20000076294
SS1651678462364,US,CD,context,Description2,RT,6176.5
SS1651678462364,US,CD,focal,Description0,RT,13559.89999961853
SS1651678462364,US,CD,context,Description8,RT,5392.5
SS1651678462364,US,CD,focal,Description6,RT,9650.60000038147
SS1651678462364,US,CD,focal,Description6,RT,5936.39999961853
SS1651678462364,US,CD,focal,Description4,RT,16305.30000114441
SS1651678462364,US,CD,focal,Description0,RT,4984.799999237061
SS1651678462364,US,CD,focal,Description5,RT,13762.89999961853
SS1651678474300,US,CD,focal,Description5,RT,14701.699999988079
SS1651678474300,US,CD,focal,Description6,RT,12623.59999999404
SS1651678474300,US,CD,focal,Description29,RT,5030.4000000059605
SS1651678474300,US,CD,context,Description7,RT,14776
SS1651678474300,US,CD,context,Description1,RT,5377.9000000059605
SS1651678474300,US,CD,context,Description2,RT,7658.299999982119
SS1651678474300,US,CD,focal,Description6,RT,53094.59999999404
SS1651678474300,US,CD,context,Description8,RT,45710.09999999404
SS1651678474300,US,CD,focal,Description4,RT,7956.4000000059605
SS1651678474300,US,CD,context,Description2,RT,10501.59999999404
SS1651678474300,US,CD,context,Description8,RT,11210.299999982119
SS1651678474300,US,CD,focal,Description0,RT,20096.30000001192
SS1651678474300,US,CD,focal,Description4,RT,16272.90000000596
SS1651678474300,US,CD,context,Description1,RT,4030.2999999821186
SS1651678474300,US,CD,context,Description3,RT,14117.90000000596
SS1651678474300,US,CD,context,Description2,RT,7308.300000011921
SS1651678474300,US,CD,focal,Description0,RT,16717.5
SS1651678474300,US,CD,context,Description9,RT,9573.800000011921
SS1651678474300,US,CD,focal,Description6,RT,11776.100000023842
SS1651678474300,US,CD,focal,Description4,RT,20802.80000001192
SS1651678474300,US,CD,context,Description3,RT,4245
SS1651678474300,US,CD,focal,Description5,RT,9259
SS1651678474300,US,CD,focal,Description0,RT,28271.19999998808
SS1651678474300,US,CD,context,Description1,RT,4543.699999988079
SS1651678474300,US,CD,context,Description7,RT,8979.90000000596
SS1651678474300,US,CD,context,Description7,RT,null
SS1651678474300,US,CD,focal,Description5,RT,7566
SS1651678474300,US,CD,context,Description19,RT,6507.5999999940395
SS1651678474300,US,CD,context,Description3,RT,3265.5999999940395
SS1651678474300,US,CD,context,Description8,RT,4424.5999999940395
SS1651678537895,US,CD,focal,Description5,RT,10141
SS1651678537895,US,CD,context,Description8,RT,45767
SS1651678537895,US,CD,context,Description2,RT,51645
SS1651678537895,US,CD,context,Description1,RT,4334
SS1651678537895,US,CD,focal,Description6,RT,6982
SS1651678537895,US,CD,context,Description3,RT,6174
SS1651678537895,US,CD,context,Description8,RT,3782
SS1651678537895,US,CD,context,Description1,RT,14992
SS1651678537895,US,CD,context,Description19,RT,10261
SS1651678537895,US,CD,focal,Description4,RT,17582
SS1651678537895,US,CD,context,Description8,RT,10846
SS1651678537895,US,CD,context,Description2,RT,10199
SS1651678537895,US,CD,context,Description7,RT,8486
SS1651678537895,US,CD,focal,Description29,RT,4276
SS1651678537895,US,CD,context,Description7,RT,56951
SS1651678537895,US,CD,focal,Description6,RT,5686
SS1651678537895,US,CD,focal,Description5,RT,26982
SS1651678537895,US,CD,focal,Description0,RT,15748
SS1651678537895,US,CD,context,Description3,RT,2526
SS1651678537895,US,CD,context,Description7,RT,27389
SS1651678537895,US,CD,focal,Description5,RT,7783
SS1651678537895,US,CD,focal,Description0,RT,7349
SS1651678537895,US,CD,context,Description1,RT,7126
SS1651678537895,US,CD,focal,Description6,RT,6380
SS1651678537895,US,CD,context,Description3,RT,12957
SS1651678537895,US,CD,context,Description2,RT,22712
SS1651678537895,US,CD,context,Description9,RT,30894
SS1651678537895,US,CD,focal,Description4,RT,11357
SS1651678537895,US,CD,focal,Description0,RT,38886
SS1651678537895,US,CD,focal,Description4,RT,9167
SS1651678538948,US,CD,focal,Description6,RT,10886.200000047684
SS1651678538948,US,CD,focal,Description5,RT,19935.599999904633
SS1651678538948,US,CD,context,Description7,RT,34221.200000047684
SS1651678538948,US,CD,focal,Description4,RT,49772.90000009537
SS1651678538948,US,CD,context,Description1,RT,27242.900000095367
SS1651678538948,US,CD,context,Description2,RT,18842.299999952316
SS1651678538948,US,CD,focal,Description5,RT,19051.800000190735
SS1651678538948,US,CD,context,Description3,RT,18023.099999904633
SS1651678538948,US,CD,context,Description1,RT,16182.899999856949
SS1651678538948,US,CD,context,Description3,RT,19789
SS1651678538948,US,CD,focal,Description4,RT,24809.599999904633
SS1651678538948,US,CD,context,Description1,RT,13050.5
SS1651678538948,US,CD,focal,Description6,RT,13698.899999856949
SS1651678538948,US,CD,context,Description7,RT,24624.700000047684
SS1651678538948,US,CD,context,Description2,RT,14433.5
SS1651678538948,US,CD,context,Description7,RT,7150.300000190735
SS1651678538948,US,CD,focal,Description0,RT,null
SS1651678538948,US,CD,context,Description3,RT,6059.799999952316
SS1651678538948,US,CD,focal,Description6,RT,23793.200000047684
SS1651678538948,US,CD,focal,Description29,RT,9234
SS1651678538948,US,CD,focal,Description0,RT,33475.5
SS1651678538948,US,CD,context,Description9,RT,43033.800000190735
SS1651678538948,US,CD,context,Description19,RT,9874.400000095367
SS1651678538948,US,CD,focal,Description4,RT,6191.900000095367
SS1651678538948,US,CD,focal,Description0,RT,19163.799999952316
SS1651678538948,US,CD,focal,Description5,RT,11167.5
SS1651678538948,US,CD,context,Description2,RT,15132.399999856949
SS1651678556653,US,CD,context,Description2,RT,4503.300000011921
SS1651678556653,US,CD,focal,Description29,RT,3651.399999976158
SS1651678556653,US,CD,focal,Description0,RT,24520.100000023842
SS1651678556653,US,CD,context,Description3,RT,1440
SS1651678556653,US,CD,focal,Description6,RT,11853.800000011921
SS1651678556653,US,CD,context,Description7,RT,8611.899999976158
SS1651678556653,US,CD,context,Description1,RT,15204.899999976158
SS1651678556653,US,CD,focal,Description5,RT,11386.199999988079
SS1651678556653,US,CD,focal,Description0,RT,8278.5
SS1651678556653,US,CD,context,Description3,RT,9946.699999988079
SS1651678556653,US,CD,focal,Description4,RT,15170.800000011921
SS1651678556653,US,CD,context,Description1,RT,5366
SS1651678556653,US,CD,context,Description7,RT,5440.5
SS1651678556653,US,CD,focal,Description5,RT,15785.5
SS1651678556653,US,CD,focal,Description4,RT,6473.399999976158
SS1651678556653,US,CD,focal,Description6,RT,4126.199999988079
SS1651678556653,US,CD,context,Description2,RT,7395.800000011921
SS1651678556653,US,CD,focal,Description6,RT,11706.100000023842
SS1651678556653,US,CD,context,Description9,RT,6210.699999988079
SS1651678556653,US,CD,focal,Description5,RT,9221.600000023842
SS1651678556653,US,CD,focal,Description4,RT,2096.199999988079
SS1651678556653,US,CD,context,Description7,RT,10636.800000011921
SS1651678556653,US,CD,context,Description19,RT,11710.400000035763
SS1651678556653,US,CD,focal,Description0,RT,null
SS1651678556653,US,CD,context,Description1,RT,13240.699999988079
SS1651678556653,US,CD,context,Description2,RT,33134.5
SS1651678556653,US,CD,context,Description3,RT,18479
SS1651678559284,US,CD,context,Description7,RT,15875
SS1651678559284,US,CD,context,Description8,RT,13000
SS1651678559284,US,CD,context,Description3,RT,10850
SS1651678559284,US,CD,context,Description8,RT,3963
SS1651678559284,US,CD,context,Description7,RT,17567
SS1651678559284,US,CD,context,Description2,RT,8597
SS1651678559284,US,CD,context,Description2,RT,null
SS1651678559284,US,CD,focal,Description6,RT,5850
SS1651678559284,US,CD,focal,Description0,RT,9911
SS1651678559284,US,CD,context,Description1,RT,5272
SS1651678559284,US,CD,context,Description1,RT,14592
SS1651678559284,US,CD,context,Description9,RT,26996
SS1651678559284,US,CD,focal,Description4,RT,6467
SS1651678559284,US,CD,focal,Description6,RT,35123
SS1651678559284,US,CD,context,Description7,RT,11029
SS1651678559284,US,CD,focal,Description4,RT,14923
SS1651678559284,US,CD,context,Description1,RT,4768
SS1651678559284,US,CD,focal,Description0,RT,11476
SS1651678559284,US,CD,context,Description8,RT,8426
SS1651678559284,US,CD,context,Description3,RT,5027
SS1651678559284,US,CD,focal,Description4,RT,21422
SS1651678559284,US,CD,context,Description2,RT,11866
SS1651678559284,US,CD,focal,Description0,RT,3680
SS1651678559284,US,CD,context,Description3,RT,15327
SS1651678559284,US,CD,context,Description19,RT,9812
SS1651678559284,US,CD,focal,Description29,RT,1902
SS1651678559284,US,CD,focal,Description6,RT,6343
SS1651678574838,US,CD,context,Description2,RT,28193.099999904633
SS1651678574838,US,CD,context,Description1,RT,8512.400000095367
SS1651678574838,US,CD,focal,Description5,RT,5702.199999809265
SS1651678574838,US,CD,context,Description9,RT,28711
SS1651678574838,US,CD,context,Description2,RT,5286.099999904633
SS1651678574838,US,CD,context,Description1,RT,7113.5
SS1651678574838,US,CD,focal,Description4,RT,5620.5
SS1651678574838,US,CD,context,Description7,RT,3928.600000143051
SS1651678574838,US,CD,focal,Description0,RT,6258.399999856949
SS1651678574838,US,CD,focal,Description5,RT,7976.900000095367
SS1651678574838,US,CD,focal,Description4,RT,6526.400000095367
SS1651678574838,US,CD,focal,Description4,RT,11225
SS1651678574838,US,CD,focal,Description5,RT,10048.099999904633
SS1651678574838,US,CD,context,Description7,RT,23777.599999904633
SS1651678574838,US,CD,context,Description1,RT,10863.399999856949
SS1651678574838,US,CD,context,Description3,RT,4691.200000047684
SS1651678574838,US,CD,focal,Description6,RT,11115.399999856949
SS1651678574838,US,CD,context,Description2,RT,7110.799999952316
SS1651678574838,US,CD,context,Description19,RT,7159.200000047684
SS1651678574838,US,CD,focal,Description0,RT,14058
SS1651678574838,US,CD,focal,Description6,RT,6547.299999952316
SS1651678574838,US,CD,context,Description7,RT,11989.5
SS1651678574838,US,CD,focal,Description6,RT,6238.799999952316
SS1651678574838,US,CD,focal,Description29,RT,2496.2000000476837
SS1651678574838,US,CD,focal,Description0,RT,7734.100000143051
SS1651678574838,US,CD,context,Description3,RT,2591.5
SS1651678574838,US,CD,context,Description3,RT,5279.799999952316
SS1651678625157,US,CD,focal,Description4,RT,33775
SS1651678625157,US,CD,context,Description7,RT,15141
SS1651678625157,US,CD,context,Description1,RT,4443
SS1651678625157,US,CD,focal,Description6,RT,10261
SS1651678625157,US,CD,context,Description7,RT,3014
SS1651678625157,US,CD,context,Description3,RT,7684
SS1651678625157,US,CD,focal,Description4,RT,6023
SS1651678625157,US,CD,focal,Description6,RT,15932
SS1651678625157,US,CD,focal,Description0,RT,10351
SS1651678625157,US,CD,context,Description2,RT,5115
SS1651678625157,US,CD,context,Description3,RT,2794
SS1651678625157,US,CD,context,Description1,RT,5375
SS1651678625157,US,CD,focal,Description5,RT,17895
SS1651678625157,US,CD,focal,Description5,RT,6346
SS1651678625157,US,CD,context,Description9,RT,13287
SS1651678625157,US,CD,focal,Description0,RT,13675
SS1651678625157,US,CD,context,Description2,RT,4849
SS1651678625157,US,CD,focal,Description5,RT,7118
SS1651678625157,US,CD,context,Description2,RT,36348
SS1651678625157,US,CD,context,Description1,RT,14722
SS1651678625157,US,CD,focal,Description6,RT,13988
SS1651678625157,US,CD,focal,Description0,RT,4812
SS1651678625157,US,CD,focal,Description4,RT,null
SS1651678625157,US,CD,focal,Description29,RT,4555
SS1651678625157,US,CD,context,Description19,RT,2322
SS1651678625157,US,CD,context,Description3,RT,1628
SS1651678625157,US,CD,context,Description7,RT,2978
SS1651678626616,US,CD,context,Description3,RT,16683.200000047684
SS1651678626616,US,CD,focal,Description29,RT,6738.299999952316
SS1651678626616,US,CD,focal,Description6,RT,40200.800000190735
SS1651678626616,US,CD,context,Description19,RT,17980.10000014305
SS1651678626616,US,CD,context,Description8,RT,4117.099999904633
SS1651678626616,US,CD,focal,Description4,RT,19055
SS1651678626616,US,CD,context,Description8,RT,8247.699999809265
SS1651678626616,US,CD,context,Description7,RT,11964.600000143051
SS1651678626616,US,CD,focal,Description5,RT,9752.599999904633
SS1651678626616,US,CD,context,Description2,RT,36291.299999952316
SS1651678626616,US,CD,focal,Description0,RT,33294
SS1651678626616,US,CD,focal,Description5,RT,8527.799999952316
SS1651678626616,US,CD,focal,Description0,RT,16656.800000190735
SS1651678626616,US,CD,context,Description3,RT,14825.599999904633
SS1651678626616,US,CD,focal,Description4,RT,7006.599999904633
SS1651678626616,US,CD,context,Description7,RT,11904.299999952316
SS1651678626616,US,CD,context,Description9,RT,27583.39999985695
SS1651678626616,US,CD,context,Description2,RT,33553.39999985695
SS1651678626616,US,CD,context,Description3,RT,4933.800000190735
SS1651678626616,US,CD,context,Description2,RT,6174.100000143051
SS1651678626616,US,CD,focal,Description0,RT,17120.299999952316
SS1651678626616,US,CD,focal,Description6,RT,25493.400000095367
SS1651678626616,US,CD,context,Description1,RT,9087.700000047684
SS1651678626616,US,CD,context,Description7,RT,17877.200000047684
SS1651678626616,US,CD,context,Description8,RT,21762.39999985695
SS1651678626616,US,CD,focal,Description6,RT,9201.799999952316
SS1651678626616,US,CD,focal,Description5,RT,5464.200000047684
SS1651678626616,US,CD,context,Description1,RT,5982.100000143051
SS1651678626616,US,CD,focal,Description4,RT,17611.099999904633
SS1651678626616,US,CD,context,Description1,RT,7822.200000047684
SS1651678637077,US,CD,focal,Description4,RT,5491.4000000003725
SS1651678637077,US,CD,context,Description1,RT,5934.200000001118
SS1651678637077,US,CD,context,Description7,RT,15285.60000000149
SS1651678637077,US,CD,context,Description2,RT,12682
SS1651678637077,US,CD,context,Description19,RT,4577.5999999996275
SS1651678637077,US,CD,context,Description3,RT,13853.400000000373
SS1651678637077,US,CD,context,Description8,RT,2096.300000000745
SS1651678637077,US,CD,focal,Description5,RT,3906.800000000745
SS1651678637077,US,CD,context,Description1,RT,4357.200000001118
SS1651678637077,US,CD,context,Description8,RT,3847.5
SS1651678637077,US,CD,context,Description1,RT,3898.199999999255
SS1651678637077,US,CD,context,Description3,RT,3533
SS1651678637077,US,CD,context,Description2,RT,21742.5
SS1651678637077,US,CD,focal,Description29,RT,2457
SS1651678637077,US,CD,focal,Description0,RT,8934.199999999255
SS1651678637077,US,CD,focal,Description6,RT,11546.60000000149
SS1651678637077,US,CD,focal,Description6,RT,2354
SS1651678637077,US,CD,context,Description7,RT,14947.10000000149
SS1651678637077,US,CD,focal,Description5,RT,2489.10000000149
SS1651678637077,US,CD,context,Description7,RT,6189.700000001118
SS1651678637077,US,CD,focal,Description0,RT,8897.900000000373
SS1651678637077,US,CD,focal,Description6,RT,4429.5
SS1651678637077,US,CD,focal,Description5,RT,10783.5
SS1651678637077,US,CD,focal,Description4,RT,4059.199999999255
SS1651678637077,US,CD,context,Description2,RT,3717.10000000149
SS1651678637077,US,CD,context,Description8,RT,36177.40000000037
SS1651678637077,US,CD,focal,Description4,RT,10609.300000000745
SS1651678637077,US,CD,focal,Description0,RT,10939.300000000745
SS1651678637077,US,CD,context,Description9,RT,4944.0999999996275
SS1651678637077,US,CD,context,Description3,RT,11856.099999999627
SS1651678717637,US,CD,context,Description2,RT,4966.79999999702
SS1651678717637,US,CD,focal,Description6,RT,5320.69999999553
SS1651678717637,US,CD,context,Description1,RT,3481.4000000059605
SS1651678717637,US,CD,context,Description7,RT,11984.20000000298
SS1651678717637,US,CD,focal,Description6,RT,15247.59999999404
SS1651678717637,US,CD,focal,Description0,RT,18805.10000000149
SS1651678717637,US,CD,focal,Description6,RT,8559.20000000298
SS1651678717637,US,CD,focal,Description5,RT,11184.10000000149
SS1651678717637,US,CD,context,Description2,RT,7193.69999999553
SS1651678717637,US,CD,context,Description2,RT,17253.70000000298
SS1651678717637,US,CD,context,Description7,RT,5957.10000000149
SS1651678717637,US,CD,focal,Description0,RT,10282.5
SS1651678717637,US,CD,focal,Description4,RT,6105.39999999851
SS1651678717637,US,CD,context,Description3,RT,3789
SS1651678717637,US,CD,focal,Description29,RT,17339.69999999553
SS1651678717637,US,CD,context,Description3,RT,10535.70000000298
SS1651678717637,US,CD,focal,Description4,RT,12792.29999999702
SS1651678717637,US,CD,focal,Description5,RT,4839
SS1651678717637,US,CD,context,Description1,RT,7414.29999999702
SS1651678717637,US,CD,context,Description1,RT,6835.39999999851
SS1651678717637,US,CD,focal,Description5,RT,5334.79999999702
SS1651678717637,US,CD,focal,Description4,RT,12035
SS1651678717637,US,CD,context,Description7,RT,6129.29999999702
SS1651678717637,US,CD,focal,Description0,RT,10619.70000000298
SS1651678717637,US,CD,context,Description9,RT,6060.60000000149
SS1651678717637,US,CD,context,Description19,RT,8723.5
SS1651678717637,US,CD,context,Description3,RT,8418.59999999404
SS1651678770686,US,CD,context,Description7,RT,15288
SS1651678770686,US,CD,focal,Description4,RT,35860
SS1651678770686,US,CD,context,Description2,RT,17859
SS1651678770686,US,CD,focal,Description5,RT,21275
SS1651678770686,US,CD,focal,Description4,RT,11160
SS1651678770686,US,CD,context,Description3,RT,33239
SS1651678770686,US,CD,context,Description19,RT,14566
SS1651678770686,US,CD,focal,Description6,RT,6784
SS1651678770686,US,CD,context,Description9,RT,19109
SS1651678770686,US,CD,context,Description7,RT,23556
SS1651678770686,US,CD,context,Description3,RT,6989
SS1651678770686,US,CD,focal,Description4,RT,32515
SS1651678770686,US,CD,focal,Description6,RT,13368
SS1651678770686,US,CD,context,Description2,RT,17761
SS1651678770686,US,CD,focal,Description29,RT,22403
SS1651678770686,US,CD,context,Description2,RT,11378
SS1651678770686,US,CD,focal,Description6,RT,30859
SS1651678770686,US,CD,focal,Description5,RT,7541
SS1651678770686,US,CD,focal,Description5,RT,24457
SS1651678770686,US,CD,context,Description3,RT,12906
SS1651678770686,US,CD,context,Description7,RT,31185
SS1651678809453,US,CD,context,Description8,RT,5846.300000011921
SS1651678809453,US,CD,context,Description7,RT,2900.800000011921
SS1651678809453,US,CD,focal,Description29,RT,3579.800000011921
SS1651678809453,US,CD,focal,Description6,RT,1889
SS1651678809453,US,CD,context,Description3,RT,1611.699999988079
SS1651678809453,US,CD,context,Description3,RT,2276.399999976158
SS1651678809453,US,CD,focal,Description4,RT,2467.600000023842
SS1651678809453,US,CD,context,Description1,RT,2077.399999976158
SS1651678809453,US,CD,context,Description8,RT,14467.599999964237
SS1651678809453,US,CD,focal,Description4,RT,4115.800000011921
SS1651678809453,US,CD,focal,Description0,RT,3009.400000035763
SS1651678809453,US,CD,focal,Description5,RT,5366.099999964237
SS1651678809453,US,CD,context,Description2,RT,3570.5
SS1651678809453,US,CD,focal,Description5,RT,2336.100000023842
SS1651678809453,US,CD,context,Description2,RT,1627.800000011921
SS1651678809453,US,CD,context,Description9,RT,5426
SS1651678809453,US,CD,context,Description7,RT,4250.199999988079
SS1651678809453,US,CD,focal,Description4,RT,3549.300000011921
SS1651678809453,US,CD,focal,Description0,RT,3281
SS1651678809453,US,CD,focal,Description6,RT,4721.100000023842
SS1651678809453,US,CD,context,Description19,RT,3619.199999988079
SS1651678809453,US,CD,context,Description2,RT,2338.600000023842
SS1651678809453,US,CD,context,Description8,RT,4144.300000011921
SS1651678809453,US,CD,focal,Description6,RT,4359.399999976158
SS1651678809453,US,CD,focal,Description5,RT,2448.100000023842
SS1651678809453,US,CD,context,Description3,RT,4736.399999976158
SS1651678809453,US,CD,context,Description1,RT,4695.800000011921
SS1651678809453,US,CD,context,Description1,RT,3878.100000023842
SS1651678809453,US,CD,context,Description7,RT,15982.100000023842
SS1651678809453,US,CD,focal,Description0,RT,5247.800000011921
SS1651678955017,US,CD,focal,Description4,RT,10882.5
SS1651678955017,US,CD,focal,Description29,RT,10780.5
SS1651678955017,US,CD,context,Description2,RT,21958.599999999627
SS1651678955017,US,CD,context,Description19,RT,10835.19999999972
SS1651678955017,US,CD,context,Description9,RT,12994
SS1651678955017,US,CD,focal,Description4,RT,12170.30000000028
SS1651678955017,US,CD,context,Description1,RT,20365.299999999814
SS1651678955017,US,CD,context,Description3,RT,17469.19999999972
SS1651678955017,US,CD,context,Description3,RT,12280.899999999907
SS1651678955017,US,CD,context,Description7,RT,17654
SS1651678955017,US,CD,context,Description7,RT,35572.39999999991
SS1651678955017,US,CD,context,Description1,RT,21226.19999999972
SS1651678955017,US,CD,context,Description2,RT,14742.899999999907
SS1651678955017,US,CD,focal,Description6,RT,23004.299999999814
SS1651678955017,US,CD,context,Description3,RT,10871.399999999907
SS1651678955017,US,CD,focal,Description6,RT,12414.5
SS1651678955017,US,CD,focal,Description6,RT,18846.600000000093
SS1651678955017,US,CD,context,Description7,RT,9637.5
SS1651678955017,US,CD,context,Description1,RT,8100.399999999907
SS1651678955017,US,CD,context,Description2,RT,8815.200000000186
SS1651678955017,US,CD,focal,Description4,RT,12269
SS1651679034205,US,CD,focal,Description6,RT,11195.599999964237
SS1651679034205,US,CD,context,Description2,RT,22519.900000035763
SS1651679034205,US,CD,context,Description8,RT,8335
SS1651679034205,US,CD,focal,Description4,RT,12415.300000011921
SS1651679034205,US,CD,context,Description8,RT,28625.30000001192
SS1651679034205,US,CD,context,Description3,RT,4569
SS1651679034205,US,CD,context,Description1,RT,11208.699999988079
SS1651679034205,US,CD,context,Description2,RT,2579.899999976158
SS1651679034205,US,CD,context,Description19,RT,7164.300000011921
SS1651679034205,US,CD,context,Description8,RT,5450
SS1651679034205,US,CD,context,Description3,RT,12370.699999988079
SS1651679034205,US,CD,focal,Description0,RT,11458.599999964237
SS1651679034205,US,CD,context,Description7,RT,47337.30000001192
SS1651679034205,US,CD,focal,Description5,RT,4806.5
SS1651679034205,US,CD,context,Description7,RT,3438
SS1651679034205,US,CD,focal,Description0,RT,21474.399999976158
SS1651679034205,US,CD,focal,Description5,RT,8842.199999988079
SS1651679034205,US,CD,focal,Description6,RT,11752
SS1651679034205,US,CD,context,Description7,RT,8671.100000023842
SS1651679034205,US,CD,context,Description3,RT,15666.399999976158
SS1651679034205,US,CD,context,Description1,RT,7252.600000023842
SS1651679034205,US,CD,focal,Description4,RT,6595.399999976158
SS1651679034205,US,CD,focal,Description0,RT,30685
SS1651679034205,US,CD,context,Description1,RT,5540.900000035763
SS1651679034205,US,CD,focal,Description5,RT,7376.899999976158
SS1651679034205,US,CD,focal,Description29,RT,7900.600000023842
SS1651679034205,US,CD,focal,Description4,RT,3350
SS1651679034205,US,CD,context,Description2,RT,12964.599999964237
SS1651679034205,US,CD,focal,Description6,RT,16670.69999998808
SS1651679448134,US,CD,context,Description3,RT,53430.60000002384
SS1651679448134,US,CD,focal,Description5,RT,4213.600000023842
SS1651679448134,US,CD,focal,Description0,RT,36283.90000003576
SS1651679448134,US,CD,focal,Description4,RT,12343.600000023842
SS1651679448134,US,CD,context,Description1,RT,5704.900000035763
SS1651679448134,US,CD,context,Description2,RT,2278.2000000476837
SS1651679448134,US,CD,context,Description8,RT,1649.199999988079
SS1651679448134,US,CD,context,Description7,RT,1790
SS1651679448134,US,CD,focal,Description6,RT,12753.400000035763
SS1651679448134,US,CD,focal,Description29,RT,1625.0999999642372
SS1651679448134,US,CD,context,Description2,RT,8209.699999988079
SS1651679448134,US,CD,focal,Description6,RT,6326
SS1651679448134,US,CD,focal,Description4,RT,8101.800000011921
SS1651679448134,US,CD,focal,Description0,RT,6467.200000047684
SS1651679448134,US,CD,focal,Description4,RT,7968
SS1651679448134,US,CD,context,Description3,RT,3036.5
SS1651679448134,US,CD,context,Description7,RT,12990.300000011921
SS1651679448134,US,CD,context,Description2,RT,20145
SS1651679448134,US,CD,focal,Description5,RT,27171.69999998808
SS1651679448134,US,CD,context,Description8,RT,14497.899999976158
SS1651679448134,US,CD,focal,Description0,RT,10141.5
SS1651679448134,US,CD,context,Description19,RT,3129.2000000476837
SS1651679448134,US,CD,context,Description8,RT,2353.400000035763
SS1651679448134,US,CD,context,Description9,RT,20586.19999998808
SS1651679448134,US,CD,context,Description7,RT,3593.899999976158
SS1651679448134,US,CD,context,Description1,RT,10648.900000035763
SS1651679448134,US,CD,context,Description1,RT,1606.800000011921
SS1651679448134,US,CD,focal,Description6,RT,4944.699999988079
SS1651679448134,US,CD,focal,Description5,RT,3797.300000011921
SS1651679448134,US,CD,context,Description3,RT,1505.699999988079
SS1651679534071,US,CD,focal,Description5,RT,45686
SS1651679534071,US,CD,focal,Description29,RT,4911.400000035763
SS1651679534071,US,CD,focal,Description0,RT,16038.199999988079
SS1651679534071,US,CD,context,Description9,RT,40310
SS1651679534071,US,CD,focal,Description0,RT,61.40000003576279
SS1651679534071,US,CD,context,Description2,RT,12838.400000035763
SS1651679534071,US,CD,focal,Description6,RT,8343.300000011921
SS1651679534071,US,CD,context,Description2,RT,4047.300000011921
SS1651679534071,US,CD,context,Description2,RT,27237.19999998808
SS1651679534071,US,CD,context,Description7,RT,2799.399999976158
SS1651679534071,US,CD,context,Description1,RT,2790.100000023842
SS1651679534071,US,CD,focal,Description0,RT,7086.300000011921
SS1651679534071,US,CD,focal,Description5,RT,44535.59999996424
SS1651679534071,US,CD,context,Description1,RT,4756.800000011921
SS1651679534071,US,CD,context,Description1,RT,9975.600000023842
SS1651679534071,US,CD,context,Description19,RT,4965.099999964237
SS1651679534071,US,CD,focal,Description4,RT,5119.199999988079
SS1651679534071,US,CD,context,Description3,RT,6367.199999988079
SS1651679534071,US,CD,context,Description3,RT,2287.599999964237
SS1651679534071,US,CD,context,Description7,RT,2950.100000023842
SS1651679534071,US,CD,focal,Description4,RT,8173.899999976158
SS1651679534071,US,CD,focal,Description5,RT,9470.899999976158
SS1651679534071,US,CD,focal,Description6,RT,6157.399999976158
SS1651679534071,US,CD,context,Description3,RT,2844
SS1651679534071,US,CD,context,Description7,RT,23966.80000001192
SS1651679534071,US,CD,focal,Description4,RT,4084.7999999523163
SS1651679534071,US,CD,focal,Description6,RT,2165.800000011921
SS1651679569580,US,CD,focal,Description4,RT,4003
SS1651679569580,US,CD,focal,Description0,RT,5704.70000000298
SS1651679569580,US,CD,focal,Description5,RT,8161.20000000298
SS1651679569580,US,CD,focal,Description6,RT,3513
SS1651679569580,US,CD,context,Description7,RT,4255.39999999851
SS1651679569580,US,CD,context,Description1,RT,3516.10000000149
SS1651679569580,US,CD,focal,Description5,RT,9415.89999999851
SS1651679569580,US,CD,context,Description3,RT,1673.3999999985099
SS1651679569580,US,CD,context,Description2,RT,1641.5
SS1651679569580,US,CD,context,Description7,RT,2223.7000000029802
SS1651679569580,US,CD,context,Description2,RT,6191.30000000447
SS1651679569580,US,CD,context,Description7,RT,16779.10000000149
SS1651679569580,US,CD,context,Description2,RT,8772.29999999702
SS1651679569580,US,CD,focal,Description6,RT,10256.59999999404
SS1651679569580,US,CD,context,Description1,RT,4546.60000000149
SS1651679569580,US,CD,focal,Description6,RT,4742
SS1651679569580,US,CD,context,Description3,RT,1638.2999999970198
SS1651679569580,US,CD,focal,Description4,RT,7415.39999999851
SS1651679569580,US,CD,focal,Description4,RT,10062.70000000298
SS1651679569580,US,CD,context,Description9,RT,10868
SS1651679569580,US,CD,context,Description3,RT,13520.80000000447
SS1651679569580,US,CD,context,Description19,RT,2990.1999999955297
SS1651679569580,US,CD,context,Description1,RT,2863.2000000029802
SS1651679569580,US,CD,focal,Description0,RT,3036.0999999940395
SS1651679569580,US,CD,focal,Description29,RT,2021.5
SS1651679569580,US,CD,focal,Description0,RT,6349.80000000447
SS1651679569580,US,CD,focal,Description5,RT,4226.79999999702
SS1651679629301,US,CD,focal,Description0,RT,13683.400000000373
SS1651679629301,US,CD,focal,Description5,RT,6573.5999999996275
SS1651679629301,US,CD,context,Description3,RT,1619.7000000011176
SS1651679629301,US,CD,context,Description9,RT,10085.10000000149
SS1651679629301,US,CD,focal,Description6,RT,4948.0999999996275
SS1651679629301,US,CD,focal,Description4,RT,7569
SS1651679629301,US,CD,focal,Description5,RT,8721.699999999255
SS1651679629301,US,CD,context,Description1,RT,3357.2000000011176
SS1651679629301,US,CD,focal,Description0,RT,11426.700000001118
SS1651679629301,US,CD,focal,Description29,RT,1598.5999999996275
SS1651679629301,US,CD,context,Description3,RT,4157
SS1651679629301,US,CD,context,Description8,RT,38812.70000000112
SS1651679629301,US,CD,context,Description2,RT,2908.9000000003725
SS1651679629301,US,CD,context,Description8,RT,2816.5999999996275
SS1651679629301,US,CD,focal,Description5,RT,4189.5
SS1651679629301,US,CD,focal,Description4,RT,2783.300000000745
SS1651679629301,US,CD,context,Description19,RT,3477.2999999988824
SS1651679629301,US,CD,context,Description2,RT,20508.900000000373
SS1651679629301,US,CD,focal,Description0,RT,2317.89999999851
SS1651679629301,US,CD,context,Description7,RT,4665.39999999851
SS1651679629301,US,CD,context,Description1,RT,7028
SS1651679629301,US,CD,context,Description8,RT,2375.5999999996275
SS1651679629301,US,CD,context,Description7,RT,29105.39999999851
SS1651679629301,US,CD,focal,Description6,RT,4376.199999999255
SS1651679629301,US,CD,context,Description7,RT,23858.800000000745
SS1651679629301,US,CD,focal,Description6,RT,2401.4000000003725
SS1651679629301,US,CD,context,Description2,RT,3524
SS1651679629301,US,CD,context,Description1,RT,4295.39999999851
SS1651679629301,US,CD,focal,Description4,RT,3487.800000000745
SS1651679629301,US,CD,context,Description3,RT,16677.199999999255
SS1651679984067,US,CD,context,Description2,RT,3159
SS1651679984067,US,CD,context,Description1,RT,4235.300000190735
SS1651679984067,US,CD,focal,Description29,RT,17611.60000014305
SS1651679984067,US,CD,context,Description3,RT,2384.600000143051
SS1651679984067,US,CD,focal,Description6,RT,4962.799999952316
SS1651679984067,US,CD,context,Description1,RT,6240.200000047684
SS1651679984067,US,CD,context,Description7,RT,2668.7999999523163
SS1651679984067,US,CD,context,Description1,RT,12433.5
SS1651679984067,US,CD,context,Description7,RT,2844.7000000476837
SS1651679984067,US,CD,context,Description2,RT,8797.199999809265
SS1651679984067,US,CD,context,Description3,RT,3201.100000143051
SS1651679984067,US,CD,context,Description19,RT,4303.899999856949
SS1651679984067,US,CD,focal,Description5,RT,2373.100000143051
SS1651679984067,US,CD,focal,Description5,RT,6896.699999809265
SS1651679984067,US,CD,focal,Description4,RT,4855
SS1651679984067,US,CD,context,Description7,RT,7468.5
SS1651679984067,US,CD,context,Description2,RT,9863.899999856949
SS1651679984067,US,CD,focal,Description4,RT,18133.599999904633
SS1651679984067,US,CD,focal,Description6,RT,2899.2000000476837
SS1651679984067,US,CD,focal,Description5,RT,1635.2000000476837
SS1651679984067,US,CD,focal,Description6,RT,11149.799999952316
SS1651679984067,US,CD,context,Description3,RT,8861.700000047684
SS1651679984067,US,CD,focal,Description4,RT,5407.900000095367
SS1651680129189,US,CD,focal,Description4,RT,3511.399999856949
SS1651680129189,US,CD,context,Description7,RT,15780.799999952316
SS1651680129189,US,CD,focal,Description0,RT,41894.200000047684
SS1651680129189,US,CD,focal,Description0,RT,25940.60000014305
SS1651680129189,US,CD,context,Description19,RT,30357.900000095367
SS1651680129189,US,CD,context,Description3,RT,10990.899999856949
SS1651680129189,US,CD,context,Description7,RT,30252.699999809265
SS1651680129189,US,CD,focal,Description4,RT,4580.600000143051
SS1651680129189,US,CD,focal,Description6,RT,16804.5
SS1651680129189,US,CD,context,Description3,RT,6869.599999904633
SS1651680129189,US,CD,focal,Description6,RT,33774.60000014305
SS1651680129189,US,CD,context,Description1,RT,8045.299999952316
SS1651680129189,US,CD,focal,Description0,RT,11590.199999809265
SS1651680129189,US,CD,context,Description2,RT,11654.5
SS1651680129189,US,CD,context,Description2,RT,8973.400000095367
SS1651680129189,US,CD,context,Description1,RT,12565.400000095367
SS1651680129189,US,CD,focal,Description6,RT,14574.099999904633
SS1651680129189,US,CD,context,Description7,RT,29333.199999809265
SS1651680129189,US,CD,context,Description2,RT,31186.39999985695
SS1651680129189,US,CD,focal,Description4,RT,11788.599999904633
SS1651680129189,US,CD,context,Description1,RT,6755.599999904633
SS1651680129189,US,CD,context,Description3,RT,14565.299999952316
SS1651680129189,US,CD,focal,Description29,RT,6486.199999809265
SS1651680530568,US,CD,context,Description3,RT,6909
SS1651680530568,US,CD,focal,Description6,RT,16777.5
SS1651680530568,US,CD,context,Description1,RT,3405.399999976158
SS1651680530568,US,CD,context,Description2,RT,11680.899999976158
SS1651680530568,US,CD,context,Description1,RT,30725.100000023842
SS1651680530568,US,CD,focal,Description4,RT,17442.800000071526
SS1651680530568,US,CD,context,Description19,RT,8670.299999952316
SS1651680530568,US,CD,focal,Description5,RT,4905.100000023842
SS1651680530568,US,CD,focal,Description4,RT,4066.7999999523163
SS1651680530568,US,CD,focal,Description5,RT,22792.600000023842
SS1651680530568,US,CD,focal,Description4,RT,23732.799999952316
SS1651680530568,US,CD,focal,Description5,RT,5321.700000047684
SS1651680530568,US,CD,focal,Description0,RT,24803.299999952316
SS1651680530568,US,CD,focal,Description29,RT,2824
SS1651680530568,US,CD,focal,Description6,RT,13717.299999952316
SS1651680530568,US,CD,focal,Description6,RT,4207.399999976158
SS1651680530568,US,CD,context,Description1,RT,11167.600000023842
SS1651680530568,US,CD,context,Description2,RT,8511.100000023842
SS1651680530568,US,CD,context,Description2,RT,5040.399999976158
SS1651680530568,US,CD,context,Description3,RT,10603.799999952316
SS1651680530568,US,CD,context,Description3,RT,2492.100000023842
SS1651680530568,US,CD,focal,Description0,RT,6893.399999976158
SS1651680530568,US,CD,focal,Description0,RT,9054.899999976158
SS1651680818305,US,CD,focal,Description5,RT,10519.39999999106
SS1651680818305,US,CD,context,Description7,RT,17077.20000000298
SS1651680818305,US,CD,focal,Description6,RT,3914.9000000059605
SS1651680818305,US,CD,context,Description1,RT,12756.79999999702
SS1651680818305,US,CD,focal,Description4,RT,11497.29999999702
SS1651680818305,US,CD,context,Description19,RT,6980.5
SS1651680818305,US,CD,focal,Description6,RT,9488.5
SS1651680818305,US,CD,context,Description2,RT,6333.20000000298
SS1651680818305,US,CD,focal,Description4,RT,9847.79999999702
SS1651680818305,US,CD,focal,Description0,RT,28936.90000000596
SS1651680818305,US,CD,context,Description1,RT,3171.8999999910593
SS1651680818305,US,CD,context,Description2,RT,7311.5
SS1651680818305,US,CD,context,Description9,RT,12626.800000011921
SS1651680818305,US,CD,context,Description7,RT,4015.0999999940395
SS1651680818305,US,CD,focal,Description0,RT,11817.59999999404
SS1651680818305,US,CD,context,Description3,RT,5280.9000000059605
SS1651680818305,US,CD,focal,Description0,RT,8393.79999999702
SS1651680818305,US,CD,context,Description1,RT,7084.29999999702
SS1651680818305,US,CD,focal,Description5,RT,6140.9000000059605
SS1651680818305,US,CD,focal,Description4,RT,6437.399999991059
SS1651680818305,US,CD,context,Description3,RT,2291.1000000089407
SS1651680818305,US,CD,context,Description2,RT,10329.79999999702
SS1651680818305,US,CD,focal,Description29,RT,2433.5
SS1651680818305,US,CD,context,Description3,RT,5377.300000011921
SS1651680818305,US,CD,focal,Description6,RT,11720.70000000298
SS1651680818305,US,CD,focal,Description5,RT,3777
SS1651680818305,US,CD,context,Description7,RT,2492.7999999970198
SS1651680994828,US,CD,context,Description19,RT,18596.700000001816
SS1651680994828,US,CD,focal,Description6,RT,27897.850000001257
SS1651680994828,US,CD,focal,Description5,RT,54407.7350000008
SS1651680994828,US,CD,focal,Description4,RT,38852.74500000384
SS1651680994828,US,CD,context,Description2,RT,2930.5199999944307
SS1651680994828,US,CD,focal,Description4,RT,4643.470000002766
SS1651680994828,US,CD,context,Description9,RT,5256.8450000034645
SS1651680994828,US,CD,focal,Description5,RT,3970.31499999878
SS1651680994828,US,CD,context,Description3,RT,6555.4800000025425
SS1651680994828,US,CD,context,Description1,RT,39478.60999999824
SS1651680994828,US,CD,context,Description7,RT,null
SS1651680994828,US,CD,context,Description1,RT,8229.185000003781
SS1651680994828,US,CD,focal,Description6,RT,3926.699999996461
SS1651680994828,US,CD,context,Description1,RT,5491.410000002477
SS1651680994828,US,CD,context,Description3,RT,4513.354999995558
SS1651680994828,US,CD,context,Description3,RT,1572.8899999959394
SS1651680994828,US,CD,focal,Description29,RT,3122.4450000009965
SS1651680994828,US,CD,focal,Description0,RT,14309.289999997476
SS1651680994828,US,CD,context,Description7,RT,6155.344999999274
SS1651680994828,US,CD,context,Description2,RT,8731.330000002403
SS1651680994828,US,CD,context,Description7,RT,13486.969999998342
SS1651680994828,US,CD,context,Description2,RT,9425.065000003204
SS1651680994828,US,CD,focal,Description0,RT,10507.575000003446
SS1651680994828,US,CD,focal,Description5,RT,3500.364999999758
SS1651680994828,US,CD,focal,Description4,RT,7022.799999998882
SS1651680994828,US,CD,focal,Description0,RT,6563.344999995083
SS1651680994828,US,CD,focal,Description6,RT,5165.639999999199
SS1651681877580,US,CD,context,Description19,RT,6437.300000190735
SS1651681877580,US,CD,context,Description2,RT,5147.200000047684
SS1651681877580,US,CD,focal,Description0,RT,10560.799999952316
SS1651681877580,US,CD,context,Description7,RT,13302.299999952316
SS1651681877580,US,CD,context,Description7,RT,12384.5
SS1651681877580,US,CD,focal,Description6,RT,7669.299999952316
SS1651681877580,US,CD,focal,Description0,RT,3744
SS1651681877580,US,CD,focal,Description6,RT,7160.799999952316
SS1651681877580,US,CD,focal,Description4,RT,3610.2999999523163
SS1651681877580,US,CD,context,Description7,RT,1763.4000000953674
SS1651681877580,US,CD,context,Description9,RT,15724.299999952316
SS1651681877580,US,CD,context,Description1,RT,8901.299999952316
SS1651681877580,US,CD,context,Description1,RT,18881.699999809265
SS1651681877580,US,CD,context,Description2,RT,10020.099999904633
SS1651681877580,US,CD,context,Description1,RT,5875.400000095367
SS1651681877580,US,CD,focal,Description4,RT,11966.399999856949
SS1651681877580,US,CD,focal,Description29,RT,1881.7999999523163
SS1651681877580,US,CD,focal,Description6,RT,7055.099999904633
SS1651681877580,US,CD,context,Description2,RT,2946.100000143051
SS1651681877580,US,CD,focal,Description4,RT,16988.200000047684
SS1651681877580,US,CD,focal,Description0,RT,8346.400000095367
SS1651690626669,US,CD,focal,Description5,RT,23275
SS1651690626669,US,CD,focal,Description6,RT,4975.400000095367
SS1651690626669,US,CD,context,Description2,RT,4095.4000000953674
SS1651690626669,US,CD,context,Description7,RT,7521
SS1651690626669,US,CD,focal,Description6,RT,17381.700000047684
SS1651690626669,US,CD,focal,Description5,RT,14062.399999856949
SS1651690626669,US,CD,focal,Description4,RT,14533.5
SS1651690626669,US,CD,context,Description9,RT,14650.900000095367
SS1651690626669,US,CD,focal,Description4,RT,14510.400000095367
SS1651690626669,US,CD,context,Description3,RT,42796.09999990463
SS1651690626669,US,CD,focal,Description4,RT,5378.900000095367
SS1651690626669,US,CD,context,Description1,RT,28973.700000047684
SS1651690626669,US,CD,context,Description3,RT,3045.0999999046326
SS1651690626669,US,CD,context,Description1,RT,2520.2999999523163
SS1651690626669,US,CD,focal,Description6,RT,11115.5
SS1651690626669,US,CD,focal,Description0,RT,35890.10000014305
SS1651690626669,US,CD,focal,Description5,RT,5446.5
SS1651690626669,US,CD,focal,Description0,RT,48353.199999809265
SS1651690626669,US,CD,focal,Description29,RT,3537.5999999046326
SS1651690626669,US,CD,context,Description2,RT,13213.799999952316
SS1651690626669,US,CD,context,Description7,RT,2221.600000143051
SS1651690626669,US,CD,context,Description19,RT,3538.600000143051
SS1651690626669,US,CD,context,Description7,RT,23419
SS1651690626669,US,CD,focal,Description0,RT,2954
SS1651690626669,US,CD,context,Description1,RT,11354.800000190735
SS1651690626669,US,CD,context,Description2,RT,13859
SS1651690626669,US,CD,context,Description3,RT,2163.2999999523163
SS1651690672320,US,CD,context,Description2,RT,8129.800000071526
SS1651690672320,US,CD,context,Description3,RT,11416.799999952316
SS1651690672320,US,CD,context,Description19,RT,7414
SS1651690672320,US,CD,focal,Description0,RT,25004.200000047684
SS1651690672320,US,CD,context,Description2,RT,3011.600000023842
SS1651690672320,US,CD,context,Description3,RT,8116.299999952316
SS1651690672320,US,CD,focal,Description5,RT,8957.100000023842
SS1651690672320,US,CD,focal,Description4,RT,16789.5
SS1651690672320,US,CD,context,Description2,RT,37004.60000002384
SS1651690672320,US,CD,context,Description7,RT,8356.5
SS1651690672320,US,CD,focal,Description6,RT,4307.5
SS1651690672320,US,CD,focal,Description5,RT,5259.899999976158
SS1651690672320,US,CD,focal,Description29,RT,2205.5
SS1651690672320,US,CD,focal,Description6,RT,7664.400000095367
SS1651690672320,US,CD,context,Description7,RT,14944.399999976158
SS1651690672320,US,CD,focal,Description6,RT,6625.899999976158
SS1651690672320,US,CD,context,Description9,RT,6112.700000047684
SS1651690672320,US,CD,focal,Description0,RT,4957
SS1651690672320,US,CD,focal,Description5,RT,4465.600000023842
SS1651690672320,US,CD,context,Description1,RT,3763.2000000476837
SS1651690672320,US,CD,focal,Description4,RT,7980.100000023842
SS1651690672320,US,CD,focal,Description4,RT,7843.600000023842
SS1651690672320,US,CD,context,Description3,RT,2045.1000000238419
SS1651690672320,US,CD,context,Description1,RT,3825.5
SS1651690672320,US,CD,context,Description7,RT,2397.5
SS1651690672320,US,CD,focal,Description0,RT,5942.200000047684
SS1651690672320,US,CD,context,Description1,RT,6827.299999952316
SS1651690674639,US,CD,context,Description7,RT,3449.0999999940395
SS1651690674639,US,CD,focal,Description5,RT,6863.200000017881
SS1651690674639,US,CD,focal,Description6,RT,6059.899999976158
SS1651690674639,US,CD,context,Description7,RT,2985.199999988079
SS1651690674639,US,CD,context,Description1,RT,11008.199999988079
SS1651690674639,US,CD,context,Description2,RT,6250.100000023842
SS1651690674639,US,CD,context,Description1,RT,3656.7000000178814
SS1651690674639,US,CD,focal,Description4,RT,4219.4000000059605
SS1651690674639,US,CD,focal,Description4,RT,6840.399999976158
SS1651690674639,US,CD,context,Description2,RT,1862
SS1651690674639,US,CD,focal,Description6,RT,4325.800000011921
SS1651690674639,US,CD,focal,Description0,RT,5130.9000000059605
SS1651690674639,US,CD,focal,Description29,RT,3571.5999999940395
SS1651690674639,US,CD,focal,Description6,RT,8849.800000011921
SS1651690674639,US,CD,context,Description7,RT,11911
SS1651690674639,US,CD,focal,Description0,RT,5984.600000023842
SS1651690674639,US,CD,context,Description3,RT,1468.800000011921
SS1651690674639,US,CD,context,Description3,RT,15262.40000000596
SS1651690674639,US,CD,focal,Description5,RT,4672.9000000059605
SS1651690674639,US,CD,focal,Description4,RT,6878.700000017881
SS1651690674639,US,CD,context,Description1,RT,3627.5
SS1651690674639,US,CD,focal,Description0,RT,5522.5
SS1651690674639,US,CD,context,Description19,RT,3685.399999976158
SS1651690674639,US,CD,context,Description2,RT,19188.30000001192
SS1651690674639,US,CD,focal,Description5,RT,13381
SS1651690674639,US,CD,context,Description3,RT,2117.0999999940395
SS1651690678231,US,CD,focal,Description5,RT,7614
SS1651690678231,US,CD,context,Description3,RT,3310.599999964237
SS1651690678231,US,CD,focal,Description0,RT,null
SS1651690678231,US,CD,context,Description8,RT,6670.100000023842
SS1651690678231,US,CD,focal,Description5,RT,10785.300000011921
SS1651690678231,US,CD,focal,Description6,RT,9186.300000011921
SS1651690678231,US,CD,focal,Description4,RT,8608.600000023842
SS1651690678231,US,CD,focal,Description4,RT,8289.299999952316
SS1651690678231,US,CD,context,Description7,RT,2938.800000011921
SS1651690678231,US,CD,context,Description9,RT,6444.599999964237
SS1651690678231,US,CD,focal,Description6,RT,7400.800000011921
SS1651690678231,US,CD,context,Description7,RT,17093.69999998808
SS1651690678231,US,CD,focal,Description0,RT,3094.2000000476837
SS1651690678231,US,CD,context,Description3,RT,9522.399999976158
SS1651690678231,US,CD,focal,Description6,RT,16150.5
SS1651690678231,US,CD,context,Description7,RT,5941.399999976158
SS1651690678231,US,CD,context,Description2,RT,17819.600000023842
SS1651690678231,US,CD,context,Description8,RT,55528.90000003576
SS1651690678231,US,CD,context,Description8,RT,3314.5
SS1651690678231,US,CD,context,Description1,RT,4349.699999988079
SS1651690678231,US,CD,context,Description3,RT,2199.100000023842
SS1651690678231,US,CD,focal,Description0,RT,10576.099999964237
SS1651690678231,US,CD,context,Description1,RT,7096
SS1651690678231,US,CD,context,Description19,RT,4340.399999976158
SS1651690678231,US,CD,context,Description1,RT,10163.800000011921
SS1651690678231,US,CD,context,Description2,RT,10139.800000011921
SS1651690678231,US,CD,focal,Description5,RT,9014
SS1651690678231,US,CD,context,Description2,RT,2993.100000023842
SS1651690678231,US,CD,focal,Description29,RT,1747.699999988079
SS1651690678231,US,CD,focal,Description4,RT,9241.900000035763
SS1651690678388,US,CD,context,Description8,RT,8642.59999999404
SS1651690678388,US,CD,context,Description7,RT,14672.29999999702
SS1651690678388,US,CD,focal,Description5,RT,7187
SS1651690678388,US,CD,focal,Description6,RT,6394.300000011921
SS1651690678388,US,CD,focal,Description6,RT,4821.20000000298
SS1651690678388,US,CD,context,Description3,RT,7780.20000000298
SS1651690678388,US,CD,focal,Description29,RT,7453.800000011921
SS1651690678388,US,CD,focal,Description0,RT,13014
SS1651690678388,US,CD,context,Description7,RT,6442.0999999940395
SS1651690678388,US,CD,context,Description1,RT,1794.2999999970198
SS1651690678388,US,CD,focal,Description4,RT,4438.5
SS1651690678388,US,CD,context,Description2,RT,38962.59999999404
SS1651690678388,US,CD,context,Description8,RT,9682
SS1651690678388,US,CD,context,Description3,RT,4874.20000000298
SS1651690678388,US,CD,focal,Description4,RT,6523.79999999702
SS1651690678388,US,CD,focal,Description0,RT,6221.70000000298
SS1651690678388,US,CD,context,Description1,RT,13112.29999999702
SS1651690678388,US,CD,context,Description1,RT,24505.09999999404
SS1651690678388,US,CD,context,Description9,RT,12165.79999999702
SS1651690678388,US,CD,context,Description7,RT,14157.20000000298
SS1651690678388,US,CD,focal,Description6,RT,10946.60000000894
SS1651690678388,US,CD,context,Description19,RT,8015.5
SS1651690678388,US,CD,focal,Description0,RT,28436.40000000596
SS1651690678388,US,CD,focal,Description4,RT,9701.699999988079
SS1651690678388,US,CD,focal,Description5,RT,4094.2999999970198
SS1651690678388,US,CD,focal,Description5,RT,4837
SS1651690678388,US,CD,context,Description8,RT,2711
SS1651690678388,US,CD,context,Description2,RT,4803.29999999702
SS1651690678388,US,CD,context,Description3,RT,2576.1000000089407
SS1651690678388,US,CD,context,Description2,RT,7514.5999999940395
SS1651690681690,US,CD,context,Description1,RT,10645.5
SS1651690681690,US,CD,context,Description3,RT,2095.9000000953674
SS1651690681690,US,CD,context,Description2,RT,4518.599999904633
SS1651690681690,US,CD,focal,Description6,RT,2771.9000000953674
SS1651690681690,US,CD,focal,Description5,RT,37606.200000047684
SS1651690681690,US,CD,context,Description3,RT,1731.5999999046326
SS1651690681690,US,CD,focal,Description6,RT,26128.299999952316
SS1651690681690,US,CD,context,Description2,RT,4426.599999904633
SS1651690681690,US,CD,focal,Description5,RT,2715.5999999046326
SS1651690681690,US,CD,context,Description7,RT,null
SS1651690681690,US,CD,focal,Description5,RT,3772.4000000953674
SS1651690681690,US,CD,context,Description9,RT,17314.599999904633
SS1651690681690,US,CD,focal,Description0,RT,6495.900000095367
SS1651690681690,US,CD,context,Description19,RT,2292.7999999523163
SS1651690681690,US,CD,focal,Description6,RT,6989.299999952316
SS1651690681690,US,CD,focal,Description29,RT,4148.599999904633
SS1651690681690,US,CD,context,Description3,RT,9364.299999952316
SS1651690681690,US,CD,context,Description7,RT,23589.5
SS1651690681690,US,CD,focal,Description4,RT,4727.399999856949
SS1651690681690,US,CD,context,Description1,RT,6399.100000143051
SS1651690681690,US,CD,focal,Description4,RT,4302.099999904633
SS1651690681690,US,CD,focal,Description0,RT,27525.800000190735
SS1651690681690,US,CD,focal,Description4,RT,14713.800000190735
SS1651690681690,US,CD,context,Description1,RT,9761
SS1651690681690,US,CD,focal,Description0,RT,9564.5
SS1651690681690,US,CD,context,Description2,RT,42210.299999952316
SS1651690681690,US,CD,context,Description7,RT,7010.700000047684
SS1651690683219,US,CD,context,Description3,RT,4239
SS1651690683219,US,CD,context,Description8,RT,6939
SS1651690683219,US,CD,focal,Description4,RT,29240
SS1651690683219,US,CD,context,Description8,RT,6503
SS1651690683219,US,CD,context,Description2,RT,9169.10000000894
SS1651690683219,US,CD,context,Description19,RT,8063
SS1651690683219,US,CD,focal,Description5,RT,17418.79999999702
SS1651690683219,US,CD,focal,Description6,RT,28965.70000000298
SS1651690683219,US,CD,focal,Description6,RT,22884.19999998808
SS1651690683219,US,CD,focal,Description29,RT,5881.79999999702
SS1651690683219,US,CD,focal,Description4,RT,4076.9000000059605
SS1651690683219,US,CD,context,Description9,RT,12861.60000000894
SS1651690683219,US,CD,context,Description7,RT,12511.5
SS1651690683219,US,CD,context,Description1,RT,8000.199999988079
SS1651690683219,US,CD,context,Description3,RT,5059.70000000298
SS1651690683219,US,CD,context,Description7,RT,6314.4000000059605
SS1651690683219,US,CD,focal,Description5,RT,11150.10000000894
SS1651690683219,US,CD,focal,Description5,RT,7022.70000000298
SS1651690683219,US,CD,context,Description2,RT,7707
SS1651690683219,US,CD,context,Description7,RT,4153.699999988079
SS1651690683219,US,CD,focal,Description4,RT,5875.399999991059
SS1651690683219,US,CD,focal,Description0,RT,20405.40000000596
SS1651690683219,US,CD,context,Description3,RT,15025.10000000894
SS1651690683219,US,CD,context,Description8,RT,21978.59999999404
SS1651690683219,US,CD,focal,Description0,RT,8934.70000000298
SS1651690683219,US,CD,context,Description1,RT,6732
SS1651690683219,US,CD,focal,Description6,RT,8355.89999999106
SS1651690683219,US,CD,context,Description1,RT,4226.600000008941
SS1651690683219,US,CD,focal,Description0,RT,11623.70000000298
SS1651690683219,US,CD,context,Description2,RT,15392.29999999702
SS1651690685286,US,CD,context,Description1,RT,15172.5
SS1651690685286,US,CD,context,Description2,RT,15969.5
SS1651690685286,US,CD,context,Description19,RT,10935.900000095367
SS1651690685286,US,CD,focal,Description6,RT,5359.900000095367
SS1651690685286,US,CD,focal,Description4,RT,19141.799999952316
SS1651690685286,US,CD,focal,Description4,RT,6400.899999856949
SS1651690685286,US,CD,focal,Description4,RT,10088.899999856949
SS1651690685286,US,CD,context,Description7,RT,12312.399999856949
SS1651690685286,US,CD,context,Description2,RT,8807.799999952316
SS1651690685286,US,CD,focal,Description5,RT,9151.599999904633
SS1651690685286,US,CD,context,Description1,RT,12554
SS1651690685286,US,CD,context,Description1,RT,6557.100000143051
SS1651690685286,US,CD,context,Description2,RT,7659.200000047684
SS1651690685286,US,CD,focal,Description5,RT,11678.799999952316
SS1651690685286,US,CD,focal,Description6,RT,11787.899999856949
SS1651690685286,US,CD,focal,Description5,RT,12522.299999952316
SS1651690685286,US,CD,context,Description7,RT,21317.799999952316
SS1651690685286,US,CD,focal,Description6,RT,11430.399999856949
SS1651690685286,US,CD,context,Description7,RT,6760.399999856949
SS1651690685286,US,CD,focal,Description29,RT,28237.39999985695
SS1651690687499,US,CD,focal,Description0,RT,52198.199999999255
SS1651690687499,US,CD,context,Description7,RT,21711.599999997765
SS1651690687499,US,CD,focal,Description4,RT,19275.10000000149
SS1651690687499,US,CD,context,Description2,RT,10726.300000000745
SS1651690687499,US,CD,context,Description1,RT,10963.300000000745
SS1651690687499,US,CD,focal,Description0,RT,11542
SS1651690687499,US,CD,context,Description1,RT,7700.199999999255
SS1651690687499,US,CD,focal,Description4,RT,24550.400000002235
SS1651690687499,US,CD,focal,Description4,RT,8821.300000000745
SS1651690687499,US,CD,focal,Description5,RT,13390
SS1651690687499,US,CD,focal,Description5,RT,11238.5
SS1651690687499,US,CD,focal,Description6,RT,8510.10000000149
SS1651690687499,US,CD,context,Description2,RT,19474
SS1651690687499,US,CD,context,Description19,RT,8363.89999999851
SS1651690687499,US,CD,focal,Description6,RT,11378.89999999851
SS1651690687499,US,CD,context,Description7,RT,15358.099999997765
SS1651690687499,US,CD,focal,Description6,RT,7147.5
SS1651690687499,US,CD,context,Description7,RT,null
SS1651690687499,US,CD,context,Description1,RT,8308.699999999255
SS1651690687499,US,CD,focal,Description29,RT,20424.89999999851
SS1651690687499,US,CD,focal,Description5,RT,8347.900000002235
SS1651690687499,US,CD,focal,Description0,RT,4395.10000000149
SS1651690687499,US,CD,context,Description2,RT,6339.60000000149
SS1651690687538,US,CD,focal,Description0,RT,11974
SS1651690687538,US,CD,focal,Description6,RT,6237
SS1651690687538,US,CD,context,Description7,RT,18431
SS1651690687538,US,CD,focal,Description29,RT,2373
SS1651690687538,US,CD,context,Description1,RT,24089
SS1651690687538,US,CD,context,Description3,RT,20383
SS1651690687538,US,CD,focal,Description4,RT,4694
SS1651690687538,US,CD,focal,Description6,RT,8968
SS1651690687538,US,CD,context,Description2,RT,3113
SS1651690687538,US,CD,focal,Description0,RT,11208
SS1651690687538,US,CD,focal,Description4,RT,7104
SS1651690687538,US,CD,context,Description3,RT,4279
SS1651690687538,US,CD,context,Description2,RT,14664
SS1651690687538,US,CD,context,Description2,RT,25894
SS1651690687538,US,CD,focal,Description0,RT,18710
SS1651690687538,US,CD,focal,Description4,RT,18254
SS1651690687538,US,CD,context,Description9,RT,29823
SS1651690687538,US,CD,focal,Description6,RT,6337
SS1651690687538,US,CD,context,Description7,RT,17181
SS1651690687538,US,CD,context,Description3,RT,14780
SS1651690687538,US,CD,context,Description7,RT,4273
SS1651690687538,US,CD,context,Description1,RT,4883
SS1651690687538,US,CD,context,Description1,RT,11997
SS1651690687538,US,CD,context,Description19,RT,10221
SS1651690691047,US,CD,focal,Description4,RT,11654.699999928474
SS1651690691047,US,CD,context,Description1,RT,19445.600000023842
SS1651690691047,US,CD,context,Description2,RT,15230.899999976158
SS1651690691047,US,CD,context,Description1,RT,4326.799999952316
SS1651690691047,US,CD,context,Description3,RT,9186.600000023842
SS1651690691047,US,CD,context,Description1,RT,8257.800000071526
SS1651690691047,US,CD,focal,Description5,RT,5720
SS1651690691047,US,CD,focal,Description29,RT,3095.2999999523163
SS1651690691047,US,CD,context,Description7,RT,14862.600000023842
SS1651690691047,US,CD,context,Description3,RT,8272.100000023842
SS1651690691047,US,CD,context,Description7,RT,5354.299999952316
SS1651690691047,US,CD,focal,Description4,RT,6984.600000023842
SS1651690691047,US,CD,context,Description2,RT,7325.5
SS1651690691047,US,CD,context,Description9,RT,10667.799999952316
SS1651690691047,US,CD,context,Description19,RT,3114.600000023842
SS1651690691047,US,CD,focal,Description5,RT,10236.199999928474
SS1651690691047,US,CD,context,Description2,RT,6502.5
SS1651690691047,US,CD,focal,Description4,RT,6277.600000023842
SS1651690691047,US,CD,focal,Description5,RT,7393
SS1651690691047,US,CD,context,Description7,RT,4555.400000095367
SS1651690691047,US,CD,context,Description3,RT,4525.100000023842
SS1651690691327,US,CD,context,Description3,RT,3561.0999999046326
SS1651690691327,US,CD,focal,Description6,RT,11311
SS1651690691327,US,CD,context,Description3,RT,23922.299999952316
SS1651690691327,US,CD,focal,Description0,RT,12817.900000095367
SS1651690691327,US,CD,context,Description9,RT,15017.600000143051
SS1651690691327,US,CD,focal,Description4,RT,28992.200000047684
SS1651690691327,US,CD,context,Description2,RT,5927.099999904633
SS1651690691327,US,CD,context,Description2,RT,17808.099999904633
SS1651690691327,US,CD,focal,Description4,RT,14168.200000047684
SS1651690691327,US,CD,context,Description2,RT,18546.200000047684
SS1651690691327,US,CD,context,Description1,RT,16603.39999985695
SS1651690691327,US,CD,context,Description7,RT,null
SS1651690691327,US,CD,context,Description19,RT,11303.900000095367
SS1651690691327,US,CD,focal,Description6,RT,9613.5
SS1651690691327,US,CD,context,Description1,RT,6188.100000143051
SS1651690691327,US,CD,context,Description7,RT,6394
SS1651690691327,US,CD,focal,Description5,RT,8140.299999952316
SS1651690691327,US,CD,focal,Description4,RT,31221.200000047684
SS1651690691327,US,CD,focal,Description0,RT,17228.299999952316
SS1651690691327,US,CD,context,Description3,RT,11325.099999904633
SS1651690691327,US,CD,focal,Description6,RT,14412.299999952316
SS1651690691327,US,CD,focal,Description0,RT,18732.799999952316
SS1651690691327,US,CD,context,Description7,RT,2600.5
SS1651690691327,US,CD,focal,Description5,RT,13932.5
SS1651690691327,US,CD,focal,Description29,RT,8928.399999856949
SS1651690691327,US,CD,focal,Description5,RT,16940
SS1651690691327,US,CD,context,Description1,RT,5271.799999952316
SS1651690706045,US,CD,focal,Description4,RT,12023
SS1651690706045,US,CD,context,Description7,RT,29280
SS1651690706045,US,CD,context,Description1,RT,48724
SS1651690706045,US,CD,focal,Description4,RT,19293
SS1651690706045,US,CD,focal,Description5,RT,6925
SS1651690706045,US,CD,focal,Description6,RT,59117
SS1651690706045,US,CD,focal,Description0,RT,17276
SS1651690706045,US,CD,context,Description19,RT,7715
SS1651690706045,US,CD,context,Description7,RT,6565
SS1651690706045,US,CD,focal,Description5,RT,16304
SS1651690706045,US,CD,context,Description9,RT,25787
SS1651690706045,US,CD,context,Description2,RT,25262
SS1651690706045,US,CD,focal,Description29,RT,13572
SS1651690706045,US,CD,context,Description2,RT,5030
SS1651690706045,US,CD,focal,Description4,RT,5449
SS1651690706045,US,CD,context,Description2,RT,33559
SS1651690706045,US,CD,focal,Description0,RT,15936
SS1651690706045,US,CD,context,Description1,RT,4762
SS1651690706045,US,CD,focal,Description5,RT,34208
SS1651690706045,US,CD,context,Description7,RT,6530
SS1651690706045,US,CD,focal,Description6,RT,29650
SS1651690706045,US,CD,focal,Description6,RT,11027
SS1651690706045,US,CD,focal,Description0,RT,8448
SS1651690706045,US,CD,context,Description1,RT,9068
SS1651690707467,US,CD,context,Description1,RT,3514
SS1651690707467,US,CD,focal,Description5,RT,17612
SS1651690707467,US,CD,focal,Description4,RT,10041
SS1651690707467,US,CD,context,Description2,RT,2027
SS1651690707467,US,CD,context,Description2,RT,1867
SS1651690707467,US,CD,context,Description7,RT,14941
SS1651690707467,US,CD,focal,Description5,RT,3767
SS1651690707467,US,CD,context,Description7,RT,1683
SS1651690707467,US,CD,focal,Description29,RT,1578
SS1651690707467,US,CD,focal,Description0,RT,3537
SS1651690707467,US,CD,focal,Description0,RT,6933
SS1651690707467,US,CD,context,Description9,RT,3484
SS1651690707467,US,CD,focal,Description0,RT,13514
SS1651690707467,US,CD,context,Description3,RT,3691
SS1651690707467,US,CD,context,Description19,RT,2869
SS1651690707467,US,CD,focal,Description4,RT,2534
SS1651690707467,US,CD,focal,Description5,RT,2476
SS1651690707467,US,CD,context,Description3,RT,1566
SS1651690707467,US,CD,context,Description7,RT,6822
SS1651690707467,US,CD,context,Description3,RT,2219
SS1651690707467,US,CD,focal,Description4,RT,22974
SS1651690707467,US,CD,context,Description1,RT,2430
SS1651690707467,US,CD,context,Description2,RT,16713
SS1651690707467,US,CD,context,Description1,RT,1821
SS1651690708015,US,CD,focal,Description5,RT,19637.799999952316
SS1651690708015,US,CD,context,Description9,RT,11509.700000047684
SS1651690708015,US,CD,focal,Description0,RT,17431.900000095367
SS1651690708015,US,CD,context,Description7,RT,7241.300000190735
SS1651690708015,US,CD,context,Description3,RT,2649.5999999046326
SS1651690708015,US,CD,context,Description2,RT,28660.5
SS1651690708015,US,CD,focal,Description29,RT,5095
SS1651690708015,US,CD,focal,Description6,RT,11957.799999952316
SS1651690708015,US,CD,context,Description7,RT,27677.10000014305
SS1651690708015,US,CD,focal,Description0,RT,50800.90000009537
SS1651690708015,US,CD,context,Description3,RT,55989.700000047684
SS1651690708015,US,CD,context,Description19,RT,6618.200000047684
SS1651690708015,US,CD,context,Description2,RT,3045.2000000476837
SS1651690708015,US,CD,context,Description1,RT,6723.299999952316
SS1651690708015,US,CD,focal,Description4,RT,5351.799999952316
SS1651690708015,US,CD,context,Description2,RT,7394.5
SS1651690708015,US,CD,context,Description1,RT,18544
SS1651690708015,US,CD,context,Description1,RT,13647.5
SS1651690708015,US,CD,focal,Description0,RT,15198.799999952316
SS1651690708015,US,CD,focal,Description5,RT,46142.40000009537
SS1651690708015,US,CD,focal,Description6,RT,6004.200000047684
SS1651690708015,US,CD,focal,Description6,RT,3625.2999999523163
SS1651690708015,US,CD,focal,Description5,RT,11143.599999904633
SS1651690708015,US,CD,focal,Description4,RT,7661.900000095367
SS1651690708015,US,CD,focal,Description4,RT,28509.5
SS1651690708015,US,CD,context,Description3,RT,5033.700000047684
SS1651690708015,US,CD,context,Description7,RT,35139.59999990463
SS1651690711805,US,CD,context,Description1,RT,6841.800000000745
SS1651690711805,US,CD,focal,Description0,RT,12534.599999999627
SS1651690711805,US,CD,focal,Description6,RT,2186
SS1651690711805,US,CD,focal,Description5,RT,7469.700000001118
SS1651690711805,US,CD,context,Description7,RT,14303
SS1651690711805,US,CD,focal,Description4,RT,5616.4000000003725
SS1651690711805,US,CD,context,Description2,RT,5025.5999999996275
SS1651690711805,US,CD,focal,Description6,RT,6890.0999999996275
SS1651690711805,US,CD,focal,Description29,RT,1596.9000000003725
SS1651690711805,US,CD,context,Description1,RT,4323.699999999255
SS1651690711805,US,CD,context,Description3,RT,2983.0999999996275
SS1651690711805,US,CD,focal,Description4,RT,15460.89999999851
SS1651690711805,US,CD,focal,Description5,RT,3062.5999999996275
SS1651690711805,US,CD,focal,Description0,RT,18722.400000000373
SS1651690711805,US,CD,context,Description3,RT,2241.699999999255
SS1651690711805,US,CD,context,Description3,RT,4099.699999999255
SS1651690711805,US,CD,context,Description1,RT,1489.8999999985099
SS1651690711805,US,CD,focal,Description0,RT,18555.599999999627
SS1651690711805,US,CD,context,Description9,RT,6889.9000000003725
SS1651690711805,US,CD,context,Description19,RT,4862.0999999996275
SS1651690711805,US,CD,context,Description7,RT,12851.099999999627
SS1651690711805,US,CD,context,Description2,RT,4419.4000000003725
SS1651690711805,US,CD,focal,Description4,RT,3059.9000000003725
SS1651690711805,US,CD,context,Description7,RT,2103.7000000011176
SS1651690711805,US,CD,context,Description2,RT,1268.5
SS1651690711805,US,CD,focal,Description6,RT,11410.300000000745
SS1651690711805,US,CD,focal,Description5,RT,4179.700000001118
SS1651690714289,US,CD,context,Description1,RT,44442
SS1651690714289,US,CD,context,Description8,RT,12305.5
SS1651690714289,US,CD,focal,Description5,RT,22856.699999999953
SS1651690714289,US,CD,context,Description2,RT,15919.400000000023
SS1651690714289,US,CD,focal,Description0,RT,29098.29999999993
SS1651690714289,US,CD,context,Description3,RT,8360.300000000047
SS1651690714289,US,CD,focal,Description6,RT,10390.40000000014
SS1651690714289,US,CD,context,Description9,RT,12226
SS1651690714289,US,CD,context,Description8,RT,16992.800000000047
SS1651690714289,US,CD,focal,Description0,RT,9151
SS1651690714289,US,CD,focal,Description5,RT,17554
SS1651690714289,US,CD,context,Description19,RT,16060.90000000014
SS1651690714289,US,CD,focal,Description5,RT,11231
SS1651690714289,US,CD,context,Description7,RT,18549.800000000047
SS1651690714289,US,CD,context,Description8,RT,9626.800000000047
SS1651690714289,US,CD,focal,Description4,RT,15564.09999999986
SS1651690714289,US,CD,focal,Description0,RT,27749
SS1651690714289,US,CD,context,Description2,RT,17951.59999999986
SS1651690714289,US,CD,context,Description7,RT,10944.299999999814
SS1651690714289,US,CD,focal,Description6,RT,12523.90000000014
SS1651690714289,US,CD,context,Description2,RT,22058.59999999986
SS1651690714289,US,CD,context,Description3,RT,10635.59999999986
SS1651690714289,US,CD,focal,Description6,RT,17449.799999999814
SS1651690714289,US,CD,focal,Description4,RT,6333
SS1651690714289,US,CD,context,Description1,RT,13024.800000000047
SS1651690714289,US,CD,focal,Description4,RT,22870.300000000047
SS1651690714289,US,CD,context,Description7,RT,27058.799999999814
SS1651690714289,US,CD,context,Description1,RT,16797.299999999814
SS1651690714289,US,CD,context,Description3,RT,6629.200000000186
SS1651690714289,US,CD,focal,Description29,RT,5379.399999999907
SS1651690719363,US,CD,context,Description19,RT,6688.399999976158
SS1651690719363,US,CD,focal,Description6,RT,6334.600000023842
SS1651690719363,US,CD,context,Description1,RT,6376.300000071526
SS1651690719363,US,CD,context,Description3,RT,1896.8000000715256
SS1651690719363,US,CD,focal,Description5,RT,4293.099999904633
SS1651690719363,US,CD,focal,Description0,RT,23114.200000047684
SS1651690719363,US,CD,context,Description3,RT,10015.199999928474
SS1651690719363,US,CD,focal,Description4,RT,7778
SS1651690719363,US,CD,focal,Description0,RT,6984.600000023842
SS1651690719363,US,CD,focal,Description6,RT,11054.799999952316
SS1651690719363,US,CD,context,Description7,RT,2135.899999976158
SS1651690719363,US,CD,context,Description7,RT,23876.199999928474
SS1651690719363,US,CD,context,Description3,RT,2146.399999976158
SS1651690719363,US,CD,focal,Description5,RT,5967.600000023842
SS1651690719363,US,CD,context,Description2,RT,3372.6999999284744
SS1651690719363,US,CD,focal,Description29,RT,3532.7999999523163
SS1651690719363,US,CD,focal,Description4,RT,7761.599999904633
SS1651690719363,US,CD,context,Description7,RT,3652
SS1651690719363,US,CD,focal,Description0,RT,5587.5
SS1651690719363,US,CD,context,Description2,RT,8311
SS1651690719363,US,CD,focal,Description4,RT,2251.399999976158
SS1651690719363,US,CD,focal,Description5,RT,5652
SS1651690719363,US,CD,focal,Description6,RT,34253.799999952316
SS1651690719363,US,CD,context,Description2,RT,12617.799999952316
SS1651690719363,US,CD,context,Description9,RT,32692.600000023842
SS1651690719363,US,CD,context,Description1,RT,12398.299999952316
SS1651690719363,US,CD,context,Description1,RT,8613.600000023842
SS1651690723933,US,CD,context,Description3,RT,5278
SS1651690723933,US,CD,focal,Description5,RT,5475
SS1651690723933,US,CD,focal,Description6,RT,5669
SS1651690723933,US,CD,context,Description7,RT,3437
SS1651690723933,US,CD,focal,Description29,RT,5949
SS1651690723933,US,CD,focal,Description0,RT,13676
SS1651690723933,US,CD,focal,Description0,RT,6582
SS1651690723933,US,CD,context,Description2,RT,21309
SS1651690723933,US,CD,context,Description2,RT,3196
SS1651690723933,US,CD,focal,Description4,RT,4662
SS1651690723933,US,CD,context,Description1,RT,4693
SS1651690723933,US,CD,context,Description3,RT,5958
SS1651690723933,US,CD,context,Description1,RT,7429
SS1651690723933,US,CD,context,Description7,RT,59444
SS1651690723933,US,CD,focal,Description5,RT,24613
SS1651690723933,US,CD,focal,Description4,RT,12284
SS1651690723933,US,CD,focal,Description4,RT,5931
SS1651690723933,US,CD,context,Description1,RT,9786
SS1651690723933,US,CD,focal,Description6,RT,25798
SS1651690723933,US,CD,focal,Description0,RT,11173
SS1651690723933,US,CD,context,Description3,RT,5325
SS1651690723933,US,CD,context,Description2,RT,6067
SS1651690723933,US,CD,focal,Description6,RT,6612
SS1651690723933,US,CD,context,Description19,RT,7292
SS1651690723933,US,CD,focal,Description5,RT,16181
SS1651690723933,US,CD,context,Description7,RT,6644
SS1651690723933,US,CD,context,Description9,RT,9646
SS1651690727662,US,CD,context,Description2,RT,6215.300000190735
SS1651690727662,US,CD,context,Description19,RT,29774.200000047684
SS1651690727662,US,CD,focal,Description4,RT,6056.599999904633
SS1651690727662,US,CD,context,Description3,RT,12254.200000047684
SS1651690727662,US,CD,context,Description1,RT,11641.399999856949
SS1651690727662,US,CD,context,Description1,RT,26455.200000047684
SS1651690727662,US,CD,focal,Description6,RT,8058.799999952316
SS1651690727662,US,CD,focal,Description4,RT,22871
SS1651690727662,US,CD,context,Description3,RT,9313.600000143051
SS1651690727662,US,CD,context,Description8,RT,13108.5
SS1651690727662,US,CD,focal,Description5,RT,12024.400000095367
SS1651690727662,US,CD,focal,Description0,RT,19755.799999952316
SS1651690727662,US,CD,context,Description9,RT,18341.89999985695
SS1651690727662,US,CD,context,Description8,RT,15188.600000143051
SS1651690727662,US,CD,focal,Description6,RT,12382.900000095367
SS1651690727662,US,CD,context,Description2,RT,13033.5
SS1651690727662,US,CD,focal,Description5,RT,11221.200000047684
SS1651690727662,US,CD,focal,Description0,RT,40672.700000047684
SS1651690727662,US,CD,context,Description7,RT,16232.900000095367
SS1651690727662,US,CD,context,Description7,RT,13462.099999904633
SS1651690727662,US,CD,context,Description7,RT,23194.099999904633
SS1651690727662,US,CD,context,Description1,RT,13786.900000095367
SS1651690727662,US,CD,focal,Description29,RT,6885.400000095367
SS1651690727662,US,CD,context,Description8,RT,null
SS1651690727662,US,CD,context,Description2,RT,8785.700000047684
SS1651690727662,US,CD,focal,Description5,RT,13382.799999952316
SS1651690727662,US,CD,focal,Description6,RT,13536.400000095367
SS1651690727662,US,CD,context,Description3,RT,14752
SS1651690727662,US,CD,focal,Description4,RT,13100.299999952316
SS1651690727662,US,CD,focal,Description0,RT,38664.699999809265
SS1651690727759,US,CD,focal,Description4,RT,7945
SS1651690727759,US,CD,focal,Description4,RT,6785
SS1651690727759,US,CD,focal,Description4,RT,6156
SS1651690727759,US,CD,context,Description2,RT,7606
SS1651690727759,US,CD,context,Description1,RT,4949
SS1651690727759,US,CD,context,Description3,RT,2228
SS1651690727759,US,CD,focal,Description6,RT,2339
SS1651690727759,US,CD,focal,Description0,RT,2254
SS1651690727759,US,CD,context,Description7,RT,12807
SS1651690727759,US,CD,context,Description7,RT,2276
SS1651690727759,US,CD,context,Description3,RT,1932
SS1651690727759,US,CD,context,Description1,RT,6855
SS1651690727759,US,CD,context,Description2,RT,2177
SS1651690727759,US,CD,focal,Description6,RT,6397
SS1651690727759,US,CD,context,Description3,RT,5766
SS1651690727759,US,CD,focal,Description29,RT,1609
SS1651690727759,US,CD,focal,Description6,RT,2517
SS1651690727759,US,CD,context,Description9,RT,9602
SS1651690727759,US,CD,context,Description1,RT,4989
SS1651690727759,US,CD,context,Description19,RT,4973
SS1651690727759,US,CD,context,Description7,RT,2257
SS1651690727759,US,CD,focal,Description0,RT,9554
SS1651690727759,US,CD,context,Description2,RT,4174
SS1651690727759,US,CD,focal,Description0,RT,6347
SS1651690729593,US,CD,context,Description8,RT,4439.300000011921
SS1651690729593,US,CD,focal,Description4,RT,8919.199999988079
SS1651690729593,US,CD,focal,Description6,RT,5575.199999988079
SS1651690729593,US,CD,context,Description7,RT,7006.800000011921
SS1651690729593,US,CD,focal,Description29,RT,5494.4000000059605
SS1651690729593,US,CD,context,Description19,RT,7392.799999982119
SS1651690729593,US,CD,focal,Description0,RT,5810.5999999940395
SS1651690729593,US,CD,focal,Description5,RT,4898.199999988079
SS1651690729593,US,CD,context,Description3,RT,10013.199999988079
SS1651690729593,US,CD,focal,Description4,RT,3519.899999976158
SS1651690729593,US,CD,context,Description8,RT,4165.899999976158
SS1651690729593,US,CD,context,Description8,RT,36777.39999997616
SS1651690729593,US,CD,context,Description3,RT,4344.4000000059605
SS1651690729593,US,CD,context,Description7,RT,17001.90000000596
SS1651690729593,US,CD,context,Description2,RT,36431.40000000596
SS1651690729593,US,CD,context,Description1,RT,4832.199999988079
SS1651690729593,US,CD,context,Description9,RT,7945.0999999940395
SS1651690729593,US,CD,context,Description2,RT,3662.2999999821186
SS1651690729593,US,CD,focal,Description4,RT,6246.0999999940395
SS1651690729593,US,CD,context,Description2,RT,11212.5
SS1651690729593,US,CD,focal,Description6,RT,5949.700000017881
SS1651690729593,US,CD,focal,Description0,RT,4681.5999999940395
SS1651690729593,US,CD,context,Description3,RT,2901.4000000059605
SS1651690729593,US,CD,focal,Description5,RT,4689.300000011921
SS1651690729593,US,CD,focal,Description6,RT,3420.399999976158
SS1651690729593,US,CD,context,Description1,RT,6722.600000023842
SS1651690729593,US,CD,context,Description7,RT,2681.2000000178814
SS1651690729593,US,CD,focal,Description0,RT,3467.699999988079
SS1651690729593,US,CD,focal,Description5,RT,4428.299999982119
SS1651690729593,US,CD,context,Description1,RT,7829.4000000059605
SS1651690730467,US,CD,context,Description8,RT,2641.7999999523163
SS1651690730467,US,CD,context,Description19,RT,2733.100000023842
SS1651690730467,US,CD,context,Description1,RT,6544.800000071526
SS1651690730467,US,CD,context,Description8,RT,4370.600000023842
SS1651690730467,US,CD,focal,Description29,RT,2272.1999999284744
SS1651690730467,US,CD,context,Description3,RT,2144.7000000476837
SS1651690730467,US,CD,context,Description3,RT,3071.600000023842
SS1651690730467,US,CD,focal,Description4,RT,4304.899999976158
SS1651690730467,US,CD,context,Description7,RT,2325.2999999523163
SS1651690730467,US,CD,focal,Description5,RT,4397.600000023842
SS1651690730467,US,CD,focal,Description6,RT,4628
SS1651690730467,US,CD,context,Description3,RT,7517.699999928474
SS1651690730467,US,CD,context,Description9,RT,4282.199999928474
SS1651690730467,US,CD,focal,Description4,RT,4165.399999976158
SS1651690730467,US,CD,context,Description2,RT,1924.8000000715256
SS1651690730467,US,CD,context,Description1,RT,4403.5
SS1651690730467,US,CD,context,Description8,RT,1728.1999999284744
SS1651690730467,US,CD,focal,Description0,RT,5533.5
SS1651690730467,US,CD,context,Description1,RT,3839.899999976158
SS1651690730467,US,CD,focal,Description0,RT,35824.10000002384
SS1651690730467,US,CD,focal,Description6,RT,6921.199999928474
SS1651690730467,US,CD,focal,Description4,RT,3483.5999999046326
SS1651690730467,US,CD,context,Description2,RT,5599.699999928474
SS1651690730467,US,CD,context,Description7,RT,3656
SS1651690730467,US,CD,focal,Description5,RT,2397.5999999046326
SS1651690730467,US,CD,context,Description7,RT,20260.899999976158
SS1651690730467,US,CD,focal,Description0,RT,6902.5
SS1651690730467,US,CD,focal,Description5,RT,7737
SS1651690730467,US,CD,focal,Description6,RT,7100.5
SS1651690730467,US,CD,context,Description2,RT,12926.699999928474
SS1651690732177,US,CD,context,Description2,RT,10977.5
SS1651690732177,US,CD,focal,Description4,RT,2587.9000000059605
SS1651690732177,US,CD,context,Description9,RT,9691.90000000596
SS1651690732177,US,CD,focal,Description5,RT,12948.5
SS1651690732177,US,CD,focal,Description4,RT,14433.299999982119
SS1651690732177,US,CD,focal,Description4,RT,12042.59999999404
SS1651690732177,US,CD,focal,Description5,RT,7856.5999999940395
SS1651690732177,US,CD,context,Description19,RT,8178.9000000059605
SS1651690732177,US,CD,context,Description1,RT,7133.699999988079
SS1651690732177,US,CD,context,Description2,RT,12130
SS1651690732177,US,CD,context,Description3,RT,16538.30000001192
SS1651690732177,US,CD,context,Description1,RT,14237.100000023842
SS1651690732177,US,CD,context,Description3,RT,3109.2000000178814
SS1651690732177,US,CD,focal,Description6,RT,5077.9000000059605
SS1651690732177,US,CD,focal,Description0,RT,16791.5
SS1651690732177,US,CD,context,Description1,RT,3249.800000011921
SS1651690732177,US,CD,focal,Description0,RT,7884.4000000059605
SS1651690732177,US,CD,focal,Description0,RT,24994.40000000596
SS1651690732177,US,CD,focal,Description6,RT,13403
SS1651690732177,US,CD,context,Description2,RT,5984.300000011921
SS1651690732177,US,CD,context,Description3,RT,3247.0999999940395
SS1651690732177,US,CD,focal,Description6,RT,4609.9000000059605
SS1651690732177,US,CD,context,Description7,RT,24997
SS1651690732177,US,CD,focal,Description5,RT,5885.800000011921
SS1651690732177,US,CD,context,Description7,RT,7444
SS1651690732177,US,CD,context,Description7,RT,14324.5
SS1651690735020,US,CD,focal,Description29,RT,9706.29999999702
SS1651690735020,US,CD,context,Description3,RT,4770.79999999702
SS1651690735020,US,CD,context,Description9,RT,8784.39999999851
SS1651690735020,US,CD,context,Description1,RT,6263.9000000059605
SS1651690735020,US,CD,context,Description2,RT,14662.5
SS1651690735020,US,CD,focal,Description5,RT,6814.79999999702
SS1651690735020,US,CD,focal,Description0,RT,3906.60000000149
SS1651690735020,US,CD,focal,Description6,RT,9186.10000000149
SS1651690735020,US,CD,focal,Description4,RT,22803.09999999404
SS1651690735020,US,CD,context,Description2,RT,4223.5
SS1651690735020,US,CD,context,Description3,RT,2821.89999999851
SS1651690735020,US,CD,focal,Description4,RT,5298.39999999851
SS1651690735020,US,CD,focal,Description5,RT,12284.20000000298
SS1651690735020,US,CD,focal,Description0,RT,5163.5
SS1651690735020,US,CD,focal,Description4,RT,5911.30000000447
SS1651690735020,US,CD,context,Description7,RT,1653.3000000044703
SS1651690735020,US,CD,context,Description2,RT,3520.39999999851
SS1651690735020,US,CD,context,Description7,RT,6226.89999999851
SS1651690735020,US,CD,focal,Description5,RT,2095.9000000059605
SS1651690735020,US,CD,focal,Description6,RT,6069.19999999553
SS1651690735020,US,CD,focal,Description0,RT,2560.7999999970198
SS1651690735020,US,CD,focal,Description6,RT,4410.30000000447
SS1651690735020,US,CD,context,Description3,RT,9181
SS1651690735020,US,CD,context,Description1,RT,10011.79999999702
SS1651690735020,US,CD,context,Description7,RT,17884.60000000149
SS1651690735020,US,CD,context,Description19,RT,6729.29999999702
SS1651690735020,US,CD,context,Description1,RT,1665.2999999970198
SS1651690740366,US,CD,focal,Description5,RT,19814.20000000298
SS1651690740366,US,CD,context,Description2,RT,11044.70000000298
SS1651690740366,US,CD,context,Description19,RT,6213.5
SS1651690740366,US,CD,focal,Description6,RT,31437.10000000894
SS1651690740366,US,CD,focal,Description5,RT,3674.8999999910593
SS1651690740366,US,CD,context,Description3,RT,4918.70000000298
SS1651690740366,US,CD,context,Description1,RT,8072.100000008941
SS1651690740366,US,CD,context,Description8,RT,7266.70000000298
SS1651690740366,US,CD,context,Description2,RT,4648.100000008941
SS1651690740366,US,CD,focal,Description6,RT,12363.79999999702
SS1651690740366,US,CD,focal,Description0,RT,13756.800000011921
SS1651690740366,US,CD,context,Description1,RT,3001.2999999970198
SS1651690740366,US,CD,context,Description8,RT,21199
SS1651690740366,US,CD,focal,Description0,RT,2411.5
SS1651690740366,US,CD,context,Description7,RT,10541.59999999404
SS1651690740366,US,CD,focal,Description6,RT,6200.300000011921
SS1651690740366,US,CD,focal,Description5,RT,9191
SS1651690740366,US,CD,context,Description2,RT,16662.30000001192
SS1651690740366,US,CD,context,Description1,RT,13228.5
SS1651690740366,US,CD,focal,Description0,RT,9713.40000000596
SS1651690740366,US,CD,context,Description7,RT,3895.7999999970198
SS1651690740366,US,CD,context,Description7,RT,12562
SS1651690740366,US,CD,context,Description3,RT,5912.79999999702
SS1651690740366,US,CD,context,Description8,RT,3642.2999999970198
SS1651690740366,US,CD,focal,Description29,RT,3104.6000000089407
SS1651690740366,US,CD,context,Description3,RT,1929.8999999910593
SS1651690741486,US,CD,context,Description1,RT,56344.299999952316
SS1651690741486,US,CD,focal,Description0,RT,7678
SS1651690741486,US,CD,context,Description7,RT,4979.800000011921
SS1651690741486,US,CD,focal,Description6,RT,8891.5
SS1651690741486,US,CD,focal,Description4,RT,13539.599999964237
SS1651690741486,US,CD,context,Description1,RT,9105.200000047684
SS1651690741486,US,CD,context,Description7,RT,10131.300000011921
SS1651690741486,US,CD,focal,Description6,RT,11738.200000047684
SS1651690741486,US,CD,focal,Description4,RT,10051.199999988079
SS1651690741486,US,CD,focal,Description5,RT,15414.699999988079
SS1651690741486,US,CD,context,Description3,RT,6422.800000011921
SS1651690741486,US,CD,focal,Description6,RT,8096.900000035763
SS1651690741486,US,CD,focal,Description5,RT,6874.800000011921
SS1651690741486,US,CD,context,Description7,RT,18420.30000001192
SS1651690741486,US,CD,context,Description2,RT,7560.699999988079
SS1651690741486,US,CD,context,Description1,RT,9379.399999976158
SS1651690741486,US,CD,context,Description2,RT,3643
SS1651690741486,US,CD,context,Description19,RT,5299.5
SS1651690741486,US,CD,context,Description3,RT,18329.80000001192
SS1651690741486,US,CD,focal,Description4,RT,34100.90000003576
SS1651690741486,US,CD,focal,Description5,RT,25705.5
SS1651690741486,US,CD,focal,Description0,RT,12748.400000035763
SS1651690741486,US,CD,focal,Description29,RT,23636.099999964237
SS1651690741486,US,CD,context,Description3,RT,5967.5
SS1651690741486,US,CD,focal,Description0,RT,21213.80000001192
SS1651690741486,US,CD,context,Description2,RT,39747.19999998808
SS1651690741942,US,CD,context,Description8,RT,9882
SS1651690741942,US,CD,focal,Description4,RT,8884
SS1651690741942,US,CD,focal,Description5,RT,7361
SS1651690741942,US,CD,focal,Description6,RT,9070
SS1651690741942,US,CD,context,Description3,RT,8101
SS1651690741942,US,CD,focal,Description5,RT,8940
SS1651690741942,US,CD,context,Description7,RT,7660
SS1651690741942,US,CD,context,Description8,RT,4209
SS1651690741942,US,CD,focal,Description4,RT,6231
SS1651690741942,US,CD,focal,Description5,RT,7584
SS1651690741942,US,CD,focal,Description4,RT,4212
SS1651690741942,US,CD,context,Description8,RT,17700
SS1651690741942,US,CD,focal,Description6,RT,14179
SS1651690741942,US,CD,context,Description3,RT,4183
SS1651690741942,US,CD,context,Description19,RT,6328
SS1651690741942,US,CD,context,Description1,RT,2739
SS1651690741942,US,CD,context,Description1,RT,6432
SS1651690741942,US,CD,context,Description9,RT,14025
SS1651690741942,US,CD,focal,Description6,RT,3530
SS1651690741942,US,CD,context,Description7,RT,31604
SS1651690741942,US,CD,context,Description7,RT,2479
SS1651690741942,US,CD,context,Description3,RT,15764
SS1651690741942,US,CD,context,Description1,RT,5618
SS1651690743939,US,CD,context,Description7,RT,32989.09999999404
SS1651690743939,US,CD,context,Description2,RT,5500.5999999940395
SS1651690743939,US,CD,context,Description19,RT,4472.200000017881
SS1651690743939,US,CD,context,Description7,RT,31101.69999998808
SS1651690743939,US,CD,focal,Description4,RT,55724.20000001788
SS1651690743939,US,CD,context,Description7,RT,5257.100000023842
SS1651690743939,US,CD,context,Description1,RT,4286
SS1651690743939,US,CD,focal,Description5,RT,7135.9000000059605
SS1651690743939,US,CD,context,Description9,RT,17219.30000001192
SS1651690743939,US,CD,focal,Description6,RT,7692.9000000059605
SS1651690743939,US,CD,context,Description3,RT,3605.399999976158
SS1651690743939,US,CD,focal,Description6,RT,7593.299999982119
SS1651690743939,US,CD,focal,Description0,RT,8371
SS1651690743939,US,CD,focal,Description4,RT,7680.799999982119
SS1651690743939,US,CD,focal,Description29,RT,4983.4000000059605
SS1651690743939,US,CD,focal,Description5,RT,7337.4000000059605
SS1651690743939,US,CD,context,Description3,RT,4192.9000000059605
SS1651690743939,US,CD,context,Description3,RT,5491.100000023842
SS1651690743939,US,CD,context,Description2,RT,20690.59999999404
SS1651690743939,US,CD,context,Description1,RT,14042.90000000596
SS1651690743939,US,CD,context,Description1,RT,7469.199999988079
SS1651690743939,US,CD,focal,Description5,RT,10832.800000011921
SS1651690743939,US,CD,focal,Description0,RT,9392.90000000596
SS1651690743939,US,CD,context,Description2,RT,11542.299999982119
SS1651690743939,US,CD,focal,Description6,RT,8717.90000000596
SS1651690743939,US,CD,focal,Description4,RT,8218.09999999404
SS1651690743939,US,CD,focal,Description0,RT,18686.600000023842
SS1651690748106,US,CD,context,Description8,RT,3325.7000000476837
SS1651690748106,US,CD,focal,Description6,RT,2341.899999976158
SS1651690748106,US,CD,context,Description7,RT,2408.7000000476837
SS1651690748106,US,CD,context,Description7,RT,3949.600000023842
SS1651690748106,US,CD,context,Description1,RT,4584.699999928474
SS1651690748106,US,CD,context,Description2,RT,3436
SS1651690748106,US,CD,context,Description9,RT,6864.100000023842
SS1651690748106,US,CD,focal,Description6,RT,8726
SS1651690748106,US,CD,focal,Description5,RT,6880.799999952316
SS1651690748106,US,CD,focal,Description5,RT,7890.800000071526
SS1651690748106,US,CD,context,Description3,RT,3137.399999976158
SS1651690748106,US,CD,context,Description3,RT,1793.1000000238419
SS1651690748106,US,CD,focal,Description4,RT,6484.600000023842
SS1651690748106,US,CD,focal,Description4,RT,2447.3000000715256
SS1651690748106,US,CD,focal,Description4,RT,7280.300000071526
SS1651690748106,US,CD,focal,Description29,RT,1469.1999999284744
SS1651690748106,US,CD,context,Description7,RT,50532.799999952316
SS1651690748106,US,CD,focal,Description6,RT,8869.399999976158
SS1651690748106,US,CD,focal,Description5,RT,18893.300000071526
SS1651690748106,US,CD,context,Description8,RT,1760
SS1651690748106,US,CD,context,Description19,RT,5531.399999976158
SS1651690748106,US,CD,context,Description2,RT,20134.699999928474
SS1651690748106,US,CD,context,Description2,RT,4980.199999928474
SS1651690748106,US,CD,context,Description1,RT,13068.900000095367
SS1651690748106,US,CD,context,Description8,RT,28932.899999976158
SS1651690748106,US,CD,context,Description1,RT,3483
SS1651690748106,US,CD,focal,Description0,RT,4212.399999976158
SS1651690748106,US,CD,focal,Description0,RT,13330.200000047684
SS1651690748106,US,CD,context,Description3,RT,13497.600000023842
SS1651690748106,US,CD,focal,Description0,RT,9887.600000023842
SS1651690758188,US,CD,context,Description7,RT,32023.60000000149
SS1651690758188,US,CD,context,Description1,RT,33732.800000000745
SS1651690758188,US,CD,context,Description19,RT,23292.700000001118
SS1651690758188,US,CD,context,Description7,RT,17993.900000000373
SS1651690758188,US,CD,focal,Description6,RT,27385
SS1651690758188,US,CD,context,Description9,RT,null
SS1651690758188,US,CD,context,Description1,RT,18746.39999999851
SS1651690758188,US,CD,context,Description8,RT,42449.10000000149
SS1651690758188,US,CD,context,Description2,RT,18444.300000000745
SS1651690758188,US,CD,context,Description8,RT,15022
SS1651690758188,US,CD,context,Description7,RT,null
SS1651690758188,US,CD,focal,Description6,RT,16610.900000000373
SS1651690758188,US,CD,context,Description1,RT,12987.800000000745
SS1651690758188,US,CD,context,Description2,RT,25383.5
SS1651690758188,US,CD,context,Description2,RT,26576.700000001118
SS1651690758188,US,CD,context,Description8,RT,11647.800000000745
SS1651690758188,US,CD,context,Description3,RT,9543.5
SS1651690758188,US,CD,context,Description3,RT,15057.5
SS1651690758188,US,CD,focal,Description6,RT,12558.10000000149
SS1651690758188,US,CD,context,Description3,RT,8315.800000000745
SS1651690768899,US,CD,focal,Description29,RT,2073
SS1651690768899,US,CD,context,Description19,RT,11669
SS1651690768899,US,CD,focal,Description6,RT,17672
SS1651690768899,US,CD,focal,Description4,RT,6577
SS1651690768899,US,CD,focal,Description0,RT,29001
SS1651690768899,US,CD,context,Description7,RT,1831
SS1651690768899,US,CD,context,Description9,RT,20426
SS1651690768899,US,CD,focal,Description0,RT,2428
SS1651690768899,US,CD,context,Description3,RT,25538
SS1651690768899,US,CD,context,Description1,RT,7259
SS1651690768899,US,CD,context,Description8,RT,1796
SS1651690768899,US,CD,context,Description8,RT,4266
SS1651690768899,US,CD,context,Description1,RT,5039
SS1651690768899,US,CD,context,Description7,RT,30628
SS1651690768899,US,CD,context,Description1,RT,9916
SS1651690768899,US,CD,focal,Description4,RT,12156
SS1651690768899,US,CD,focal,Description6,RT,13049
SS1651690768899,US,CD,context,Description2,RT,6388
SS1651690768899,US,CD,context,Description2,RT,15212
SS1651690768899,US,CD,focal,Description5,RT,11015
SS1651690768899,US,CD,focal,Description5,RT,8405
SS1651690768899,US,CD,focal,Description5,RT,9156
SS1651690768899,US,CD,context,Description7,RT,5156
SS1651690768899,US,CD,focal,Description4,RT,7260
SS1651690768899,US,CD,context,Description3,RT,1755
SS1651690768899,US,CD,focal,Description6,RT,12292
SS1651690768899,US,CD,context,Description8,RT,10739
SS1651690768899,US,CD,focal,Description0,RT,9971
SS1651690768899,US,CD,context,Description2,RT,5952
SS1651690768899,US,CD,context,Description3,RT,6451
SS1651690802568,US,CD,focal,Description4,RT,4098.099999904633
SS1651690802568,US,CD,focal,Description4,RT,11137.799999713898
SS1651690802568,US,CD,context,Description3,RT,2175.699999809265
SS1651690802568,US,CD,context,Description19,RT,4141.700000286102
SS1651690802568,US,CD,context,Description7,RT,14426.199999809265
SS1651690802568,US,CD,context,Description7,RT,9816.300000190735
SS1651690802568,US,CD,context,Description9,RT,5400.200000286102
SS1651690802568,US,CD,focal,Description6,RT,7319
SS1651690802568,US,CD,focal,Description5,RT,5684
SS1651690802568,US,CD,context,Description1,RT,8121.5
SS1651690802568,US,CD,focal,Description29,RT,2258.2999997138977
SS1651690802568,US,CD,focal,Description4,RT,8098.300000190735
SS1651690802568,US,CD,focal,Description5,RT,5436.5
SS1651690802568,US,CD,focal,Description0,RT,35736
SS1651690802568,US,CD,focal,Description0,RT,9338.300000190735
SS1651690802568,US,CD,context,Description1,RT,3088.4000000953674
SS1651690802568,US,CD,focal,Description6,RT,17910.200000286102
SS1651690802568,US,CD,context,Description3,RT,5925.799999713898
SS1651690802568,US,CD,context,Description3,RT,3076.7999997138977
SS1651690802568,US,CD,context,Description2,RT,17085.199999809265
SS1651690802568,US,CD,context,Description2,RT,9848.900000095367
SS1651690802568,US,CD,context,Description1,RT,12373.099999904633
SS1651690802568,US,CD,context,Description2,RT,8828.699999809265
SS1651690802568,US,CD,focal,Description5,RT,9722
SS1651690802568,US,CD,focal,Description6,RT,6847.800000190735
SS1651690802568,US,CD,context,Description7,RT,4889.900000095367
SS1651690802568,US,CD,focal,Description0,RT,8469.800000190735
SS1651690810190,US,CD,focal,Description6,RT,11362.299999952316
SS1651690810190,US,CD,context,Description9,RT,7120.900000095367
SS1651690810190,US,CD,focal,Description4,RT,7588
SS1651690810190,US,CD,context,Description3,RT,4237.299999952316
SS1651690810190,US,CD,focal,Description4,RT,21639
SS1651690810190,US,CD,focal,Description6,RT,3712.100000143051
SS1651690810190,US,CD,context,Description19,RT,5969.400000095367
SS1651690810190,US,CD,focal,Description29,RT,2644.7999999523163
SS1651690810190,US,CD,context,Description1,RT,7626.599999904633
SS1651690810190,US,CD,context,Description3,RT,6983.299999952316
SS1651690810190,US,CD,focal,Description5,RT,6088.899999856949
SS1651690810190,US,CD,context,Description1,RT,8449.299999952316
SS1651690810190,US,CD,focal,Description6,RT,11656.599999904633
SS1651690810190,US,CD,focal,Description5,RT,11131
SS1651690810190,US,CD,context,Description7,RT,11988.400000095367
SS1651690810190,US,CD,context,Description7,RT,2622
SS1651690810190,US,CD,focal,Description5,RT,7952.700000047684
SS1651690810190,US,CD,context,Description7,RT,5936.800000190735
SS1651690810190,US,CD,context,Description3,RT,3802.9000000953674
SS1651690810190,US,CD,context,Description1,RT,4320.099999904633
SS1651690810190,US,CD,focal,Description4,RT,4355.899999856949
SS1651690858692,US,CD,context,Description2,RT,4929
SS1651690858692,US,CD,context,Description7,RT,11925
SS1651690858692,US,CD,focal,Description6,RT,7281.5999999940395
SS1651690858692,US,CD,context,Description3,RT,6811
SS1651690858692,US,CD,context,Description1,RT,4201.5
SS1651690858692,US,CD,focal,Description4,RT,3671.7999999970198
SS1651690858692,US,CD,context,Description7,RT,3189.1000000089407
SS1651690858692,US,CD,focal,Description0,RT,5721.29999999702
SS1651690858692,US,CD,focal,Description4,RT,4734.70000000298
SS1651690858692,US,CD,context,Description1,RT,4536.20000000298
SS1651690858692,US,CD,focal,Description0,RT,3823.2999999970198
SS1651690858692,US,CD,focal,Description5,RT,16221.59999999404
SS1651690858692,US,CD,focal,Description29,RT,4968.399999991059
SS1651690858692,US,CD,context,Description9,RT,4644.20000000298
SS1651690858692,US,CD,focal,Description4,RT,2933.7000000029802
SS1651690858692,US,CD,focal,Description5,RT,4666.199999988079
SS1651690858692,US,CD,context,Description1,RT,2890.1000000089407
SS1651690858692,US,CD,focal,Description5,RT,2612.7000000029802
SS1651690858692,US,CD,focal,Description6,RT,3837.300000011921
SS1651690858692,US,CD,context,Description2,RT,2472.2999999970198
SS1651690858692,US,CD,context,Description3,RT,1714.3999999910593
SS1651690858692,US,CD,focal,Description0,RT,9099.699999988079
SS1651690858692,US,CD,focal,Description6,RT,1612.2999999970198
SS1651690858692,US,CD,context,Description7,RT,3173.3999999910593
SS1651690858692,US,CD,context,Description19,RT,2560.9000000059605
SS1651690858692,US,CD,context,Description2,RT,2050.800000011921
SS1651690858692,US,CD,context,Description3,RT,2078.2999999970198
SS1651690892118,US,CD,focal,Description0,RT,23377
SS1651690892118,US,CD,focal,Description4,RT,10153
SS1651690892118,US,CD,focal,Description5,RT,9840
SS1651690892118,US,CD,context,Description1,RT,13944
SS1651690892118,US,CD,focal,Description6,RT,14490
SS1651690892118,US,CD,context,Description3,RT,13896
SS1651690892118,US,CD,context,Description2,RT,6071
SS1651690892118,US,CD,focal,Description0,RT,54207
SS1651690892118,US,CD,context,Description7,RT,27230
SS1651690892118,US,CD,focal,Description6,RT,23569
SS1651690892118,US,CD,context,Description7,RT,10577
SS1651690892118,US,CD,context,Description9,RT,11998
SS1651690892118,US,CD,focal,Description4,RT,11143
SS1651690892118,US,CD,focal,Description5,RT,15123
SS1651690892118,US,CD,context,Description7,RT,17119
SS1651690892118,US,CD,focal,Description6,RT,12065
SS1651690892118,US,CD,context,Description2,RT,9333
SS1651690892118,US,CD,context,Description19,RT,13111
SS1651690892118,US,CD,context,Description3,RT,19719
SS1651690892118,US,CD,focal,Description0,RT,17084
SS1651690892118,US,CD,context,Description2,RT,5667
SS1651690892118,US,CD,focal,Description4,RT,7936
SS1651690892118,US,CD,context,Description3,RT,6667
SS1651690892118,US,CD,focal,Description29,RT,6719
SS1651690892118,US,CD,context,Description1,RT,8399
SS1651690892118,US,CD,context,Description1,RT,11234
SS1651690892118,US,CD,focal,Description5,RT,59903
SS1651690898679,US,CD,context,Description7,RT,16222.600000143051
SS1651690898679,US,CD,focal,Description0,RT,3666.7000000476837
SS1651690898679,US,CD,context,Description2,RT,13862.599999904633
SS1651690898679,US,CD,focal,Description0,RT,22631.099999904633
SS1651690898679,US,CD,context,Description7,RT,33357.300000190735
SS1651690898679,US,CD,context,Description3,RT,25640.300000190735
SS1651690898679,US,CD,focal,Description6,RT,22834.900000095367
SS1651690898679,US,CD,context,Description8,RT,55842.799999952316
SS1651690898679,US,CD,focal,Description4,RT,56299.39999985695
SS1651690898679,US,CD,context,Description1,RT,37104.89999985695
SS1651690898679,US,CD,context,Description7,RT,30730.5
SS1651690898679,US,CD,focal,Description6,RT,35730.200000047684
SS1651690898679,US,CD,context,Description3,RT,14488.799999952316
SS1651690898679,US,CD,context,Description9,RT,44453.89999985695
SS1651690898679,US,CD,context,Description19,RT,11256.099999904633
SS1651690898679,US,CD,focal,Description0,RT,34854.60000014305
SS1651690898679,US,CD,context,Description1,RT,7553.5
SS1651690898679,US,CD,focal,Description6,RT,16758.299999952316
SS1651690898679,US,CD,focal,Description29,RT,10109.699999809265
SS1651690898679,US,CD,focal,Description4,RT,8330.100000143051
SS1651690898679,US,CD,context,Description3,RT,7388.900000095367
SS1651690898679,US,CD,context,Description8,RT,8661.799999952316
SS1651690898679,US,CD,context,Description8,RT,3965.9000000953674
SS1651690898679,US,CD,context,Description2,RT,16545.799999952316
SS1651690898679,US,CD,context,Description1,RT,19344.299999952316
SS1651690898679,US,CD,context,Description2,RT,13761.599999904633
SS1651690898679,US,CD,focal,Description4,RT,38881.59999990463
SS1651690926515,US,CD,context,Description3,RT,30974.30000001192
SS1651690926515,US,CD,focal,Description6,RT,27087.200000047684
SS1651690926515,US,CD,context,Description2,RT,5726.399999976158
SS1651690926515,US,CD,focal,Description4,RT,7298
SS1651690926515,US,CD,focal,Description6,RT,5627.699999988079
SS1651690926515,US,CD,context,Description8,RT,5130.599999964237
SS1651690926515,US,CD,context,Description3,RT,4890.100000023842
SS1651690926515,US,CD,context,Description2,RT,7009.600000023842
SS1651690926515,US,CD,focal,Description5,RT,6870.100000023842
SS1651690926515,US,CD,context,Description19,RT,7266
SS1651690926515,US,CD,context,Description3,RT,24605
SS1651690926515,US,CD,focal,Description5,RT,14548.199999988079
SS1651690926515,US,CD,context,Description1,RT,10918.699999988079
SS1651690926515,US,CD,focal,Description0,RT,10863.300000011921
SS1651690926515,US,CD,context,Description2,RT,7007.699999988079
SS1651690926515,US,CD,focal,Description5,RT,24643.900000035763
SS1651690926515,US,CD,context,Description1,RT,3598.2999999523163
SS1651690926515,US,CD,context,Description7,RT,2999.199999988079
SS1651690926515,US,CD,focal,Description4,RT,10527.100000023842
SS1651690926515,US,CD,context,Description7,RT,11561
SS1651690926515,US,CD,focal,Description0,RT,13221.900000035763
SS1651690926515,US,CD,context,Description9,RT,24668.600000023842
SS1651690926515,US,CD,focal,Description4,RT,9501.300000011921
SS1651690926515,US,CD,focal,Description29,RT,5242.5
SS1651690926515,US,CD,focal,Description0,RT,15281.5
SS1651690926515,US,CD,context,Description1,RT,5051.899999976158
SS1651690926515,US,CD,context,Description7,RT,8841.800000011921
SS1651690926515,US,CD,context,Description8,RT,3838.399999976158
SS1651690926515,US,CD,context,Description8,RT,25071.69999998808
SS1651690926515,US,CD,focal,Description6,RT,3853.099999964237
SS1651690932141,US,CD,focal,Description4,RT,22032.39999985695
SS1651690932141,US,CD,focal,Description4,RT,4382.600000143051
SS1651690932141,US,CD,context,Description8,RT,1798.6000001430511
SS1651690932141,US,CD,context,Description2,RT,18182
SS1651690932141,US,CD,context,Description8,RT,18377.599999904633
SS1651690932141,US,CD,focal,Description6,RT,25936.5
SS1651690932141,US,CD,context,Description8,RT,1993.6999998092651
SS1651690932141,US,CD,context,Description7,RT,5253.399999856949
SS1651690932141,US,CD,focal,Description0,RT,4352
SS1651690932141,US,CD,context,Description1,RT,4171.600000143051
SS1651690932141,US,CD,focal,Description4,RT,4665.799999952316
SS1651690932141,US,CD,focal,Description0,RT,9242.299999952316
SS1651690932141,US,CD,context,Description1,RT,8341.600000143051
SS1651690932141,US,CD,context,Description3,RT,2266.5
SS1651690932141,US,CD,context,Description19,RT,4142.700000047684
SS1651690932141,US,CD,context,Description2,RT,32701.5
SS1651690932141,US,CD,context,Description3,RT,3827.2000000476837
SS1651690932141,US,CD,focal,Description5,RT,6857.5
SS1651690932141,US,CD,focal,Description6,RT,3464.7000000476837
SS1651690932141,US,CD,context,Description9,RT,10036.200000047684
SS1651690932141,US,CD,focal,Description5,RT,9642.700000047684
SS1651690932141,US,CD,focal,Description0,RT,20430.400000095367
SS1651690932141,US,CD,context,Description3,RT,1754.2999999523163
SS1651690932141,US,CD,focal,Description6,RT,3781.7000000476837
SS1651690932141,US,CD,context,Description7,RT,27196.60000014305
SS1651690932141,US,CD,context,Description2,RT,3031.800000190735
SS1651690932141,US,CD,focal,Description5,RT,9061.700000047684
SS1651690932141,US,CD,focal,Description29,RT,1783.2999999523163
SS1651690932141,US,CD,context,Description7,RT,41836.59999990463
SS1651690932141,US,CD,context,Description1,RT,3496.2999999523163
SS1651690949027,US,CD,focal,Description6,RT,5624.300000000745
SS1651690949027,US,CD,context,Description7,RT,17250.39999999851
SS1651690949027,US,CD,focal,Description5,RT,8156.5
SS1651690949027,US,CD,context,Description3,RT,8667.5
SS1651690949027,US,CD,context,Description1,RT,2297.699999999255
SS1651690949027,US,CD,context,Description9,RT,6460.300000000745
SS1651690949027,US,CD,context,Description1,RT,13165.800000000745
SS1651690949027,US,CD,focal,Description6,RT,3631.199999999255
SS1651690949027,US,CD,context,Description3,RT,2606.89999999851
SS1651690949027,US,CD,context,Description19,RT,4077.199999999255
SS1651690949027,US,CD,context,Description1,RT,2254.39999999851
SS1651690949027,US,CD,context,Description7,RT,9405.60000000149
SS1651690949027,US,CD,focal,Description5,RT,35575.599999997765
SS1651690949027,US,CD,context,Description3,RT,2149.2999999970198
SS1651690949027,US,CD,focal,Description29,RT,4128.400000002235
SS1651690949027,US,CD,context,Description2,RT,35541.39999999851
SS1651690949027,US,CD,context,Description2,RT,13428.39999999851
SS1651690949027,US,CD,context,Description2,RT,4967.300000000745
SS1651690949027,US,CD,focal,Description0,RT,3214.900000002235
SS1651690949027,US,CD,focal,Description0,RT,6859.10000000149
SS1651690949027,US,CD,context,Description7,RT,3388.7999999970198
SS1651690949027,US,CD,focal,Description5,RT,5644.699999999255
SS1651690949027,US,CD,focal,Description6,RT,8564.300000000745
SS1651690949027,US,CD,focal,Description4,RT,6944.89999999851
SS1651690949027,US,CD,focal,Description0,RT,14073.699999999255
SS1651690949027,US,CD,focal,Description4,RT,7216.89999999851
SS1651690949027,US,CD,focal,Description4,RT,6132
SS1651691043519,US,CD,context,Description7,RT,4591.800000011921
SS1651691043519,US,CD,focal,Description5,RT,5331.699999988079
SS1651691043519,US,CD,context,Description8,RT,3667.199999988079
SS1651691043519,US,CD,context,Description7,RT,9323.400000035763
SS1651691043519,US,CD,focal,Description0,RT,4640.699999988079
SS1651691043519,US,CD,context,Description8,RT,3441.900000035763
SS1651691043519,US,CD,context,Description1,RT,2711
SS1651691043519,US,CD,focal,Description6,RT,3607.699999988079
SS1651691043519,US,CD,context,Description2,RT,4092.2999999523163
SS1651691043519,US,CD,focal,Description0,RT,27341.200000047684
SS1651691043519,US,CD,context,Description3,RT,2711.599999964237
SS1651691043519,US,CD,context,Description1,RT,8216.199999988079
SS1651691043519,US,CD,focal,Description4,RT,13223
SS1651691043519,US,CD,focal,Description5,RT,3787.2000000476837
SS1651691043519,US,CD,focal,Description6,RT,4032.100000023842
SS1651691043519,US,CD,context,Description3,RT,3304
SS1651691043519,US,CD,context,Description7,RT,26247.5
SS1651691043519,US,CD,focal,Description4,RT,11867.599999964237
SS1651691043519,US,CD,focal,Description29,RT,2409.699999988079
SS1651691043519,US,CD,context,Description2,RT,2292
SS1651691043519,US,CD,context,Description8,RT,8443.699999988079
SS1651691043519,US,CD,focal,Description6,RT,20041.600000023842
SS1651691043519,US,CD,focal,Description4,RT,6155.600000023842
SS1651691043519,US,CD,context,Description2,RT,3966.800000011921
SS1651691043519,US,CD,context,Description3,RT,7500.900000035763
SS1651691043519,US,CD,focal,Description5,RT,4068.5
SS1651691043519,US,CD,context,Description1,RT,8283.600000023842
SS1651691043519,US,CD,context,Description19,RT,5280
SS1651691043519,US,CD,context,Description9,RT,6408.800000011921
SS1651691043519,US,CD,focal,Description0,RT,7581.5
SS1651691175620,US,CD,focal,Description6,RT,11395.899999976158
SS1651691175620,US,CD,context,Description2,RT,5375.800000011921
SS1651691175620,US,CD,context,Description3,RT,2584.5999999940395
SS1651691175620,US,CD,focal,Description4,RT,4384.699999988079
SS1651691175620,US,CD,context,Description8,RT,1401.5999999940395
SS1651691175620,US,CD,context,Description7,RT,6386.9000000059605
SS1651691175620,US,CD,context,Description1,RT,5217.4000000059605
SS1651691175620,US,CD,context,Description2,RT,6689.4000000059605
SS1651691175620,US,CD,focal,Description0,RT,6790.5
SS1651691175620,US,CD,focal,Description4,RT,2223.100000023842
SS1651691175620,US,CD,focal,Description0,RT,10232.40000000596
SS1651691175620,US,CD,context,Description19,RT,3621.4000000059605
SS1651691175620,US,CD,context,Description8,RT,51402.80000001192
SS1651691175620,US,CD,focal,Description5,RT,6518.5
SS1651691175620,US,CD,context,Description8,RT,1635.5999999940395
SS1651691175620,US,CD,context,Description1,RT,1680.300000011921
SS1651691175620,US,CD,context,Description3,RT,1810.5999999940395
SS1651691175620,US,CD,context,Description9,RT,4537.0999999940395
SS1651691175620,US,CD,context,Description3,RT,4474.200000017881
SS1651691175620,US,CD,focal,Description0,RT,31808.100000023842
SS1651691175620,US,CD,context,Description2,RT,1520.8999999761581
SS1651691175620,US,CD,context,Description7,RT,29909.30000001192
SS1651691175620,US,CD,focal,Description4,RT,7987.9000000059605
SS1651691175620,US,CD,focal,Description6,RT,7959.200000017881
SS1651691175620,US,CD,context,Description7,RT,1622.199999988079
SS1651691175620,US,CD,focal,Description5,RT,4035.9000000059605
SS1651691175620,US,CD,context,Description1,RT,4115.4000000059605
SS1651691175620,US,CD,focal,Description6,RT,6614.300000011921
SS1651691175620,US,CD,focal,Description29,RT,1997.1000000238419
SS1651691175620,US,CD,focal,Description5,RT,4187.0999999940395
SS1651691207769,US,CD,focal,Description5,RT,6058.799999982119
SS1651691207769,US,CD,context,Description19,RT,5567.5999999940395
SS1651691207769,US,CD,context,Description3,RT,3384.5999999940395
SS1651691207769,US,CD,context,Description2,RT,8455.59999999404
SS1651691207769,US,CD,context,Description1,RT,4813.299999982119
SS1651691207769,US,CD,context,Description1,RT,8239.899999976158
SS1651691207769,US,CD,context,Description8,RT,8009.5
SS1651691207769,US,CD,focal,Description6,RT,5861
SS1651691207769,US,CD,context,Description9,RT,15337.199999988079
SS1651691207769,US,CD,context,Description8,RT,3021
SS1651691207769,US,CD,context,Description3,RT,5918.699999988079
SS1651691207769,US,CD,context,Description2,RT,3970.9000000059605
SS1651691207769,US,CD,context,Description1,RT,6574.5
SS1651691207769,US,CD,focal,Description0,RT,7780.799999982119
SS1651691207769,US,CD,context,Description7,RT,9702
SS1651691207769,US,CD,context,Description7,RT,38432.69999998808
SS1651691207769,US,CD,focal,Description4,RT,13781.40000000596
SS1651691207769,US,CD,focal,Description6,RT,5525.199999988079
SS1651691207769,US,CD,context,Description2,RT,9742.59999999404
SS1651691207769,US,CD,focal,Description29,RT,2226.699999988079
SS1651691207769,US,CD,focal,Description5,RT,7930.199999988079
SS1651691207769,US,CD,context,Description3,RT,2399
SS1651691207769,US,CD,focal,Description6,RT,1774.5999999940395
SS1651691207769,US,CD,focal,Description4,RT,5406.4000000059605
SS1651691207769,US,CD,focal,Description4,RT,13238.699999988079
SS1651691207769,US,CD,context,Description7,RT,5345.9000000059605
SS1651691207769,US,CD,focal,Description0,RT,37346.40000000596
SS1651691207769,US,CD,focal,Description0,RT,19234.69999998808
SS1651691207769,US,CD,focal,Description5,RT,4934.199999988079
SS1651691207769,US,CD,context,Description8,RT,39346.70000001788
SS1651691673018,US,CD,focal,Description5,RT,7128.5
SS1651691673018,US,CD,focal,Description4,RT,3707.7000000476837
SS1651691673018,US,CD,focal,Description0,RT,5076.400000095367
SS1651691673018,US,CD,focal,Description5,RT,2692.7999999523163
SS1651691673018,US,CD,context,Description7,RT,5572.800000071526
SS1651691673018,US,CD,focal,Description0,RT,9028.399999976158
SS1651691673018,US,CD,context,Description3,RT,2878.399999976158
SS1651691673018,US,CD,context,Description1,RT,4397.399999976158
SS1651691673018,US,CD,context,Description2,RT,4315.5
SS1651691673018,US,CD,focal,Description6,RT,4906.299999952316
SS1651691673018,US,CD,focal,Description6,RT,7434.5
SS1651691673018,US,CD,focal,Description4,RT,2585.899999976158
SS1651691673018,US,CD,focal,Description6,RT,2276.899999976158
SS1651691673018,US,CD,context,Description1,RT,3703.1999999284744
SS1651691673018,US,CD,focal,Description4,RT,2407.7999999523163
SS1651691673018,US,CD,focal,Description5,RT,5605.099999904633
SS1651691673018,US,CD,context,Description7,RT,3485.2000000476837
SS1651691673018,US,CD,focal,Description0,RT,5022.899999976158
SS1651691673018,US,CD,focal,Description29,RT,2290.8000000715256
SS1651691673018,US,CD,context,Description1,RT,2165.7999999523163
SS1651691673018,US,CD,context,Description7,RT,46219
SS1651691673018,US,CD,context,Description3,RT,1653
SS1651691673018,US,CD,context,Description19,RT,6796.899999976158
SS1651691673018,US,CD,context,Description2,RT,1637.7999999523163
SS1651691673018,US,CD,context,Description3,RT,2146.9000000953674
SS1651691673018,US,CD,context,Description2,RT,12848.900000095367
SS1651691673018,US,CD,context,Description9,RT,8503.199999928474
SS1651692016531,US,CD,context,Description3,RT,31797.70000001788
SS1651692016531,US,CD,focal,Description4,RT,8817.40000000596
SS1651692016531,US,CD,focal,Description0,RT,10813.700000017881
SS1651692016531,US,CD,context,Description7,RT,18957.80000001192
SS1651692016531,US,CD,focal,Description29,RT,2198.2999999821186
SS1651692016531,US,CD,focal,Description5,RT,10920.199999988079
SS1651692016531,US,CD,context,Description1,RT,6507.199999988079
SS1651692016531,US,CD,context,Description3,RT,1678.800000011921
SS1651692016531,US,CD,context,Description1,RT,1883.9000000059605
SS1651692016531,US,CD,focal,Description0,RT,7867.4000000059605
SS1651692016531,US,CD,context,Description3,RT,3142.5
SS1651692016531,US,CD,context,Description1,RT,2289.199999988079
SS1651692016531,US,CD,focal,Description6,RT,3369.899999976158
SS1651692016531,US,CD,context,Description7,RT,3008.5
SS1651692016531,US,CD,context,Description2,RT,2893.5999999940395
SS1651692016531,US,CD,context,Description9,RT,22838.79999998212
SS1651692016531,US,CD,context,Description2,RT,8989.09999999404
SS1651692016531,US,CD,context,Description19,RT,4268.9000000059605
SS1651692016531,US,CD,focal,Description4,RT,4602.9000000059605
SS1651692016531,US,CD,context,Description7,RT,1794
SS1651692016531,US,CD,focal,Description4,RT,9072.200000017881
SS1651692016531,US,CD,focal,Description0,RT,3172.399999976158
SS1651692016531,US,CD,focal,Description5,RT,18230.29999998212
SS1651692016531,US,CD,focal,Description6,RT,5834.9000000059605
SS1651692016531,US,CD,focal,Description5,RT,3587.2000000178814
SS1651692016531,US,CD,focal,Description6,RT,6180.300000011921
SS1651692016531,US,CD,context,Description2,RT,23339.69999998808
SS1651692160397,US,CD,context,Description2,RT,6082.899999976158
SS1651692160397,US,CD,context,Description3,RT,7811
SS1651692160397,US,CD,focal,Description0,RT,null
SS1651692160397,US,CD,focal,Description6,RT,null
SS1651692160397,US,CD,context,Description1,RT,null
SS1651692160397,US,CD,focal,Description6,RT,46313
SS1651692160397,US,CD,context,Description2,RT,54392.700000047684
SS1651692160397,US,CD,focal,Description5,RT,26305.5
SS1651692160397,US,CD,context,Description19,RT,7603.200000047684
SS1651692160397,US,CD,context,Description7,RT,4849.5
SS1651692160397,US,CD,focal,Description29,RT,14217.600000023842
SS1651692160397,US,CD,focal,Description4,RT,20242.399999976158
SS1651692160397,US,CD,focal,Description0,RT,26354.100000023842
SS1651692160397,US,CD,focal,Description4,RT,35841.699999928474
SS1651692160397,US,CD,context,Description3,RT,41329
SS1651692160397,US,CD,context,Description2,RT,5442
SS1651692160397,US,CD,context,Description7,RT,37968.10000002384
SS1651692160397,US,CD,context,Description7,RT,5360.199999928474
SS1651692160397,US,CD,context,Description1,RT,31088.700000047684
SS1651692160397,US,CD,focal,Description0,RT,22080.699999928474
SS1651692160397,US,CD,focal,Description6,RT,23184.199999928474
SS1651692160397,US,CD,context,Description1,RT,5474.200000047684
SS1651692160397,US,CD,focal,Description5,RT,10193.299999952316
SS1651692160397,US,CD,focal,Description5,RT,14753.299999952316
SS1651692160397,US,CD,focal,Description4,RT,10152.100000023842
SS1651692160397,US,CD,context,Description3,RT,3280.600000023842
SS1651697396411,US,CD,focal,Description4,RT,5310.299999999988
SS1651697396411,US,CD,focal,Description0,RT,2283.1999999999825
SS1651697396411,US,CD,context,Description7,RT,1665
SS1651697396411,US,CD,context,Description1,RT,7665.600000000006
SS1651697396411,US,CD,context,Description2,RT,9465.100000000006
SS1651697396411,US,CD,focal,Description5,RT,2375.7000000000116
SS1651697396411,US,CD,focal,Description6,RT,4788.799999999988
SS1651697396411,US,CD,context,Description1,RT,2744.899999999994
SS1651697396411,US,CD,context,Description7,RT,6134.900000000023
SS1651697396411,US,CD,focal,Description29,RT,2389.600000000035
SS1651697396411,US,CD,context,Description2,RT,4832.599999999977
SS1651697396411,US,CD,focal,Description5,RT,3274
SS1651697396411,US,CD,context,Description7,RT,3623.5
SS1651697396411,US,CD,context,Description3,RT,4138.599999999977
SS1651697396411,US,CD,context,Description9,RT,7727.799999999988
SS1651697396411,US,CD,context,Description3,RT,4052.7000000000116
SS1651697396411,US,CD,context,Description2,RT,8085.700000000012
SS1651697396411,US,CD,focal,Description0,RT,2508.0999999999767
SS1651697396411,US,CD,focal,Description6,RT,3525.899999999965
SS1651697396411,US,CD,focal,Description6,RT,3031.899999999965
SS1651697396411,US,CD,context,Description1,RT,1720.000000000029
SS1651697396411,US,CD,focal,Description4,RT,2968.5
SS1651697396411,US,CD,context,Description19,RT,2212.4000000000233
SS1651697396411,US,CD,context,Description3,RT,1442.7999999999302
SS1651697396411,US,CD,focal,Description5,RT,13623.20000000007
SS1651697396411,US,CD,focal,Description4,RT,3633.5
SS1651697396411,US,CD,focal,Description0,RT,6870.79999999993
SS1651868487521,US,CD,focal,Description29,RT,27603.200000047684
SS1651868487521,US,CD,context,Description7,RT,7767.899999856949
SS1651868487521,US,CD,focal,Description4,RT,15538.400000095367
SS1651868487521,US,CD,context,Description19,RT,5754.799999952316
SS1651868487521,US,CD,focal,Description0,RT,45386.200000047684
SS1651868487521,US,CD,focal,Description4,RT,6194.600000143051
SS1651868487521,US,CD,focal,Description0,RT,13058.599999904633
SS1651868487521,US,CD,context,Description7,RT,4504.599999904633
SS1651868487521,US,CD,context,Description2,RT,5666.299999952316
SS1651868487521,US,CD,context,Description1,RT,9381.700000047684
SS1651868487521,US,CD,context,Description3,RT,8486.299999952316
SS1651868487521,US,CD,focal,Description4,RT,31345.200000047684
SS1651868487521,US,CD,focal,Description0,RT,17938.799999952316
SS1651868487521,US,CD,context,Description2,RT,32454.299999952316
SS1651868487521,US,CD,context,Description3,RT,12212.700000047684
SS1651868487521,US,CD,context,Description1,RT,5455.700000047684
SS1651868487521,US,CD,context,Description3,RT,4969.700000047684
SS1651868487521,US,CD,context,Description2,RT,15708
SS1651868487521,US,CD,context,Description7,RT,null
SS1651868487521,US,CD,context,Description1,RT,8544.299999952316
SS1651868699067,US,CD,focal,Description0,RT,18691
SS1651868699067,US,CD,context,Description19,RT,9282
SS1651868699067,US,CD,focal,Description4,RT,11329
SS1651868699067,US,CD,focal,Description5,RT,3307
SS1651868699067,US,CD,focal,Description0,RT,2702
SS1651868699067,US,CD,focal,Description5,RT,13006
SS1651868699067,US,CD,focal,Description6,RT,8713
SS1651868699067,US,CD,context,Description3,RT,2506
SS1651868699067,US,CD,context,Description8,RT,2271
SS1651868699067,US,CD,context,Description7,RT,1669
SS1651868699067,US,CD,context,Description1,RT,5521
SS1651868699067,US,CD,focal,Description4,RT,6083
SS1651868699067,US,CD,context,Description2,RT,27886
SS1651868699067,US,CD,context,Description9,RT,6906
SS1651868699067,US,CD,context,Description1,RT,2341
SS1651868699067,US,CD,focal,Description6,RT,4446
SS1651868699067,US,CD,context,Description3,RT,1297
SS1651868699067,US,CD,context,Description8,RT,2606
SS1651868699067,US,CD,context,Description8,RT,25697
SS1651868699067,US,CD,context,Description2,RT,7176
SS1651868699067,US,CD,context,Description7,RT,3409
SS1651868699067,US,CD,focal,Description6,RT,6899
SS1651868699067,US,CD,context,Description3,RT,3172
SS1651868699067,US,CD,context,Description7,RT,8369
SS1651868699067,US,CD,focal,Description4,RT,3432
SS1651868699067,US,CD,focal,Description29,RT,1761
SS1651868699067,US,CD,focal,Description5,RT,5049
SS1651868699067,US,CD,context,Description1,RT,3735
SS1651868699067,US,CD,context,Description2,RT,3932
SS1651868699067,US,CD,focal,Description0,RT,9649
SS1651868701012,US,CD,context,Description7,RT,6315
SS1651868701012,US,CD,focal,Description4,RT,7764.300000190735
SS1651868701012,US,CD,context,Description3,RT,2584.800000190735
SS1651868701012,US,CD,focal,Description29,RT,2032.8999996185303
SS1651868701012,US,CD,focal,Description6,RT,4182.599999427795
SS1651868701012,US,CD,context,Description7,RT,3843.800000190735
SS1651868701012,US,CD,context,Description1,RT,4451.89999961853
SS1651868701012,US,CD,focal,Description0,RT,2721.699999809265
SS1651868701012,US,CD,context,Description3,RT,1613.5
SS1651868701012,US,CD,context,Description19,RT,2619.3999996185303
SS1651868701012,US,CD,context,Description3,RT,2475
SS1651868701012,US,CD,context,Description7,RT,15638.800000190735
SS1651868701012,US,CD,context,Description9,RT,4962.599999427795
SS1651868701012,US,CD,focal,Description5,RT,2213.800000190735
SS1651868701012,US,CD,focal,Description0,RT,14845.10000038147
SS1651868701012,US,CD,focal,Description5,RT,11665.5
SS1651868701012,US,CD,focal,Description4,RT,5016.699999809265
SS1651868701012,US,CD,focal,Description0,RT,3042
SS1651868701012,US,CD,focal,Description4,RT,4479
SS1651868701012,US,CD,focal,Description5,RT,2952.699999809265
SS1651868701012,US,CD,focal,Description6,RT,3738.300000190735
SS1651868701012,US,CD,focal,Description6,RT,9530.400000572205
SS1651868701012,US,CD,context,Description1,RT,9334.300000190735
SS1651868701012,US,CD,context,Description1,RT,2459.6000003814697
SS1651868705438,US,CD,context,Description2,RT,9557.600000023842
SS1651868705438,US,CD,context,Description19,RT,10728.800000011921
SS1651868705438,US,CD,context,Description9,RT,6780.5
SS1651868705438,US,CD,focal,Description0,RT,18799
SS1651868705438,US,CD,context,Description2,RT,8157.899999976158
SS1651868705438,US,CD,focal,Description5,RT,14324.599999964237
SS1651868705438,US,CD,context,Description2,RT,14330.699999988079
SS1651868705438,US,CD,focal,Description4,RT,22253.19999998808
SS1651868705438,US,CD,context,Description1,RT,14259.800000011921
SS1651868705438,US,CD,context,Description1,RT,4791.5
SS1651868705438,US,CD,context,Description7,RT,21791.400000035763
SS1651868705438,US,CD,context,Description8,RT,9985.300000011921
SS1651868705438,US,CD,focal,Description6,RT,6984.100000023842
SS1651868705438,US,CD,context,Description7,RT,17524.5
SS1651868705438,US,CD,focal,Description5,RT,9132.199999988079
SS1651868705438,US,CD,context,Description1,RT,9577.900000035763
SS1651868705438,US,CD,context,Description3,RT,3397.5
SS1651868705438,US,CD,focal,Description5,RT,8381.100000023842
SS1651868705438,US,CD,context,Description3,RT,7729.800000011921
SS1651868705438,US,CD,focal,Description6,RT,10675.899999976158
SS1651868705438,US,CD,focal,Description0,RT,15644.5
SS1651868705438,US,CD,focal,Description4,RT,7114.600000023842
SS1651868705438,US,CD,context,Description7,RT,27196.100000023842
SS1651868705438,US,CD,focal,Description0,RT,5037.100000023842
SS1651868705438,US,CD,focal,Description6,RT,6279.699999988079
SS1651868705438,US,CD,context,Description8,RT,11679.099999964237
SS1651868705438,US,CD,context,Description8,RT,6886.300000011921
SS1651868705438,US,CD,focal,Description29,RT,6066.900000035763
SS1651868705438,US,CD,context,Description3,RT,7703.600000023842
SS1651868705438,US,CD,focal,Description4,RT,3743.300000011921
SS1651868707186,US,CD,context,Description1,RT,6316.300000011921
SS1651868707186,US,CD,focal,Description5,RT,2934.800000011921
SS1651868707186,US,CD,context,Description9,RT,12724.09999999404
SS1651868707186,US,CD,focal,Description0,RT,13240.90000000596
SS1651868707186,US,CD,focal,Description0,RT,3490
SS1651868707186,US,CD,context,Description1,RT,4035.4000000059605
SS1651868707186,US,CD,context,Description2,RT,11783.5
SS1651868707186,US,CD,focal,Description4,RT,6938.9000000059605
SS1651868707186,US,CD,focal,Description29,RT,2196.300000011921
SS1651868707186,US,CD,context,Description19,RT,4362.5999999940395
SS1651868707186,US,CD,focal,Description6,RT,9007.200000017881
SS1651868707186,US,CD,context,Description3,RT,5532.5999999940395
SS1651868707186,US,CD,focal,Description5,RT,6908.300000011921
SS1651868707186,US,CD,context,Description7,RT,5811.299999982119
SS1651868707186,US,CD,context,Description1,RT,16828
SS1651868707186,US,CD,context,Description3,RT,3665.5
SS1651868707186,US,CD,focal,Description6,RT,4917.5
SS1651868707186,US,CD,context,Description7,RT,3437.7999999821186
SS1651868707186,US,CD,context,Description2,RT,3408.600000023842
SS1651868707186,US,CD,focal,Description0,RT,4187
SS1651868707186,US,CD,context,Description7,RT,4112.699999988079
SS1651868707186,US,CD,context,Description3,RT,4314.199999988079
SS1651868707186,US,CD,context,Description2,RT,9333.09999999404
SS1651868707186,US,CD,focal,Description4,RT,4514
SS1651868707186,US,CD,focal,Description4,RT,6365.800000011921
SS1651868707186,US,CD,focal,Description6,RT,7296.300000011921
SS1651868707186,US,CD,focal,Description5,RT,6196
SS1651868708760,US,CD,focal,Description5,RT,5164.199999988079
SS1651868708760,US,CD,focal,Description4,RT,3489.100000023842
SS1651868708760,US,CD,focal,Description0,RT,1466.800000011921
SS1651868708760,US,CD,focal,Description5,RT,3364.2000000476837
SS1651868708760,US,CD,focal,Description0,RT,5576.700000047684
SS1651868708760,US,CD,context,Description2,RT,34420.89999997616
SS1651868708760,US,CD,focal,Description6,RT,6613.599999964237
SS1651868708760,US,CD,context,Description2,RT,2364.899999976158
SS1651868708760,US,CD,focal,Description4,RT,3631.5
SS1651868708760,US,CD,context,Description7,RT,1638.2000000476837
SS1651868708760,US,CD,context,Description1,RT,8104.699999988079
SS1651868708760,US,CD,focal,Description4,RT,3058.699999988079
SS1651868708760,US,CD,context,Description19,RT,5751.5
SS1651868708760,US,CD,focal,Description0,RT,14556
SS1651868708760,US,CD,context,Description3,RT,1539.3999999761581
SS1651868708760,US,CD,context,Description9,RT,16939.099999964237
SS1651868708760,US,CD,context,Description1,RT,6738.199999988079
SS1651868708760,US,CD,context,Description3,RT,15449.300000011921
SS1651868708760,US,CD,context,Description1,RT,1648.300000011921
SS1651868708760,US,CD,focal,Description5,RT,17666.400000035763
SS1651868708760,US,CD,context,Description7,RT,3511.699999988079
SS1651868708760,US,CD,context,Description3,RT,1653.5
SS1651868708760,US,CD,focal,Description6,RT,3962.5
SS1651868708760,US,CD,focal,Description6,RT,1574.5
SS1651868708760,US,CD,context,Description2,RT,2333.5
SS1651868708760,US,CD,focal,Description29,RT,1715
SS1651868708760,US,CD,context,Description7,RT,35560.10000002384
SS1651868710355,US,CD,focal,Description5,RT,13648.200000047684
SS1651868710355,US,CD,context,Description7,RT,41919.799999952316
SS1651868710355,US,CD,focal,Description6,RT,35349.299999952316
SS1651868710355,US,CD,focal,Description6,RT,18582.800000190735
SS1651868710355,US,CD,context,Description3,RT,5804
SS1651868710355,US,CD,context,Description3,RT,17878.299999952316
SS1651868710355,US,CD,context,Description19,RT,21377.60000014305
SS1651868710355,US,CD,context,Description1,RT,21853.799999952316
SS1651868710355,US,CD,context,Description1,RT,14162.600000143051
SS1651868710355,US,CD,focal,Description0,RT,28929.400000095367
SS1651868710355,US,CD,focal,Description0,RT,15762.400000095367
SS1651868710355,US,CD,focal,Description5,RT,24124.39999985695
SS1651868710355,US,CD,focal,Description5,RT,30730.199999809265
SS1651868710355,US,CD,focal,Description4,RT,null
SS1651868710355,US,CD,context,Description3,RT,12073.700000047684
SS1651868710355,US,CD,context,Description2,RT,49990.5
SS1651868710355,US,CD,context,Description7,RT,26372
SS1651868710355,US,CD,context,Description9,RT,41611.09999990463
SS1651868710355,US,CD,focal,Description29,RT,57459.10000014305
SS1651868710355,US,CD,focal,Description6,RT,18899.900000095367
SS1651868710355,US,CD,context,Description1,RT,18399
SS1651868710355,US,CD,focal,Description4,RT,10742.799999952316
SS1651868710355,US,CD,focal,Description4,RT,54785.90000009537
SS1651868710355,US,CD,focal,Description0,RT,35441.60000014305
SS1651868710355,US,CD,context,Description2,RT,36347.700000047684
SS1651868710355,US,CD,context,Description7,RT,17708
SS1651868710355,US,CD,context,Description2,RT,18366.10000014305
SS1651868712524,US,CD,context,Description7,RT,5361.9000000059605
SS1651868712524,US,CD,focal,Description5,RT,11001.39999999106
SS1651868712524,US,CD,context,Description7,RT,23013.20000000298
SS1651868712524,US,CD,context,Description7,RT,2774.3999999910593
SS1651868712524,US,CD,focal,Description6,RT,39216.59999999404
SS1651868712524,US,CD,focal,Description4,RT,3551.699999988079
SS1651868712524,US,CD,focal,Description6,RT,10975.20000000298
SS1651868712524,US,CD,focal,Description4,RT,4728.399999991059
SS1651868712524,US,CD,focal,Description5,RT,6304.29999999702
SS1651868712524,US,CD,focal,Description4,RT,7876.29999999702
SS1651868712524,US,CD,focal,Description29,RT,3123.1000000089407
SS1651868712524,US,CD,context,Description1,RT,6775.70000000298
SS1651868712524,US,CD,context,Description3,RT,2915.5
SS1651868712524,US,CD,context,Description1,RT,8562.20000000298
SS1651868712524,US,CD,context,Description2,RT,8141.4000000059605
SS1651868712524,US,CD,context,Description2,RT,38377.39999999106
SS1651868712524,US,CD,context,Description2,RT,3315.2999999970198
SS1651868712524,US,CD,focal,Description5,RT,17018.59999999404
SS1651868712524,US,CD,context,Description3,RT,3520.5999999940395
SS1651868712524,US,CD,context,Description19,RT,3353.5
SS1651868712524,US,CD,context,Description1,RT,18137.5
SS1651868712524,US,CD,focal,Description6,RT,17217.59999999404
SS1651868712524,US,CD,context,Description9,RT,18414.5
SS1651868712524,US,CD,context,Description3,RT,7187.70000000298
SS1651868714312,US,CD,focal,Description5,RT,8474
SS1651868714312,US,CD,context,Description2,RT,18226
SS1651868714312,US,CD,context,Description2,RT,7273
SS1651868714312,US,CD,context,Description7,RT,11074
SS1651868714312,US,CD,context,Description9,RT,18122
SS1651868714312,US,CD,focal,Description0,RT,18284
SS1651868714312,US,CD,context,Description1,RT,12658
SS1651868714312,US,CD,focal,Description0,RT,34756
SS1651868714312,US,CD,focal,Description6,RT,11418
SS1651868714312,US,CD,focal,Description5,RT,12905
SS1651868714312,US,CD,context,Description3,RT,15938
SS1651868714312,US,CD,context,Description7,RT,31637
SS1651868714312,US,CD,context,Description8,RT,5481
SS1651868714312,US,CD,focal,Description4,RT,8617
SS1651868714312,US,CD,focal,Description4,RT,8753
SS1651868714312,US,CD,context,Description7,RT,11712
SS1651868714312,US,CD,context,Description3,RT,3184
SS1651868714312,US,CD,focal,Description6,RT,39299
SS1651868714312,US,CD,focal,Description4,RT,13387
SS1651868714312,US,CD,focal,Description29,RT,12562
SS1651868714312,US,CD,context,Description19,RT,7841
SS1651868714312,US,CD,focal,Description6,RT,8583
SS1651868714312,US,CD,focal,Description5,RT,48691
SS1651868714312,US,CD,context,Description8,RT,3018
SS1651868714312,US,CD,focal,Description0,RT,32073
SS1651868714312,US,CD,context,Description3,RT,7104
SS1651868714312,US,CD,context,Description2,RT,39425
SS1651868714312,US,CD,context,Description1,RT,19399
SS1651868714312,US,CD,context,Description1,RT,12333
SS1651868714312,US,CD,context,Description8,RT,16637
SS1651868714404,US,CD,focal,Description4,RT,29469
SS1651868714404,US,CD,focal,Description4,RT,5902.400000095367
SS1651868714404,US,CD,context,Description2,RT,30714.900000095367
SS1651868714404,US,CD,focal,Description5,RT,10021.100000143051
SS1651868714404,US,CD,context,Description19,RT,4944.299999952316
SS1651868714404,US,CD,context,Description1,RT,5330.5
SS1651868714404,US,CD,focal,Description4,RT,6355.299999952316
SS1651868714404,US,CD,focal,Description6,RT,3713.2999999523163
SS1651868714404,US,CD,focal,Description0,RT,6177.900000095367
SS1651868714404,US,CD,focal,Description29,RT,4416.200000047684
SS1651868714404,US,CD,context,Description3,RT,8321.5
SS1651868714404,US,CD,focal,Description0,RT,8557.899999856949
SS1651868714404,US,CD,context,Description9,RT,15034.5
SS1651868714404,US,CD,context,Description7,RT,7025.299999952316
SS1651868714404,US,CD,focal,Description0,RT,7911.299999952316
SS1651868714404,US,CD,focal,Description6,RT,6701.099999904633
SS1651868714404,US,CD,focal,Description5,RT,16383.599999904633
SS1651868714404,US,CD,context,Description7,RT,24702.099999904633
SS1651868714404,US,CD,context,Description3,RT,2958.100000143051
SS1651868714404,US,CD,context,Description7,RT,9735.600000143051
SS1651868714404,US,CD,focal,Description6,RT,8134.200000047684
SS1651868714404,US,CD,context,Description1,RT,8113.700000047684
SS1651868714404,US,CD,context,Description2,RT,9554.300000190735
SS1651868714404,US,CD,context,Description8,RT,10060.099999904633
SS1651868714404,US,CD,context,Description2,RT,11678.200000047684
SS1651868714404,US,CD,context,Description3,RT,6451.800000190735
SS1651868714404,US,CD,context,Description1,RT,2920.2999999523163
SS1651868714404,US,CD,focal,Description5,RT,18960.5
SS1651868714404,US,CD,context,Description8,RT,5557.5
SS1651868714404,US,CD,context,Description8,RT,39721.799999952316
SS1651868716048,US,CD,context,Description7,RT,4914.399999976158
SS1651868716048,US,CD,context,Description8,RT,23126.29999998212
SS1651868716048,US,CD,focal,Description5,RT,3524
SS1651868716048,US,CD,context,Description7,RT,4140.5
SS1651868716048,US,CD,context,Description1,RT,3749.899999976158
SS1651868716048,US,CD,focal,Description6,RT,23705.100000023842
SS1651868716048,US,CD,context,Description3,RT,2864.699999988079
SS1651868716048,US,CD,focal,Description6,RT,4192.199999988079
SS1651868716048,US,CD,focal,Description0,RT,6077.0999999940395
SS1651868716048,US,CD,focal,Description0,RT,16713.59999999404
SS1651868716048,US,CD,context,Description1,RT,6267.699999988079
SS1651868716048,US,CD,focal,Description4,RT,8152.4000000059605
SS1651868716048,US,CD,focal,Description0,RT,null
SS1651868716048,US,CD,context,Description3,RT,3631.800000011921
SS1651868716048,US,CD,context,Description8,RT,2954.0999999940395
SS1651868716048,US,CD,context,Description2,RT,null
SS1651868716048,US,CD,context,Description8,RT,1852.7000000178814
SS1651868716048,US,CD,context,Description2,RT,3006.699999988079
SS1651868716048,US,CD,context,Description3,RT,2287.2000000178814
SS1651868716048,US,CD,focal,Description4,RT,13464
SS1651868716048,US,CD,context,Description2,RT,3096.2999999821186
SS1651868716048,US,CD,focal,Description4,RT,5082.399999976158
SS1651868716048,US,CD,focal,Description29,RT,1660.0999999940395
SS1651868716048,US,CD,context,Description1,RT,2332.2000000178814
SS1651868716048,US,CD,focal,Description5,RT,5467.700000017881
SS1651868716048,US,CD,focal,Description6,RT,2446.699999988079
SS1651868716048,US,CD,focal,Description5,RT,3765.9000000059605
SS1651868716048,US,CD,context,Description19,RT,4081.5999999940395
SS1651868716048,US,CD,context,Description7,RT,52902.59999999404
SS1651868716048,US,CD,context,Description9,RT,36344.70000001788
SS1651868717843,US,CD,context,Description3,RT,5513.300000011921
SS1651868717843,US,CD,focal,Description4,RT,9544.90000000596
SS1651868717843,US,CD,context,Description7,RT,14667.799999982119
SS1651868717843,US,CD,context,Description1,RT,6811.0999999940395
SS1651868717843,US,CD,context,Description1,RT,8226.600000023842
SS1651868717843,US,CD,context,Description2,RT,18003.70000001788
SS1651868717843,US,CD,focal,Description4,RT,13410.800000011921
SS1651868717843,US,CD,context,Description2,RT,6169.699999988079
SS1651868717843,US,CD,focal,Description0,RT,17954.19999998808
SS1651868717843,US,CD,context,Description19,RT,6201.5
SS1651868717843,US,CD,context,Description2,RT,4998.199999988079
SS1651868717843,US,CD,focal,Description0,RT,2300.5999999940395
SS1651868717843,US,CD,focal,Description6,RT,40927.79999998212
SS1651868717843,US,CD,context,Description9,RT,8036.300000011921
SS1651868717843,US,CD,context,Description1,RT,1762
SS1651868717843,US,CD,focal,Description6,RT,5700.9000000059605
SS1651868717843,US,CD,focal,Description29,RT,1952.5999999940395
SS1651868717843,US,CD,context,Description7,RT,4256.399999976158
SS1651868717843,US,CD,context,Description3,RT,6093.0999999940395
SS1651868717843,US,CD,focal,Description0,RT,10221.5
SS1651868717843,US,CD,focal,Description6,RT,5553.800000011921
SS1651868717843,US,CD,context,Description7,RT,34523.59999999404
SS1651868717843,US,CD,focal,Description4,RT,24451.40000000596
SS1651868717843,US,CD,context,Description3,RT,3728.5
SS1651868718682,US,CD,focal,Description5,RT,5024.300000071526
SS1651868718682,US,CD,focal,Description0,RT,8569.899999976158
SS1651868718682,US,CD,focal,Description4,RT,4887.100000023842
SS1651868718682,US,CD,context,Description3,RT,4529.899999976158
SS1651868718682,US,CD,context,Description1,RT,4119.100000023842
SS1651868718682,US,CD,focal,Description4,RT,4694.399999976158
SS1651868718682,US,CD,context,Description1,RT,6089
SS1651868718682,US,CD,context,Description9,RT,17544.700000047684
SS1651868718682,US,CD,context,Description19,RT,3765.899999976158
SS1651868718682,US,CD,focal,Description4,RT,11434
SS1651868718682,US,CD,context,Description2,RT,15121.100000023842
SS1651868718682,US,CD,focal,Description5,RT,5558.300000071526
SS1651868718682,US,CD,focal,Description0,RT,19017.099999904633
SS1651868718682,US,CD,focal,Description0,RT,6649.100000023842
SS1651868718682,US,CD,context,Description3,RT,8097.399999976158
SS1651868718682,US,CD,context,Description7,RT,12446.600000023842
SS1651868718682,US,CD,context,Description2,RT,3433.399999976158
SS1651868718682,US,CD,focal,Description29,RT,4829.699999928474
SS1651868718682,US,CD,focal,Description6,RT,4798.399999976158
SS1651868718682,US,CD,context,Description8,RT,27697.300000071526
SS1651868718682,US,CD,context,Description7,RT,8041.400000095367
SS1651868718682,US,CD,focal,Description6,RT,2749.2000000476837
SS1651868718682,US,CD,context,Description1,RT,2277.600000023842
SS1651868718682,US,CD,context,Description2,RT,4390.900000095367
SS1651868718682,US,CD,focal,Description6,RT,7262.200000047684
SS1651868718682,US,CD,context,Description7,RT,4870.700000047684
SS1651868718682,US,CD,context,Description8,RT,7237.600000023842
SS1651868718682,US,CD,context,Description8,RT,1741.8999999761581
SS1651868718682,US,CD,focal,Description5,RT,8710.399999976158
SS1651868718682,US,CD,context,Description3,RT,2726.5
SS1651868720723,US,CD,context,Description7,RT,10507.29999999702
SS1651868720723,US,CD,context,Description7,RT,4406.39999999851
SS1651868720723,US,CD,focal,Description4,RT,7853.5
SS1651868720723,US,CD,context,Description2,RT,26661.300000000745
SS1651868720723,US,CD,context,Description8,RT,5009
SS1651868720723,US,CD,focal,Description29,RT,2288.7999999970198
SS1651868720723,US,CD,context,Description2,RT,1740.199999999255
SS1651868720723,US,CD,context,Description19,RT,5078.60000000149
SS1651868720723,US,CD,context,Description7,RT,4326.199999999255
SS1651868720723,US,CD,focal,Description5,RT,3404.39999999851
SS1651868720723,US,CD,focal,Description6,RT,6411
SS1651868720723,US,CD,focal,Description4,RT,13543.89999999851
SS1651868720723,US,CD,context,Description8,RT,31109.199999999255
SS1651868720723,US,CD,focal,Description0,RT,6336.5
SS1651868720723,US,CD,context,Description1,RT,5520.099999997765
SS1651868720723,US,CD,focal,Description4,RT,25813.70000000298
SS1651868720723,US,CD,context,Description1,RT,35251.800000000745
SS1651868720723,US,CD,focal,Description6,RT,8040.300000000745
SS1651868720723,US,CD,focal,Description5,RT,8365.60000000149
SS1651868720723,US,CD,focal,Description5,RT,4178.699999999255
SS1651868720723,US,CD,context,Description1,RT,2984.099999997765
SS1651868720723,US,CD,context,Description3,RT,1542.6000000014901
SS1651868720723,US,CD,focal,Description0,RT,7680
SS1651868720723,US,CD,focal,Description6,RT,2979.099999997765
SS1651868720723,US,CD,context,Description3,RT,2411.099999997765
SS1651868720723,US,CD,context,Description3,RT,32601.40000000596
SS1651868720723,US,CD,context,Description2,RT,29575.10000000149
SS1651868720723,US,CD,focal,Description0,RT,7636.60000000149
SS1651868720723,US,CD,context,Description9,RT,26013.60000000149
SS1651868720723,US,CD,context,Description8,RT,2309.2999999970198
SS1651868725160,US,CD,context,Description7,RT,16214.100000143051
SS1651868725160,US,CD,context,Description3,RT,2231.9000000953674
SS1651868725160,US,CD,context,Description19,RT,4822.299999952316
SS1651868725160,US,CD,focal,Description29,RT,2161.2999999523163
SS1651868725160,US,CD,focal,Description5,RT,7473.200000047684
SS1651868725160,US,CD,context,Description2,RT,2608.2999999523163
SS1651868725160,US,CD,focal,Description5,RT,2720.7999999523163
SS1651868725160,US,CD,focal,Description5,RT,12579.099999904633
SS1651868725160,US,CD,focal,Description0,RT,2794.899999856949
SS1651868725160,US,CD,context,Description2,RT,9451.799999952316
SS1651868725160,US,CD,context,Description1,RT,2007.2000000476837
SS1651868725160,US,CD,focal,Description4,RT,4799.199999809265
SS1651868725160,US,CD,focal,Description4,RT,2731
SS1651868725160,US,CD,focal,Description4,RT,7421.900000095367
SS1651868725160,US,CD,context,Description7,RT,5943.600000143051
SS1651868725160,US,CD,context,Description1,RT,8075.799999952316
SS1651868725160,US,CD,context,Description9,RT,3205.2999999523163
SS1651868725160,US,CD,focal,Description0,RT,7409.700000047684
SS1651868725160,US,CD,context,Description1,RT,5353.899999856949
SS1651868725160,US,CD,context,Description3,RT,4543.700000047684
SS1651868725160,US,CD,context,Description7,RT,2033.6000001430511
SS1651868725160,US,CD,context,Description3,RT,1974.0999999046326
SS1651868725160,US,CD,context,Description2,RT,1554.5
SS1651868725160,US,CD,focal,Description0,RT,2713.2000000476837
SS1651868736601,US,CD,focal,Description6,RT,5569.600000143051
SS1651868736601,US,CD,context,Description1,RT,4303.899999856949
SS1651868736601,US,CD,focal,Description4,RT,12981.700000047684
SS1651868736601,US,CD,context,Description8,RT,15264.599999904633
SS1651868736601,US,CD,focal,Description5,RT,3620.9000000953674
SS1651868736601,US,CD,focal,Description0,RT,5129
SS1651868736601,US,CD,context,Description8,RT,5201.399999856949
SS1651868736601,US,CD,focal,Description6,RT,4890.099999904633
SS1651868736601,US,CD,context,Description1,RT,3800.4000000953674
SS1651868736601,US,CD,focal,Description6,RT,3197.7999999523163
SS1651868736601,US,CD,context,Description2,RT,4193.599999904633
SS1651868736601,US,CD,context,Description2,RT,7725.100000143051
SS1651868736601,US,CD,context,Description1,RT,9396.199999809265
SS1651868736601,US,CD,context,Description7,RT,7418
SS1651868736601,US,CD,context,Description7,RT,3232.600000143051
SS1651868736601,US,CD,focal,Description4,RT,4117.099999904633
SS1651868736601,US,CD,context,Description19,RT,7003.599999904633
SS1651868736601,US,CD,context,Description3,RT,2938.0999999046326
SS1651868736601,US,CD,context,Description2,RT,3885.2000000476837
SS1651868736601,US,CD,focal,Description29,RT,5786.700000047684
SS1651868736601,US,CD,focal,Description0,RT,4686.299999952316
SS1651868736601,US,CD,context,Description3,RT,5731.599999904633
SS1651868736601,US,CD,focal,Description5,RT,3159.399999856949
SS1651868736601,US,CD,context,Description3,RT,4061.9000000953674
SS1651868736601,US,CD,context,Description9,RT,9870.700000047684
SS1651868736601,US,CD,focal,Description0,RT,7329.5
SS1651868736601,US,CD,focal,Description4,RT,8269.600000143051
SS1651868736601,US,CD,focal,Description5,RT,3015.9000000953674
SS1651868736601,US,CD,context,Description8,RT,4213.299999952316
SS1651868736601,US,CD,context,Description7,RT,4197.899999856949
SS1651868738305,US,CD,context,Description2,RT,3789.199999999255
SS1651868738305,US,CD,context,Description19,RT,2240.5999999996275
SS1651868738305,US,CD,focal,Description6,RT,9495.599999999627
SS1651868738305,US,CD,context,Description3,RT,1757.7999999988824
SS1651868738305,US,CD,context,Description7,RT,1715.0999999996275
SS1651868738305,US,CD,focal,Description6,RT,6005.699999999255
SS1651868738305,US,CD,context,Description2,RT,11236.39999999851
SS1651868738305,US,CD,context,Description1,RT,4823.89999999851
SS1651868738305,US,CD,focal,Description29,RT,2072.800000000745
SS1651868738305,US,CD,focal,Description6,RT,16561.10000000149
SS1651868738305,US,CD,context,Description7,RT,5359.9000000003725
SS1651868738305,US,CD,context,Description1,RT,5621.10000000149
SS1651868738305,US,CD,context,Description2,RT,17520.599999999627
SS1651868738305,US,CD,context,Description9,RT,13623.799999998882
SS1651868738305,US,CD,context,Description1,RT,7936.300000000745
SS1651868738305,US,CD,context,Description7,RT,20785.599999999627
SS1651868738305,US,CD,context,Description3,RT,2675.60000000149
SS1651868738305,US,CD,context,Description3,RT,2100
SS1651868744832,US,CD,focal,Description5,RT,7675.0999999940395
SS1651868744832,US,CD,focal,Description5,RT,2820
SS1651868744832,US,CD,context,Description7,RT,2970.2000000029802
SS1651868744832,US,CD,focal,Description4,RT,15296.79999999702
SS1651868744832,US,CD,focal,Description0,RT,22473.29999999702
SS1651868744832,US,CD,context,Description1,RT,2827.5999999940395
SS1651868744832,US,CD,context,Description7,RT,3567.6000000089407
SS1651868744832,US,CD,focal,Description0,RT,6086.9000000059605
SS1651868744832,US,CD,context,Description1,RT,13589.39999999106
SS1651868744832,US,CD,context,Description1,RT,6198.70000000298
SS1651868744832,US,CD,context,Description19,RT,3462.2000000029802
SS1651868744832,US,CD,focal,Description5,RT,3493
SS1651868744832,US,CD,focal,Description4,RT,4105.5999999940395
SS1651868744832,US,CD,focal,Description29,RT,3461.7999999970198
SS1651868744832,US,CD,focal,Description6,RT,10692.29999999702
SS1651868744832,US,CD,context,Description2,RT,5324.5999999940395
SS1651868744832,US,CD,focal,Description6,RT,3744.3999999910593
SS1651868744832,US,CD,focal,Description4,RT,6183.70000000298
SS1651868744832,US,CD,context,Description2,RT,14771.300000011921
SS1651868744832,US,CD,context,Description2,RT,7685.100000008941
SS1651868744832,US,CD,context,Description9,RT,22327.5
SS1651868744832,US,CD,focal,Description6,RT,8721.89999999106
SS1651868744832,US,CD,focal,Description0,RT,10698.199999988079
SS1651868744832,US,CD,context,Description7,RT,27319.89999999106
SS1651868744957,US,CD,context,Description9,RT,22750.200000047684
SS1651868744957,US,CD,focal,Description5,RT,7269
SS1651868744957,US,CD,focal,Description4,RT,8626.400000095367
SS1651868744957,US,CD,context,Description19,RT,6010.900000095367
SS1651868744957,US,CD,focal,Description0,RT,5159.799999952316
SS1651868744957,US,CD,context,Description2,RT,3493
SS1651868744957,US,CD,context,Description1,RT,8185.399999856949
SS1651868744957,US,CD,focal,Description4,RT,4883.900000095367
SS1651868744957,US,CD,context,Description7,RT,19920.200000047684
SS1651868744957,US,CD,focal,Description5,RT,16167.699999809265
SS1651868744957,US,CD,context,Description3,RT,3976.7999999523163
SS1651868744957,US,CD,context,Description2,RT,2958.7000000476837
SS1651868744957,US,CD,context,Description2,RT,10233.299999952316
SS1651868744957,US,CD,context,Description1,RT,4270.400000095367
SS1651868744957,US,CD,focal,Description5,RT,13565.900000095367
SS1651868744957,US,CD,focal,Description4,RT,3757.9000000953674
SS1651868744957,US,CD,focal,Description0,RT,8932.400000095367
SS1651868744957,US,CD,context,Description1,RT,5720.599999904633
SS1651868744957,US,CD,context,Description3,RT,13635.5
SS1651868744957,US,CD,focal,Description29,RT,3708.5
SS1651868744957,US,CD,context,Description7,RT,2444.0999999046326
SS1651868744957,US,CD,focal,Description0,RT,7379.199999809265
SS1651868744957,US,CD,context,Description7,RT,6363.700000047684
SS1651868744957,US,CD,context,Description3,RT,3288.2999999523163
SS1651868745703,US,CD,context,Description1,RT,6250.700000047684
SS1651868745703,US,CD,context,Description7,RT,55442.59999990463
SS1651868745703,US,CD,context,Description8,RT,2322.7999999523163
SS1651868745703,US,CD,context,Description19,RT,3577
SS1651868745703,US,CD,context,Description2,RT,1569.2999999523163
SS1651868745703,US,CD,focal,Description6,RT,7500
SS1651868745703,US,CD,focal,Description0,RT,2294.9000000953674
SS1651868745703,US,CD,focal,Description5,RT,10223.700000047684
SS1651868745703,US,CD,context,Description8,RT,2895.399999856949
SS1651868745703,US,CD,focal,Description6,RT,1756.9000000953674
SS1651868745703,US,CD,context,Description1,RT,1915.3999998569489
SS1651868745703,US,CD,context,Description7,RT,1564.4000000953674
SS1651868745703,US,CD,context,Description3,RT,1702.8999998569489
SS1651868745703,US,CD,focal,Description5,RT,2895.4000000953674
SS1651868745703,US,CD,context,Description9,RT,27959
SS1651868745703,US,CD,focal,Description6,RT,6066
SS1651868745703,US,CD,context,Description1,RT,2216.0999999046326
SS1651868745703,US,CD,context,Description3,RT,16839.5
SS1651868745703,US,CD,context,Description8,RT,30615.099999904633
SS1651868745703,US,CD,focal,Description29,RT,1680.5
SS1651868745703,US,CD,focal,Description0,RT,14155.899999856949
SS1651868745703,US,CD,context,Description3,RT,2215.399999856949
SS1651868745703,US,CD,context,Description2,RT,6942.100000143051
SS1651868745703,US,CD,focal,Description4,RT,4323.900000095367
SS1651868745703,US,CD,context,Description7,RT,1702.2999999523163
SS1651868745703,US,CD,focal,Description4,RT,2198
SS1651868745703,US,CD,focal,Description4,RT,2866.5
SS1651868745703,US,CD,context,Description2,RT,6228.900000095367
SS1651868745703,US,CD,focal,Description5,RT,5622.900000095367
SS1651868745703,US,CD,focal,Description0,RT,6244.599999904633
SS1651868751261,US,CD,focal,Description4,RT,37208.60000000149
SS1651868751261,US,CD,context,Description3,RT,14600.800000000745
SS1651868751261,US,CD,context,Description7,RT,15442.10000000149
SS1651868751261,US,CD,context,Description7,RT,14750.699999999255
SS1651868751261,US,CD,context,Description7,RT,13746.099999997765
SS1651868751261,US,CD,context,Description2,RT,11191.39999999851
SS1651868751261,US,CD,focal,Description5,RT,9746.099999997765
SS1651868751261,US,CD,focal,Description6,RT,19978.39999999851
SS1651868751261,US,CD,context,Description1,RT,4173.300000000745
SS1651868751261,US,CD,focal,Description6,RT,12636.89999999851
SS1651868751261,US,CD,context,Description1,RT,12577.199999999255
SS1651868751261,US,CD,context,Description1,RT,6519.699999999255
SS1651868751261,US,CD,focal,Description29,RT,10074.60000000149
SS1651868751261,US,CD,context,Description9,RT,12885.89999999851
SS1651868751261,US,CD,focal,Description4,RT,14039.300000000745
SS1651868751261,US,CD,context,Description3,RT,10781
SS1651868751261,US,CD,focal,Description5,RT,11706.300000000745
SS1651868751261,US,CD,context,Description2,RT,27094.699999999255
SS1651868751261,US,CD,focal,Description6,RT,5960.300000000745
SS1651868751261,US,CD,context,Description2,RT,6242.300000000745
SS1651868751261,US,CD,focal,Description5,RT,11714.300000000745
SS1651868751261,US,CD,context,Description19,RT,6593.699999999255
SS1651868751261,US,CD,context,Description3,RT,10805.300000000745
SS1651868751261,US,CD,focal,Description4,RT,10186.400000002235
SS1651868754302,US,CD,focal,Description0,RT,24695
SS1651868754302,US,CD,context,Description3,RT,7559
SS1651868754302,US,CD,context,Description2,RT,4912
SS1651868754302,US,CD,context,Description19,RT,7467
SS1651868754302,US,CD,context,Description2,RT,10154
SS1651868754302,US,CD,context,Description3,RT,9827
SS1651868754302,US,CD,focal,Description5,RT,9354
SS1651868754302,US,CD,focal,Description6,RT,10908
SS1651868754302,US,CD,focal,Description5,RT,13844
SS1651868754302,US,CD,context,Description7,RT,5537
SS1651868754302,US,CD,context,Description1,RT,13450
SS1651868754302,US,CD,focal,Description4,RT,5844
SS1651868754302,US,CD,context,Description9,RT,12653
SS1651868754302,US,CD,focal,Description29,RT,2917
SS1651868754302,US,CD,context,Description7,RT,36613
SS1651868754302,US,CD,context,Description8,RT,5341
SS1651868754302,US,CD,focal,Description0,RT,3507
SS1651868754302,US,CD,context,Description1,RT,6777
SS1651868754302,US,CD,focal,Description6,RT,5792
SS1651868754302,US,CD,context,Description3,RT,3413
SS1651868754302,US,CD,context,Description7,RT,2903
SS1651868754302,US,CD,focal,Description5,RT,10456
SS1651868754302,US,CD,context,Description1,RT,4361
SS1651868754302,US,CD,focal,Description6,RT,4286
SS1651868754302,US,CD,context,Description2,RT,26079
SS1651868754302,US,CD,focal,Description4,RT,21702
SS1651868754302,US,CD,focal,Description4,RT,8299
SS1651868754302,US,CD,focal,Description0,RT,11684
SS1651868754302,US,CD,context,Description8,RT,17278
SS1651868754302,US,CD,context,Description8,RT,4161
SS1651868756130,US,CD,context,Description2,RT,null
SS1651868756130,US,CD,context,Description2,RT,null
SS1651868756130,US,CD,context,Description1,RT,10598.699999988079
SS1651868756130,US,CD,focal,Description5,RT,6223.0999999940395
SS1651868756130,US,CD,context,Description19,RT,4276.5999999940395
SS1651868756130,US,CD,focal,Description6,RT,9292.90000000596
SS1651868756130,US,CD,context,Description3,RT,7928.399999976158
SS1651868756130,US,CD,focal,Description0,RT,8646.59999999404
SS1651868756130,US,CD,focal,Description29,RT,5349.199999988079
SS1651868756130,US,CD,focal,Description5,RT,7766.699999988079
SS1651868756130,US,CD,focal,Description4,RT,6102
SS1651868756130,US,CD,context,Description7,RT,4357.9000000059605
SS1651868756130,US,CD,context,Description8,RT,6636.9000000059605
SS1651868756130,US,CD,context,Description7,RT,4419.5
SS1651868756130,US,CD,context,Description8,RT,8524.59999999404
SS1651868756130,US,CD,focal,Description4,RT,3421.7999999821186
SS1651868756130,US,CD,focal,Description4,RT,24533.30000001192
SS1651868756130,US,CD,context,Description3,RT,3420.800000011921
SS1651868756130,US,CD,focal,Description0,RT,8957.800000011921
SS1651868756130,US,CD,context,Description1,RT,17614
SS1651868756130,US,CD,focal,Description5,RT,14725.5
SS1651868756130,US,CD,context,Description1,RT,4181
SS1651868756130,US,CD,focal,Description6,RT,5396.800000011921
SS1651868756130,US,CD,context,Description3,RT,1923.8999999761581
SS1651868756130,US,CD,context,Description7,RT,12335.800000011921
SS1651868756130,US,CD,focal,Description6,RT,6901.5999999940395
SS1651868756130,US,CD,context,Description2,RT,8365.200000017881
SS1651868756130,US,CD,context,Description8,RT,12222.40000000596
SS1651868756130,US,CD,focal,Description0,RT,7332.299999982119
SS1651868756130,US,CD,context,Description9,RT,13861.40000000596
SS1651868757005,US,CD,context,Description2,RT,15496.300000011921
SS1651868757005,US,CD,focal,Description6,RT,12158.90000000596
SS1651868757005,US,CD,context,Description7,RT,46330.69999998808
SS1651868757005,US,CD,context,Description19,RT,4454
SS1651868757005,US,CD,focal,Description4,RT,8154.0999999940395
SS1651868757005,US,CD,context,Description7,RT,2328.5
SS1651868757005,US,CD,context,Description8,RT,33794.5
SS1651868757005,US,CD,context,Description3,RT,14766.90000000596
SS1651868757005,US,CD,focal,Description0,RT,12821.399999976158
SS1651868757005,US,CD,context,Description1,RT,8223.700000017881
SS1651868757005,US,CD,context,Description9,RT,6225.5999999940395
SS1651868757005,US,CD,focal,Description4,RT,9523.09999999404
SS1651868757005,US,CD,context,Description1,RT,null
SS1651868757005,US,CD,context,Description3,RT,6113.600000023842
SS1651868757005,US,CD,context,Description2,RT,1724.199999988079
SS1651868757005,US,CD,context,Description3,RT,1570.9000000059605
SS1651868757005,US,CD,focal,Description5,RT,13937.40000000596
SS1651868757005,US,CD,focal,Description0,RT,30229.5
SS1651868757005,US,CD,focal,Description0,RT,25856.70000001788
SS1651868757005,US,CD,focal,Description5,RT,4805.700000017881
SS1651868757005,US,CD,focal,Description5,RT,3991.9000000059605
SS1651868757005,US,CD,focal,Description4,RT,5640.600000023842
SS1651868757005,US,CD,context,Description8,RT,7581.9000000059605
SS1651868757005,US,CD,context,Description8,RT,1688.0999999940395
SS1651868757005,US,CD,focal,Description29,RT,6815.9000000059605
SS1651868757005,US,CD,context,Description1,RT,4928.0999999940395
SS1651868757005,US,CD,context,Description2,RT,25237.30000001192
SS1651868757005,US,CD,focal,Description6,RT,4993.4000000059605
SS1651868757005,US,CD,focal,Description6,RT,10869.09999999404
SS1651868757005,US,CD,context,Description7,RT,3543.4000000059605
SS1651868767690,US,CD,focal,Description0,RT,12604.5
SS1651868767690,US,CD,context,Description2,RT,18517.899999976158
SS1651868767690,US,CD,context,Description1,RT,2550.099999964237
SS1651868767690,US,CD,context,Description7,RT,2968.2000000476837
SS1651868767690,US,CD,focal,Description5,RT,4029.5
SS1651868767690,US,CD,focal,Description4,RT,23690.69999998808
SS1651868767690,US,CD,focal,Description4,RT,8631
SS1651868767690,US,CD,focal,Description0,RT,14564
SS1651868767690,US,CD,context,Description1,RT,2578.100000023842
SS1651868767690,US,CD,context,Description7,RT,27381.30000001192
SS1651868767690,US,CD,focal,Description5,RT,3314.800000011921
SS1651868767690,US,CD,context,Description3,RT,1417.300000011921
SS1651868767690,US,CD,focal,Description0,RT,20380.5
SS1651868767690,US,CD,context,Description1,RT,6679.800000011921
SS1651868767690,US,CD,context,Description3,RT,13031.099999964237
SS1651868767690,US,CD,context,Description3,RT,1491.8999999761581
SS1651868767690,US,CD,context,Description19,RT,10026.600000023842
SS1651868767690,US,CD,focal,Description5,RT,2142.100000023842
SS1651868767690,US,CD,context,Description9,RT,13314.399999976158
SS1651868767690,US,CD,focal,Description6,RT,18941
SS1651868767690,US,CD,focal,Description6,RT,8506
SS1651868767690,US,CD,context,Description7,RT,4094.699999988079
SS1651868767690,US,CD,context,Description2,RT,8053.5
SS1651868767690,US,CD,focal,Description4,RT,5025.199999988079
SS1651868767690,US,CD,focal,Description29,RT,1751.4000000357628
SS1651868767690,US,CD,focal,Description6,RT,10475.399999976158
SS1651868767690,US,CD,context,Description2,RT,2098.800000011921
SS1651868773205,US,CD,context,Description1,RT,10476.800000071526
SS1651868773205,US,CD,focal,Description0,RT,17763.200000047684
SS1651868773205,US,CD,context,Description3,RT,14724.399999976158
SS1651868773205,US,CD,focal,Description0,RT,54794.699999928474
SS1651868773205,US,CD,context,Description9,RT,24665.799999952316
SS1651868773205,US,CD,focal,Description5,RT,15169.299999952316
SS1651868773205,US,CD,focal,Description4,RT,30446.899999976158
SS1651868773205,US,CD,focal,Description6,RT,38328.699999928474
SS1651868773205,US,CD,focal,Description6,RT,15500.799999952316
SS1651868773205,US,CD,focal,Description0,RT,21432.600000023842
SS1651868773205,US,CD,context,Description19,RT,31735.5
SS1651868773205,US,CD,context,Description3,RT,7670.700000047684
SS1651868773205,US,CD,focal,Description5,RT,21779.5
SS1651868773205,US,CD,context,Description1,RT,9715
SS1651868773205,US,CD,focal,Description29,RT,15680.799999952316
SS1651868773205,US,CD,context,Description2,RT,28272.5
SS1651868773205,US,CD,focal,Description6,RT,10405.400000095367
SS1651868773205,US,CD,context,Description3,RT,28328.199999928474
SS1651868773205,US,CD,focal,Description4,RT,25552.599999904633
SS1651868773205,US,CD,focal,Description4,RT,null
SS1651868773205,US,CD,context,Description2,RT,16197.100000023842
SS1651868773205,US,CD,context,Description2,RT,21319.200000047684
SS1651868773205,US,CD,context,Description1,RT,21103.399999976158
SS1651868773205,US,CD,focal,Description5,RT,39300.199999928474
SS1651868778604,US,CD,focal,Description5,RT,33871.59999999404
SS1651868778604,US,CD,context,Description3,RT,3809.9000000059605
SS1651868778604,US,CD,context,Description9,RT,10122.699999988079
SS1651868778604,US,CD,context,Description2,RT,6192.899999976158
SS1651868778604,US,CD,focal,Description5,RT,9436
SS1651868778604,US,CD,focal,Description4,RT,6896.5999999940395
SS1651868778604,US,CD,context,Description1,RT,7443.9000000059605
SS1651868778604,US,CD,focal,Description6,RT,5634.0999999940395
SS1651868778604,US,CD,context,Description1,RT,10715.59999999404
SS1651868778604,US,CD,context,Description2,RT,6225.200000017881
SS1651868778604,US,CD,context,Description2,RT,8817.800000011921
SS1651868778604,US,CD,focal,Description0,RT,7452.4000000059605
SS1651868778604,US,CD,context,Description3,RT,4234.5999999940395
SS1651868778604,US,CD,context,Description3,RT,8737.200000017881
SS1651868778604,US,CD,context,Description7,RT,5879.699999988079
SS1651868778604,US,CD,focal,Description5,RT,5001.199999988079
SS1651868778604,US,CD,focal,Description6,RT,6855.0999999940395
SS1651868778604,US,CD,context,Description19,RT,6305.9000000059605
SS1651868778604,US,CD,focal,Description4,RT,9382.5
SS1651868778604,US,CD,context,Description7,RT,22846.59999999404
SS1651868778604,US,CD,focal,Description29,RT,5297.0999999940395
SS1651868778604,US,CD,focal,Description4,RT,10077.700000017881
SS1651868778604,US,CD,context,Description1,RT,5488.699999988079
SS1651868778604,US,CD,context,Description7,RT,9153.100000023842
SS1651868778604,US,CD,focal,Description0,RT,5837.0999999940395
SS1651868778604,US,CD,focal,Description0,RT,19162.29999998212
SS1651868778604,US,CD,focal,Description6,RT,13234.700000017881
SS1651868779378,US,CD,focal,Description6,RT,8475.5
SS1651868779378,US,CD,focal,Description6,RT,6380.5999999996275
SS1651868779378,US,CD,focal,Description5,RT,9636
SS1651868779378,US,CD,context,Description7,RT,20548.699999999255
SS1651868779378,US,CD,context,Description3,RT,8686.299999998882
SS1651868779378,US,CD,context,Description1,RT,7602.9000000003725
SS1651868779378,US,CD,context,Description3,RT,4161.699999999255
SS1651868779378,US,CD,focal,Description0,RT,8589.699999999255
SS1651868779378,US,CD,focal,Description29,RT,2888
SS1651868779378,US,CD,focal,Description6,RT,4103.699999999255
SS1651868779378,US,CD,context,Description19,RT,10669.699999999255
SS1651868779378,US,CD,context,Description2,RT,13294.599999999627
SS1651868779378,US,CD,focal,Description0,RT,10330.199999999255
SS1651868779378,US,CD,context,Description9,RT,17812.700000001118
SS1651868779378,US,CD,context,Description7,RT,10738.099999999627
SS1651868779378,US,CD,focal,Description5,RT,14723.299999998882
SS1651868779378,US,CD,context,Description2,RT,42269
SS1651868779378,US,CD,focal,Description5,RT,10434.299999998882
SS1651868779378,US,CD,context,Description3,RT,5811.700000001118
SS1651868779378,US,CD,focal,Description4,RT,3886.4000000003725
SS1651868779378,US,CD,context,Description2,RT,2483.199999999255
SS1651868779378,US,CD,context,Description7,RT,21220.900000000373
SS1651868779378,US,CD,context,Description1,RT,4759.10000000149
SS1651868779378,US,CD,context,Description1,RT,6018.800000000745
SS1651868779378,US,CD,focal,Description4,RT,8444.099999999627
SS1651868779378,US,CD,focal,Description4,RT,12588.199999999255
SS1651868779378,US,CD,focal,Description0,RT,41019.90000000037
SS1651868780067,US,CD,focal,Description0,RT,24427.299999952316
SS1651868780067,US,CD,focal,Description6,RT,27151
SS1651868780067,US,CD,focal,Description4,RT,18848.399999976158
SS1651868780067,US,CD,focal,Description0,RT,7040.799999952316
SS1651868780067,US,CD,focal,Description4,RT,31199.5
SS1651868780067,US,CD,context,Description7,RT,18526.899999976158
SS1651868780067,US,CD,context,Description7,RT,44841.799999952316
SS1651868780067,US,CD,context,Description2,RT,12266.899999976158
SS1651868780067,US,CD,focal,Description5,RT,42667
SS1651868780067,US,CD,context,Description19,RT,12177.699999928474
SS1651868780067,US,CD,context,Description3,RT,11710.800000071526
SS1651868780067,US,CD,context,Description2,RT,25914.900000095367
SS1651868780067,US,CD,context,Description3,RT,2445
SS1651868780067,US,CD,context,Description1,RT,46313
SS1651868780067,US,CD,focal,Description5,RT,31917.099999904633
SS1651868780067,US,CD,context,Description1,RT,8289.699999928474
SS1651868780067,US,CD,focal,Description6,RT,8414.5
SS1651868780067,US,CD,focal,Description4,RT,8450.100000023842
SS1651868780067,US,CD,focal,Description6,RT,3973.8000000715256
SS1651868780067,US,CD,focal,Description0,RT,19098.400000095367
SS1651868780067,US,CD,context,Description3,RT,15004
SS1651868780067,US,CD,focal,Description5,RT,9950.800000071526
SS1651868780067,US,CD,context,Description7,RT,3760.3000000715256
SS1651868780067,US,CD,context,Description2,RT,38893.299999952316
SS1651868780067,US,CD,context,Description1,RT,37795.89999997616
SS1651868780067,US,CD,focal,Description29,RT,12902.800000071526
SS1651868783532,US,CD,context,Description19,RT,5517.199999988079
SS1651868783532,US,CD,context,Description8,RT,3598.7999999821186
SS1651868783532,US,CD,focal,Description0,RT,13933.300000011921
SS1651868783532,US,CD,context,Description2,RT,2768.199999988079
SS1651868783532,US,CD,context,Description1,RT,4520.600000023842
SS1651868783532,US,CD,focal,Description6,RT,3100
SS1651868783532,US,CD,focal,Description5,RT,6452.199999988079
SS1651868783532,US,CD,context,Description2,RT,18919.100000023842
SS1651868783532,US,CD,context,Description2,RT,9589.09999999404
SS1651868783532,US,CD,focal,Description5,RT,14557.100000023842
SS1651868783532,US,CD,focal,Description6,RT,9291.09999999404
SS1651868783532,US,CD,focal,Description29,RT,8651.300000011921
SS1651868783532,US,CD,context,Description9,RT,29210.09999999404
SS1651868783532,US,CD,context,Description8,RT,1337.800000011921
SS1651868783532,US,CD,focal,Description0,RT,5059.4000000059605
SS1651868783532,US,CD,focal,Description6,RT,8308.5
SS1651868783532,US,CD,context,Description7,RT,8353.40000000596
SS1651868783532,US,CD,context,Description1,RT,12864
SS1651868783532,US,CD,context,Description3,RT,2605.9000000059605
SS1651868783532,US,CD,context,Description8,RT,15609.40000000596
SS1651868783532,US,CD,focal,Description0,RT,6365.0999999940395
SS1651868783532,US,CD,context,Description7,RT,26792.40000000596
SS1651868783532,US,CD,focal,Description5,RT,25364.90000000596
SS1651868783532,US,CD,context,Description3,RT,12787.59999999404
SS1651868783532,US,CD,context,Description1,RT,10044.5
SS1651868783532,US,CD,context,Description7,RT,4776.0999999940395
SS1651868783532,US,CD,context,Description3,RT,4024.199999988079
SS1651868784777,US,CD,focal,Description29,RT,2793
SS1651868784777,US,CD,context,Description1,RT,3133
SS1651868784777,US,CD,context,Description3,RT,1536
SS1651868784777,US,CD,context,Description3,RT,11893
SS1651868784777,US,CD,context,Description7,RT,1602
SS1651868784777,US,CD,context,Description7,RT,1841
SS1651868784777,US,CD,focal,Description6,RT,6881
SS1651868784777,US,CD,focal,Description0,RT,26218
SS1651868784777,US,CD,context,Description1,RT,9135
SS1651868784777,US,CD,focal,Description5,RT,6135
SS1651868784777,US,CD,focal,Description6,RT,8217
SS1651868784777,US,CD,focal,Description6,RT,4103
SS1651868784777,US,CD,context,Description2,RT,6821
SS1651868784777,US,CD,context,Description2,RT,17706
SS1651868784777,US,CD,focal,Description0,RT,11729
SS1651868784777,US,CD,context,Description9,RT,13400
SS1651868784777,US,CD,context,Description3,RT,2328
SS1651868784777,US,CD,context,Description2,RT,7760
SS1651868784777,US,CD,focal,Description4,RT,7590
SS1651868784777,US,CD,focal,Description4,RT,4123
SS1651868784777,US,CD,focal,Description5,RT,9431
SS1651868784777,US,CD,focal,Description4,RT,7592
SS1651868784777,US,CD,focal,Description0,RT,7349
SS1651868784777,US,CD,context,Description1,RT,3129
SS1651868784777,US,CD,focal,Description5,RT,7352
SS1651868784777,US,CD,context,Description19,RT,10124
SS1651868784777,US,CD,context,Description7,RT,8213
SS1651868788340,US,CD,focal,Description4,RT,22884.70000000298
SS1651868788340,US,CD,focal,Description0,RT,7484.9000000059605
SS1651868788340,US,CD,focal,Description0,RT,5827
SS1651868788340,US,CD,context,Description7,RT,20675.79999999702
SS1651868788340,US,CD,context,Description1,RT,8332.20000000298
SS1651868788340,US,CD,context,Description2,RT,5568.79999999702
SS1651868788340,US,CD,focal,Description4,RT,6007.29999999702
SS1651868788340,US,CD,context,Description19,RT,4047.300000011921
SS1651868788340,US,CD,focal,Description5,RT,19256.19999998808
SS1651868788340,US,CD,focal,Description6,RT,12497.90000000596
SS1651868788340,US,CD,context,Description2,RT,14968
SS1651868788340,US,CD,context,Description1,RT,7499.79999999702
SS1651868788340,US,CD,focal,Description5,RT,17877.59999999404
SS1651868788340,US,CD,focal,Description5,RT,4589.4000000059605
SS1651868788340,US,CD,context,Description9,RT,33405.70000000298
SS1651868788340,US,CD,focal,Description29,RT,5619.300000011921
SS1651868788340,US,CD,context,Description7,RT,2923.5999999940395
SS1651868788340,US,CD,focal,Description6,RT,8383.40000000596
SS1651868788340,US,CD,context,Description7,RT,21527.29999999702
SS1651868788340,US,CD,focal,Description4,RT,29978
SS1651868788340,US,CD,context,Description2,RT,4339.70000000298
SS1651868788340,US,CD,focal,Description0,RT,15248
SS1651868788340,US,CD,focal,Description6,RT,7311.79999999702
SS1651868788340,US,CD,context,Description1,RT,13144.20000000298
SS1651868788402,US,CD,focal,Description5,RT,4931.0999999940395
SS1651868788402,US,CD,focal,Description4,RT,13997.39999999106
SS1651868788402,US,CD,focal,Description0,RT,12729.20000000298
SS1651868788402,US,CD,context,Description2,RT,30609.39999999106
SS1651868788402,US,CD,focal,Description5,RT,18245.29999999702
SS1651868788402,US,CD,context,Description1,RT,5914.29999999702
SS1651868788402,US,CD,context,Description7,RT,2822.699999988079
SS1651868788402,US,CD,focal,Description4,RT,12930.10000000894
SS1651868788402,US,CD,context,Description9,RT,5880
SS1651868788402,US,CD,context,Description1,RT,6561.79999999702
SS1651868788402,US,CD,focal,Description29,RT,2332
SS1651868788402,US,CD,context,Description7,RT,9569.79999999702
SS1651868788402,US,CD,focal,Description6,RT,7340.5999999940395
SS1651868788402,US,CD,focal,Description4,RT,5115.0999999940395
SS1651868788402,US,CD,focal,Description6,RT,11578.5
SS1651868788402,US,CD,focal,Description0,RT,5834.79999999702
SS1651868788402,US,CD,context,Description1,RT,15919.79999999702
SS1651868788402,US,CD,context,Description2,RT,8315.5
SS1651868788402,US,CD,context,Description7,RT,19248.5
SS1651868788402,US,CD,focal,Description6,RT,7251.20000000298
SS1651868788402,US,CD,context,Description2,RT,12611.70000000298
SS1651868788402,US,CD,focal,Description5,RT,25365.70000000298
SS1651868788402,US,CD,focal,Description0,RT,24268.89999999106
SS1651868788402,US,CD,context,Description19,RT,8463.20000000298
SS1651868793732,US,CD,context,Description3,RT,31353.19999998808
SS1651868793732,US,CD,context,Description1,RT,30947.099999964237
SS1651868793732,US,CD,context,Description7,RT,50426.09999996424
SS1651868793732,US,CD,focal,Description0,RT,null
SS1651868793732,US,CD,context,Description1,RT,7149.300000011921
SS1651868793732,US,CD,focal,Description4,RT,34960.19999998808
SS1651868793732,US,CD,context,Description3,RT,11411.699999988079
SS1651868793732,US,CD,context,Description1,RT,20280.30000001192
SS1651868793732,US,CD,context,Description9,RT,33304.69999998808
SS1651868793732,US,CD,focal,Description0,RT,15916.099999964237
SS1651868793732,US,CD,focal,Description4,RT,31778.399999976158
SS1651868793732,US,CD,focal,Description0,RT,41298.5
SS1651868793732,US,CD,context,Description7,RT,19545.100000023842
SS1651868793732,US,CD,context,Description7,RT,21956
SS1651868793732,US,CD,focal,Description29,RT,10330.300000011921
SS1651868793732,US,CD,context,Description3,RT,8367.600000023842
SS1651868793732,US,CD,focal,Description6,RT,42487.69999998808
SS1651868793732,US,CD,focal,Description4,RT,9993.400000035763
SS1651868793732,US,CD,focal,Description6,RT,44551.89999997616
SS1651868793732,US,CD,focal,Description6,RT,24385.099999964237
SS1651868793732,US,CD,context,Description19,RT,22532.399999976158
SS1651868796147,US,CD,context,Description3,RT,3119.4000000059605
SS1651868796147,US,CD,context,Description7,RT,7623.5999999940395
SS1651868796147,US,CD,context,Description2,RT,6808.5
SS1651868796147,US,CD,focal,Description5,RT,6575.100000008941
SS1651868796147,US,CD,context,Description3,RT,3039.3999999910593
SS1651868796147,US,CD,focal,Description0,RT,10776.89999999106
SS1651868796147,US,CD,context,Description3,RT,8303.59999999404
SS1651868796147,US,CD,focal,Description29,RT,2984.0999999940395
SS1651868796147,US,CD,focal,Description4,RT,5377.5
SS1651868796147,US,CD,focal,Description5,RT,9081
SS1651868796147,US,CD,context,Description8,RT,2592.1000000089407
SS1651868796147,US,CD,focal,Description6,RT,2920.0999999940395
SS1651868796147,US,CD,focal,Description5,RT,6696.20000000298
SS1651868796147,US,CD,focal,Description0,RT,3064.2000000029802
SS1651868796147,US,CD,context,Description9,RT,17319
SS1651868796147,US,CD,focal,Description4,RT,5007.70000000298
SS1651868796147,US,CD,focal,Description0,RT,8049.4000000059605
SS1651868796147,US,CD,context,Description7,RT,4983.79999999702
SS1651868796147,US,CD,context,Description19,RT,5768.4000000059605
SS1651868796147,US,CD,context,Description8,RT,3361
SS1651868796147,US,CD,focal,Description6,RT,16447.20000000298
SS1651868796147,US,CD,context,Description1,RT,7033
SS1651868796147,US,CD,context,Description1,RT,6975.79999999702
SS1651868796147,US,CD,focal,Description6,RT,5640.29999999702
SS1651868796147,US,CD,context,Description1,RT,3063
SS1651868796147,US,CD,context,Description2,RT,4871.20000000298
SS1651868796147,US,CD,focal,Description4,RT,10056.90000000596
SS1651868796147,US,CD,context,Description7,RT,25265.20000000298
SS1651868796147,US,CD,context,Description2,RT,5456.300000011921
SS1651868796147,US,CD,context,Description8,RT,33863.09999999404
SS1651868796810,US,CD,focal,Description0,RT,null
SS1651868796810,US,CD,focal,Description6,RT,19402.10000000894
SS1651868796810,US,CD,focal,Description4,RT,17233
SS1651868796810,US,CD,focal,Description6,RT,38202.80000001192
SS1651868796810,US,CD,focal,Description0,RT,18597.09999999404
SS1651868796810,US,CD,context,Description19,RT,22698.90000000596
SS1651868796810,US,CD,context,Description1,RT,20643.5
SS1651868796810,US,CD,focal,Description29,RT,2356
SS1651868796810,US,CD,context,Description2,RT,39516.09999999404
SS1651868796810,US,CD,context,Description1,RT,14136.199999988079
SS1651868796810,US,CD,context,Description9,RT,27934.60000000894
SS1651868796810,US,CD,focal,Description0,RT,11677
SS1651868796810,US,CD,context,Description2,RT,9081.70000000298
SS1651868796810,US,CD,focal,Description5,RT,20456.90000000596
SS1651868796810,US,CD,context,Description1,RT,12342
SS1651868796810,US,CD,focal,Description5,RT,31940.20000000298
SS1651868796810,US,CD,focal,Description4,RT,18620.90000000596
SS1651868796810,US,CD,focal,Description6,RT,36685
SS1651868796810,US,CD,context,Description2,RT,6330.79999999702
SS1651868796810,US,CD,focal,Description4,RT,27974.79999999702
SS1651868796810,US,CD,focal,Description5,RT,5345
SS1651868799606,US,CD,context,Description7,RT,28864.89999961853
SS1651868799606,US,CD,focal,Description0,RT,21235.5
SS1651868799606,US,CD,context,Description3,RT,null
SS1651868799606,US,CD,focal,Description6,RT,4864.60000038147
SS1651868799606,US,CD,context,Description7,RT,28555.400000572205
SS1651868799606,US,CD,focal,Description4,RT,17093.60000038147
SS1651868799606,US,CD,context,Description3,RT,3584.8999996185303
SS1651868799606,US,CD,context,Description2,RT,26788.39999961853
SS1651868799606,US,CD,context,Description19,RT,14289.599999427795
SS1651868799606,US,CD,focal,Description29,RT,2519.800000190735
SS1651868799606,US,CD,context,Description3,RT,15551.699999809265
SS1651868799606,US,CD,context,Description2,RT,2638.699999809265
SS1651868799606,US,CD,focal,Description0,RT,8711.800000190735
SS1651868799606,US,CD,focal,Description0,RT,28080.199999809265
SS1651868799606,US,CD,context,Description1,RT,7945.799999237061
SS1651868799606,US,CD,focal,Description4,RT,6348
SS1651868799606,US,CD,focal,Description6,RT,4355.60000038147
SS1651868799606,US,CD,context,Description7,RT,10758.60000038147
SS1651868799606,US,CD,context,Description9,RT,16206
SS1651868799606,US,CD,focal,Description6,RT,20942.199999809265
SS1651868799606,US,CD,focal,Description4,RT,6234.300000190735
SS1651868799606,US,CD,context,Description1,RT,17352.39999961853
SS1651868799606,US,CD,context,Description2,RT,6834
SS1651868799606,US,CD,context,Description1,RT,8185.699999809265
SS1651868799606,US,CD,focal,Description5,RT,10225.79999923706
SS1651868799606,US,CD,focal,Description5,RT,4855.89999961853
SS1651868799606,US,CD,focal,Description5,RT,22021.5
SS1651868800189,US,CD,context,Description1,RT,9026.300000190735
SS1651868800189,US,CD,context,Description3,RT,3757.2999999523163
SS1651868800189,US,CD,focal,Description4,RT,6930.5
SS1651868800189,US,CD,context,Description7,RT,23173
SS1651868800189,US,CD,focal,Description0,RT,11301
SS1651868800189,US,CD,context,Description7,RT,7658.599999904633
SS1651868800189,US,CD,focal,Description6,RT,8831.199999809265
SS1651868800189,US,CD,context,Description2,RT,5847.699999809265
SS1651868800189,US,CD,focal,Description5,RT,10658.099999904633
SS1651868800189,US,CD,focal,Description4,RT,2670.7000000476837
SS1651868800189,US,CD,focal,Description6,RT,22641.099999904633
SS1651868800189,US,CD,focal,Description0,RT,5885.5
SS1651868800189,US,CD,focal,Description5,RT,2870.800000190735
SS1651868800189,US,CD,context,Description7,RT,2671.699999809265
SS1651868800189,US,CD,context,Description2,RT,2658.9000000953674
SS1651868800189,US,CD,context,Description1,RT,10588.5
SS1651868800189,US,CD,focal,Description6,RT,5302.200000047684
SS1651868800189,US,CD,focal,Description0,RT,12947.899999856949
SS1651868800189,US,CD,context,Description19,RT,5245
SS1651868800189,US,CD,context,Description3,RT,3016.7999999523163
SS1651868800189,US,CD,context,Description8,RT,2804.5999999046326
SS1651868800189,US,CD,context,Description2,RT,3520.7999999523163
SS1651868800189,US,CD,context,Description8,RT,27874
SS1651868800189,US,CD,context,Description9,RT,4030.5
SS1651868800189,US,CD,focal,Description29,RT,1939.6000001430511
SS1651868800189,US,CD,focal,Description4,RT,4428.799999952316
SS1651868800189,US,CD,context,Description8,RT,2769.5999999046326
SS1651868800189,US,CD,focal,Description5,RT,7986.300000190735
SS1651868800189,US,CD,context,Description3,RT,7661.900000095367
SS1651868800189,US,CD,context,Description1,RT,4537
SS1651868802451,US,CD,focal,Description6,RT,25518.200000047684
SS1651868802451,US,CD,focal,Description5,RT,15157.600000023842
SS1651868802451,US,CD,context,Description9,RT,32849.300000071526
SS1651868802451,US,CD,context,Description2,RT,29318.100000023842
SS1651868802451,US,CD,context,Description3,RT,12423
SS1651868802451,US,CD,context,Description1,RT,23506.800000071526
SS1651868802451,US,CD,context,Description3,RT,16694.400000095367
SS1651868802451,US,CD,context,Description7,RT,34863.39999997616
SS1651868802451,US,CD,focal,Description0,RT,31090.800000071526
SS1651868802451,US,CD,context,Description3,RT,21528.800000071526
SS1651868802451,US,CD,focal,Description4,RT,9657.699999928474
SS1651868802451,US,CD,focal,Description6,RT,22308.899999976158
SS1651868802451,US,CD,context,Description2,RT,7267.899999976158
SS1651868802451,US,CD,focal,Description0,RT,6998.300000071526
SS1651868802451,US,CD,focal,Description4,RT,12355.799999952316
SS1651868802451,US,CD,focal,Description5,RT,12593.900000095367
SS1651868802451,US,CD,context,Description2,RT,7864.699999928474
SS1651868802451,US,CD,focal,Description0,RT,36880.89999997616
SS1651868802451,US,CD,context,Description7,RT,13054.100000023842
SS1651868802451,US,CD,context,Description7,RT,7134.5
SS1651868802451,US,CD,context,Description19,RT,12016.299999952316
SS1651868802451,US,CD,focal,Description5,RT,4411.399999976158
SS1651868802451,US,CD,focal,Description6,RT,7003.600000023842
SS1651868802451,US,CD,context,Description1,RT,7870.700000047684
SS1651868802451,US,CD,focal,Description29,RT,3948.6999999284744
SS1651868802451,US,CD,context,Description1,RT,4368.600000023842
SS1651868802451,US,CD,focal,Description4,RT,16918.5
SS1651868810933,US,CD,focal,Description6,RT,1462.699999999255
SS1651868810933,US,CD,focal,Description0,RT,17315
SS1651868810933,US,CD,context,Description1,RT,4036.599999997765
SS1651868810933,US,CD,context,Description2,RT,16671
SS1651868810933,US,CD,focal,Description4,RT,27439.39999999851
SS1651868810933,US,CD,context,Description2,RT,11224.599999997765
SS1651868810933,US,CD,context,Description8,RT,2149.7000000029802
SS1651868810933,US,CD,context,Description8,RT,2344.400000002235
SS1651868810933,US,CD,focal,Description29,RT,1454
SS1651868810933,US,CD,focal,Description4,RT,18480.099999997765
SS1651868810933,US,CD,focal,Description6,RT,11206.400000002235
SS1651868810933,US,CD,context,Description1,RT,8692.699999999255
SS1651868810933,US,CD,focal,Description4,RT,4795.800000000745
SS1651868810933,US,CD,context,Description8,RT,12722.10000000149
SS1651868810933,US,CD,focal,Description0,RT,16256
SS1651868810933,US,CD,focal,Description0,RT,8843
SS1651868810933,US,CD,focal,Description5,RT,4767.5
SS1651868810933,US,CD,context,Description1,RT,8828.699999999255
SS1651868810933,US,CD,focal,Description6,RT,4241.89999999851
SS1651868810933,US,CD,focal,Description5,RT,6354.5
SS1651868810933,US,CD,focal,Description5,RT,5453.20000000298
SS1651868810933,US,CD,context,Description19,RT,4305.199999999255
SS1651868810933,US,CD,context,Description7,RT,14802.099999997765
SS1651868810933,US,CD,context,Description7,RT,26634.199999999255
SS1651868810933,US,CD,context,Description2,RT,2355.199999999255
SS1651868810933,US,CD,context,Description7,RT,2171.7999999970198
SS1651868811761,US,CD,context,Description7,RT,13340.100000023842
SS1651868811761,US,CD,focal,Description6,RT,6932
SS1651868811761,US,CD,focal,Description29,RT,3235.3000000715256
SS1651868811761,US,CD,focal,Description0,RT,4765
SS1651868811761,US,CD,context,Description2,RT,2792.9000000953674
SS1651868811761,US,CD,focal,Description6,RT,4134.800000071526
SS1651868811761,US,CD,context,Description9,RT,6710.100000023842
SS1651868811761,US,CD,focal,Description4,RT,5431.300000071526
SS1651868811761,US,CD,context,Description1,RT,3483
SS1651868811761,US,CD,focal,Description5,RT,5410.799999952316
SS1651868811761,US,CD,focal,Description4,RT,7377.5
SS1651868811761,US,CD,context,Description1,RT,3474
SS1651868811761,US,CD,context,Description3,RT,11957.5
SS1651868811761,US,CD,focal,Description6,RT,14589.799999952316
SS1651868811761,US,CD,context,Description2,RT,13130.600000023842
SS1651868811761,US,CD,context,Description7,RT,4108.799999952316
SS1651868811761,US,CD,context,Description2,RT,21574
SS1651868811761,US,CD,context,Description3,RT,1929.8999999761581
SS1651868811761,US,CD,context,Description19,RT,4183.899999976158
SS1651868811761,US,CD,focal,Description5,RT,3010.6999999284744
SS1651868811761,US,CD,context,Description3,RT,2202.5999999046326
SS1651868811761,US,CD,focal,Description0,RT,4128.299999952316
SS1651868811761,US,CD,focal,Description5,RT,7207.100000023842
SS1651868811761,US,CD,focal,Description0,RT,6806.600000023842
SS1651868811761,US,CD,context,Description1,RT,3915.899999976158
SS1651868811761,US,CD,focal,Description4,RT,8040.199999928474
SS1651868811761,US,CD,context,Description7,RT,3582.7999999523163
SS1651868811860,US,CD,focal,Description6,RT,20804.599999904633
SS1651868811860,US,CD,focal,Description5,RT,45355.59999990463
SS1651868811860,US,CD,focal,Description29,RT,4014.9000000953674
SS1651868811860,US,CD,focal,Description4,RT,24026.60000014305
SS1651868811860,US,CD,context,Description19,RT,9865.799999952316
SS1651868811860,US,CD,context,Description7,RT,null
SS1651868811860,US,CD,context,Description3,RT,8376.900000095367
SS1651868811860,US,CD,context,Description3,RT,17520.60000014305
SS1651868811860,US,CD,context,Description1,RT,6026
SS1651868811860,US,CD,context,Description2,RT,10556.700000047684
SS1651868811860,US,CD,focal,Description0,RT,9185.099999904633
SS1651868811860,US,CD,focal,Description6,RT,9178.400000095367
SS1651868811860,US,CD,context,Description2,RT,16133
SS1651868811860,US,CD,context,Description7,RT,10408.5
SS1651868811860,US,CD,context,Description1,RT,14218.400000095367
SS1651868811860,US,CD,focal,Description6,RT,15369
SS1651868811860,US,CD,context,Description2,RT,12115.299999952316
SS1651868811860,US,CD,context,Description1,RT,19062
SS1651868811860,US,CD,focal,Description5,RT,10463.900000095367
SS1651868811860,US,CD,focal,Description5,RT,5764.400000095367
SS1651868811860,US,CD,focal,Description0,RT,14207.399999856949
SS1651868811860,US,CD,context,Description3,RT,12764.600000143051
SS1651868811860,US,CD,focal,Description4,RT,7436.400000095367
SS1651868811860,US,CD,context,Description7,RT,15276
SS1651868811860,US,CD,focal,Description4,RT,6420.600000143051
SS1651868811860,US,CD,context,Description9,RT,12593.200000047684
SS1651868811860,US,CD,focal,Description0,RT,18254.400000095367
SS1651868812123,US,CD,context,Description7,RT,13895.799999998882
SS1651868812123,US,CD,context,Description1,RT,8914.700000001118
SS1651868812123,US,CD,focal,Description4,RT,2834.5999999996275
SS1651868812123,US,CD,context,Description2,RT,10948.099999999627
SS1651868812123,US,CD,focal,Description5,RT,6864.799999998882
SS1651868812123,US,CD,focal,Description0,RT,4500.0999999996275
SS1651868812123,US,CD,context,Description7,RT,19132.699999999255
SS1651868812123,US,CD,context,Description1,RT,9836.200000001118
SS1651868812123,US,CD,context,Description2,RT,18033.400000000373
SS1651868812123,US,CD,focal,Description6,RT,7859.800000000745
SS1651868812123,US,CD,focal,Description5,RT,8968.700000001118
SS1651868812123,US,CD,focal,Description4,RT,2367
SS1651868812123,US,CD,focal,Description5,RT,4737.60000000149
SS1651868812123,US,CD,focal,Description6,RT,3221.4000000003725
SS1651868812123,US,CD,context,Description3,RT,1778.5
SS1651868812123,US,CD,focal,Description4,RT,9291.699999999255
SS1651868812123,US,CD,focal,Description6,RT,9975.900000000373
SS1651868812123,US,CD,context,Description1,RT,2803.0999999996275
SS1651868812123,US,CD,context,Description9,RT,11504
SS1651868812123,US,CD,focal,Description0,RT,15270.199999999255
SS1651868812123,US,CD,context,Description7,RT,3786.300000000745
SS1651868812123,US,CD,context,Description2,RT,1673.0999999996275
SS1651868812123,US,CD,context,Description3,RT,2159.5999999996275
SS1651868812123,US,CD,context,Description3,RT,5571.200000001118
SS1651868812123,US,CD,context,Description19,RT,3588.4000000003725
SS1651868812123,US,CD,focal,Description0,RT,4281.199999999255
SS1651868812123,US,CD,focal,Description29,RT,1604.4000000003725
SS1651868816028,US,CD,focal,Description29,RT,5650.899999976158
SS1651868816028,US,CD,context,Description2,RT,9553.300000011921
SS1651868816028,US,CD,context,Description7,RT,20054.599999964237
SS1651868816028,US,CD,context,Description1,RT,10690.099999964237
SS1651868816028,US,CD,context,Description3,RT,7831.900000035763
SS1651868816028,US,CD,focal,Description4,RT,8519.900000035763
SS1651868816028,US,CD,context,Description2,RT,2320.699999988079
SS1651868816028,US,CD,focal,Description5,RT,13580.399999976158
SS1651868816028,US,CD,focal,Description5,RT,14748.400000035763
SS1651868816028,US,CD,context,Description8,RT,2088.199999988079
SS1651868816028,US,CD,context,Description19,RT,5658.699999988079
SS1651868816028,US,CD,context,Description8,RT,2604.5
SS1651868816028,US,CD,focal,Description4,RT,5662.200000047684
SS1651868816028,US,CD,context,Description3,RT,1803.3999999761581
SS1651868816028,US,CD,focal,Description5,RT,5235.5
SS1651868816028,US,CD,focal,Description6,RT,5538.199999988079
SS1651868816028,US,CD,focal,Description0,RT,18269.399999976158
SS1651868816028,US,CD,focal,Description6,RT,3084.7000000476837
SS1651868816028,US,CD,focal,Description6,RT,4247.400000035763
SS1651868816028,US,CD,context,Description8,RT,10754.400000035763
SS1651868816028,US,CD,focal,Description4,RT,1773.199999988079
SS1651868816028,US,CD,focal,Description0,RT,8875.699999988079
SS1651868816028,US,CD,context,Description1,RT,2998.199999988079
SS1651868816028,US,CD,context,Description7,RT,3022.5
SS1651868816028,US,CD,context,Description2,RT,5489.200000047684
SS1651868816028,US,CD,context,Description3,RT,3512.5
SS1651868816028,US,CD,focal,Description0,RT,12990.5
SS1651868816028,US,CD,context,Description7,RT,3431.300000011921
SS1651868816028,US,CD,context,Description1,RT,3377.2999999523163
SS1651868820237,US,CD,context,Description8,RT,9691.699999999255
SS1651868820237,US,CD,focal,Description4,RT,4866.200000001118
SS1651868820237,US,CD,context,Description7,RT,2971.2000000011176
SS1651868820237,US,CD,context,Description3,RT,1650.199999999255
SS1651868820237,US,CD,focal,Description5,RT,5528.5
SS1651868820237,US,CD,context,Description9,RT,5217.5999999996275
SS1651868820237,US,CD,focal,Description6,RT,4525.699999999255
SS1651868820237,US,CD,focal,Description5,RT,7561.39999999851
SS1651868820237,US,CD,context,Description1,RT,3294.9000000003725
SS1651868820237,US,CD,context,Description3,RT,1750.7000000011176
SS1651868820237,US,CD,focal,Description0,RT,13577.300000000745
SS1651868820237,US,CD,focal,Description6,RT,11425
SS1651868820237,US,CD,context,Description2,RT,3579
SS1651868820237,US,CD,focal,Description0,RT,7628.89999999851
SS1651868820237,US,CD,focal,Description0,RT,9116.900000000373
SS1651868820237,US,CD,context,Description2,RT,5606.5999999996275
SS1651868820237,US,CD,focal,Description5,RT,29159.700000001118
SS1651868820237,US,CD,context,Description1,RT,5187.4000000003725
SS1651868820237,US,CD,focal,Description29,RT,1805.5
SS1651868820237,US,CD,context,Description1,RT,2850.10000000149
SS1651868820237,US,CD,context,Description19,RT,4431.199999999255
SS1651868820237,US,CD,context,Description8,RT,2360.39999999851
SS1651868820237,US,CD,context,Description2,RT,20116.5
SS1651868820237,US,CD,focal,Description4,RT,3005.5
SS1651868820237,US,CD,focal,Description6,RT,4490.300000000745
SS1651868820237,US,CD,context,Description3,RT,5578.5
SS1651868820237,US,CD,context,Description7,RT,6458.9000000003725
SS1651868820237,US,CD,context,Description7,RT,2274.2000000011176
SS1651868820237,US,CD,focal,Description4,RT,2473.7999999988824
SS1651868820237,US,CD,context,Description8,RT,2538.199999999255
SS1651868826063,US,CD,focal,Description4,RT,44348.90000009537
SS1651868826063,US,CD,focal,Description0,RT,52499
SS1651868826063,US,CD,context,Description2,RT,4957.5
SS1651868826063,US,CD,focal,Description29,RT,3129.100000143051
SS1651868826063,US,CD,focal,Description5,RT,20395.700000047684
SS1651868826063,US,CD,focal,Description5,RT,48024.5
SS1651868826063,US,CD,focal,Description0,RT,10896.900000095367
SS1651868826063,US,CD,focal,Description5,RT,18477.39999985695
SS1651868826063,US,CD,context,Description19,RT,32746
SS1651868826063,US,CD,focal,Description4,RT,5398.299999952316
SS1651868826063,US,CD,focal,Description6,RT,14396.900000095367
SS1651868826063,US,CD,focal,Description6,RT,39649.39999985695
SS1651868826063,US,CD,context,Description3,RT,3873.5
SS1651868826063,US,CD,context,Description3,RT,7852.299999952316
SS1651868826063,US,CD,context,Description2,RT,5805.700000047684
SS1651868826063,US,CD,context,Description2,RT,38538.39999985695
SS1651868826063,US,CD,focal,Description6,RT,21051.599999904633
SS1651868826063,US,CD,focal,Description4,RT,5025.799999952316
SS1651868826063,US,CD,context,Description3,RT,4401.099999904633
SS1651868826063,US,CD,focal,Description0,RT,16985.60000014305
SS1651868827795,US,CD,focal,Description0,RT,35735.59999999404
SS1651868827795,US,CD,focal,Description6,RT,6368.5
SS1651868827795,US,CD,context,Description1,RT,7002.699999988079
SS1651868827795,US,CD,context,Description2,RT,9653.699999988079
SS1651868827795,US,CD,focal,Description5,RT,14831.200000017881
SS1651868827795,US,CD,focal,Description6,RT,7798.399999976158
SS1651868827795,US,CD,focal,Description4,RT,7995.299999982119
SS1651868827795,US,CD,context,Description1,RT,16084.90000000596
SS1651868827795,US,CD,focal,Description6,RT,7728.5
SS1651868827795,US,CD,context,Description9,RT,13118.199999988079
SS1651868827795,US,CD,context,Description7,RT,8471.699999988079
SS1651868827795,US,CD,context,Description1,RT,20841.40000000596
SS1651868827795,US,CD,focal,Description5,RT,4277.4000000059605
SS1651868827795,US,CD,context,Description19,RT,8850.5
SS1651868827795,US,CD,context,Description2,RT,5333.9000000059605
SS1651868827795,US,CD,focal,Description0,RT,4929
SS1651868827795,US,CD,focal,Description4,RT,9873
SS1651868827795,US,CD,context,Description2,RT,11076.199999988079
SS1651868827795,US,CD,context,Description3,RT,37649.59999999404
SS1651868827795,US,CD,context,Description7,RT,19119.29999998212
SS1651868827795,US,CD,focal,Description29,RT,6158.4000000059605
SS1651868827795,US,CD,focal,Description5,RT,5615.4000000059605
SS1651868827795,US,CD,context,Description7,RT,10148.199999988079
SS1651868827795,US,CD,focal,Description0,RT,33728
SS1651868827795,US,CD,context,Description3,RT,1897.5
SS1651868827795,US,CD,focal,Description4,RT,13631.09999999404
SS1651868827795,US,CD,context,Description3,RT,5600.5999999940395
SS1651868828049,US,CD,context,Description3,RT,11298.799999999814
SS1651868828049,US,CD,focal,Description0,RT,5760.399999999907
SS1651868828049,US,CD,context,Description7,RT,2939.7999999998137
SS1651868828049,US,CD,context,Description19,RT,8059.300000000279
SS1651868828049,US,CD,focal,Description4,RT,8084.899999999907
SS1651868828049,US,CD,focal,Description29,RT,10195.900000000373
SS1651868828049,US,CD,context,Description8,RT,2362
SS1651868828049,US,CD,context,Description7,RT,4691
SS1651868828049,US,CD,context,Description1,RT,9412.5
SS1651868828049,US,CD,context,Description2,RT,37895.80000000028
SS1651868828049,US,CD,context,Description2,RT,8128.899999999907
SS1651868828049,US,CD,focal,Description6,RT,4619.600000000093
SS1651868828049,US,CD,context,Description8,RT,3362.7999999998137
SS1651868828049,US,CD,focal,Description5,RT,6445.700000000186
SS1651868828049,US,CD,context,Description1,RT,3416.7999999998137
SS1651868828049,US,CD,focal,Description0,RT,2052.5
SS1651868828049,US,CD,context,Description3,RT,1859
SS1651868828049,US,CD,focal,Description5,RT,6929.800000000279
SS1651868828049,US,CD,focal,Description4,RT,6771.399999999907
SS1651868828049,US,CD,focal,Description0,RT,10450.600000000093
SS1651868828049,US,CD,focal,Description6,RT,6539.5999999996275
SS1651868828049,US,CD,context,Description1,RT,4409.600000000093
SS1651868828049,US,CD,focal,Description6,RT,2467.899999999907
SS1651868828049,US,CD,context,Description7,RT,3595.7000000001863
SS1651868828049,US,CD,focal,Description5,RT,5690.100000000093
SS1651868828049,US,CD,context,Description2,RT,1790.5
SS1651868828049,US,CD,context,Description9,RT,4767.800000000279
SS1651868828049,US,CD,focal,Description4,RT,3737.3000000002794
SS1651868828049,US,CD,context,Description8,RT,8434.600000000093
SS1651868828049,US,CD,context,Description3,RT,7387.4000000003725
SS1651868830966,US,CD,focal,Description0,RT,14806.200000047684
SS1651868830966,US,CD,focal,Description0,RT,4865.800000190735
SS1651868830966,US,CD,focal,Description5,RT,7253.299999952316
SS1651868830966,US,CD,context,Description19,RT,3710.4000000953674
SS1651868830966,US,CD,context,Description2,RT,3582.2999999523163
SS1651868830966,US,CD,context,Description3,RT,3357.5999999046326
SS1651868830966,US,CD,context,Description7,RT,3520.5
SS1651868830966,US,CD,focal,Description4,RT,6903
SS1651868830966,US,CD,focal,Description4,RT,5947.199999809265
SS1651868830966,US,CD,focal,Description0,RT,10366.299999952316
SS1651868830966,US,CD,focal,Description5,RT,2979.7999999523163
SS1651868830966,US,CD,focal,Description5,RT,3869.899999856949
SS1651868830966,US,CD,context,Description7,RT,2079.2000000476837
SS1651868830966,US,CD,focal,Description6,RT,19400.5
SS1651868830966,US,CD,context,Description7,RT,36659.700000047684
SS1651868830966,US,CD,focal,Description29,RT,2333.699999809265
SS1651868830966,US,CD,focal,Description6,RT,4562.299999952316
SS1651868830966,US,CD,context,Description3,RT,2424.0999999046326
SS1651868830966,US,CD,context,Description3,RT,12069.600000143051
SS1651868830966,US,CD,context,Description2,RT,11560.900000095367
SS1651868830966,US,CD,focal,Description4,RT,7807.599999904633
SS1651868830966,US,CD,focal,Description6,RT,6067.5
SS1651868830966,US,CD,context,Description2,RT,6641.700000047684
SS1651868834466,US,CD,context,Description19,RT,4457.5
SS1651868834466,US,CD,context,Description7,RT,9736.199999988079
SS1651868834466,US,CD,focal,Description5,RT,8003.199999988079
SS1651868834466,US,CD,context,Description2,RT,13089.399999976158
SS1651868834466,US,CD,context,Description3,RT,5953.199999988079
SS1651868834466,US,CD,context,Description2,RT,7131.199999988079
SS1651868834466,US,CD,context,Description7,RT,14458.800000011921
SS1651868834466,US,CD,focal,Description4,RT,7185.100000023842
SS1651868834466,US,CD,context,Description1,RT,6138.899999976158
SS1651868834466,US,CD,context,Description3,RT,2752.100000023842
SS1651868834466,US,CD,context,Description1,RT,2593.100000023842
SS1651868834466,US,CD,context,Description9,RT,6913.5
SS1651868834466,US,CD,context,Description2,RT,5444.700000047684
SS1651868834466,US,CD,focal,Description29,RT,9371.099999964237
SS1651868834466,US,CD,focal,Description5,RT,5385.699999988079
SS1651868834466,US,CD,focal,Description5,RT,11497.699999988079
SS1651868834466,US,CD,focal,Description0,RT,17074.100000023842
SS1651868834466,US,CD,focal,Description4,RT,3121.100000023842
SS1651868834466,US,CD,focal,Description6,RT,3247.2999999523163
SS1651868834466,US,CD,context,Description8,RT,34474.30000001192
SS1651868834466,US,CD,focal,Description0,RT,31707.19999998808
SS1651868834466,US,CD,context,Description7,RT,2673
SS1651868834466,US,CD,focal,Description4,RT,6090.399999976158
SS1651868834466,US,CD,context,Description8,RT,2628.400000035763
SS1651868834466,US,CD,context,Description8,RT,3220.399999976158
SS1651868834466,US,CD,focal,Description0,RT,3736.199999988079
SS1651868834466,US,CD,focal,Description6,RT,5516.800000011921
SS1651868834466,US,CD,context,Description3,RT,8239.699999988079
SS1651868834466,US,CD,focal,Description6,RT,9377.100000023842
SS1651868834466,US,CD,context,Description1,RT,3622.599999964237
SS1651868837282,US,CD,context,Description1,RT,10540.59999999404
SS1651868837282,US,CD,context,Description2,RT,4865.29999999702
SS1651868837282,US,CD,context,Description1,RT,6769.20000000298
SS1651868837282,US,CD,context,Description1,RT,13357.90000000596
SS1651868837282,US,CD,context,Description7,RT,8558.90000000596
SS1651868837282,US,CD,context,Description7,RT,3949.6000000089407
SS1651868837282,US,CD,context,Description3,RT,4599.20000000298
SS1651868837282,US,CD,context,Description9,RT,25067.10000000894
SS1651868837282,US,CD,focal,Description6,RT,10834.79999999702
SS1651868837282,US,CD,focal,Description5,RT,14404.60000000894
SS1651868837282,US,CD,focal,Description4,RT,7157
SS1651868837282,US,CD,focal,Description6,RT,8289
SS1651868837282,US,CD,context,Description3,RT,5154.79999999702
SS1651868837282,US,CD,context,Description2,RT,4920.0999999940395
SS1651868837282,US,CD,focal,Description0,RT,5985.399999991059
SS1651868837282,US,CD,focal,Description5,RT,7464.29999999702
SS1651868837282,US,CD,context,Description19,RT,7632.0999999940395
SS1651868837282,US,CD,context,Description3,RT,15156.70000000298
SS1651868837282,US,CD,focal,Description29,RT,2016.199999988079
SS1651868837282,US,CD,focal,Description4,RT,3813
SS1651868837282,US,CD,focal,Description6,RT,4359.899999991059
SS1651868837282,US,CD,focal,Description5,RT,11217.79999999702
SS1651868837282,US,CD,focal,Description4,RT,6785.899999991059
SS1651868837282,US,CD,focal,Description0,RT,4067.4000000059605
SS1651868837282,US,CD,context,Description2,RT,6578.4000000059605
SS1651868837282,US,CD,context,Description7,RT,42928.70000000298
SS1651868837282,US,CD,focal,Description0,RT,2969.4000000059605
SS1651868839906,US,CD,focal,Description0,RT,3648.300000011921
SS1651868839906,US,CD,focal,Description5,RT,4212.600000023842
SS1651868839906,US,CD,context,Description2,RT,4745.099999964237
SS1651868839906,US,CD,context,Description1,RT,2832.300000011921
SS1651868839906,US,CD,focal,Description5,RT,3443.900000035763
SS1651868839906,US,CD,focal,Description6,RT,18067.19999998808
SS1651868839906,US,CD,context,Description7,RT,3453
SS1651868839906,US,CD,focal,Description4,RT,5321.5
SS1651868839906,US,CD,focal,Description5,RT,1740.5999999642372
SS1651868839906,US,CD,context,Description7,RT,2318.5
SS1651868839906,US,CD,context,Description1,RT,4791.199999988079
SS1651868839906,US,CD,context,Description7,RT,9470.399999976158
SS1651868839906,US,CD,focal,Description4,RT,3557.600000023842
SS1651868839906,US,CD,focal,Description4,RT,15338.100000023842
SS1651868839906,US,CD,context,Description3,RT,2460.399999976158
SS1651868839906,US,CD,context,Description9,RT,6947.5
SS1651868839906,US,CD,context,Description2,RT,12622.300000011921
SS1651868839906,US,CD,focal,Description0,RT,3785.899999976158
SS1651868839906,US,CD,focal,Description29,RT,1543.1000000238419
SS1651868839906,US,CD,context,Description3,RT,2810.5
SS1651868839906,US,CD,focal,Description6,RT,1644.5999999642372
SS1651868839906,US,CD,context,Description3,RT,1847
SS1651868839906,US,CD,context,Description2,RT,3251.600000023842
SS1651868839906,US,CD,focal,Description0,RT,2906.699999988079
SS1651868839906,US,CD,context,Description1,RT,6464.100000023842
SS1651868839906,US,CD,context,Description19,RT,3213.400000035763
SS1651868839906,US,CD,focal,Description6,RT,4107.399999976158
SS1651868840289,US,CD,context,Description7,RT,6024.4000000059605
SS1651868840289,US,CD,context,Description2,RT,10114.100000023842
SS1651868840289,US,CD,context,Description2,RT,3467
SS1651868840289,US,CD,focal,Description0,RT,3608.600000023842
SS1651868840289,US,CD,context,Description8,RT,33009.20000001788
SS1651868840289,US,CD,focal,Description0,RT,20311.59999999404
SS1651868840289,US,CD,focal,Description6,RT,7310.700000017881
SS1651868840289,US,CD,context,Description8,RT,4655.9000000059605
SS1651868840289,US,CD,context,Description8,RT,4141.5
SS1651868840289,US,CD,context,Description1,RT,7256.199999988079
SS1651868840289,US,CD,focal,Description4,RT,11266.699999988079
SS1651868840289,US,CD,context,Description7,RT,6139.4000000059605
SS1651868840289,US,CD,context,Description3,RT,2108.5999999940395
SS1651868840289,US,CD,focal,Description6,RT,6711
SS1651868840289,US,CD,focal,Description4,RT,6807.399999976158
SS1651868840289,US,CD,context,Description1,RT,12177.5
SS1651868840289,US,CD,context,Description7,RT,46403.30000001192
SS1651868840289,US,CD,context,Description3,RT,11578.40000000596
SS1651868840289,US,CD,focal,Description4,RT,10735.699999988079
SS1651868840289,US,CD,focal,Description5,RT,5971
SS1651868840289,US,CD,context,Description9,RT,5327.4000000059605
SS1651868840289,US,CD,focal,Description6,RT,5839
SS1651868840289,US,CD,focal,Description29,RT,2372.7999999821186
SS1651868840289,US,CD,context,Description1,RT,3062.2999999821186
SS1651868840289,US,CD,context,Description2,RT,7717.0999999940395
SS1651868840289,US,CD,context,Description3,RT,1667.5
SS1651868840289,US,CD,focal,Description5,RT,4036.4000000059605
SS1651868840289,US,CD,context,Description19,RT,3646.5
SS1651868840289,US,CD,focal,Description0,RT,18478.100000023842
SS1651868840289,US,CD,focal,Description5,RT,18650
SS1651868850581,US,CD,focal,Description4,RT,4471
SS1651868850581,US,CD,context,Description7,RT,4233.699999988079
SS1651868850581,US,CD,focal,Description0,RT,8766
SS1651868850581,US,CD,context,Description19,RT,2306.399999976158
SS1651868850581,US,CD,focal,Description6,RT,8774.600000023842
SS1651868850581,US,CD,context,Description7,RT,2417.899999976158
SS1651868850581,US,CD,context,Description1,RT,8898.5
SS1651868850581,US,CD,context,Description7,RT,null
SS1651868850581,US,CD,context,Description1,RT,3821.600000023842
SS1651868850581,US,CD,focal,Description0,RT,5557.800000011921
SS1651868850581,US,CD,focal,Description6,RT,7922.300000011921
SS1651868850581,US,CD,focal,Description5,RT,3597.399999976158
SS1651868850581,US,CD,focal,Description0,RT,2425.300000011921
SS1651868850581,US,CD,focal,Description5,RT,1886.199999988079
SS1651868850581,US,CD,context,Description9,RT,4838.5
SS1651868850581,US,CD,context,Description2,RT,1825.199999988079
SS1651868850581,US,CD,context,Description2,RT,5753.800000011921
SS1651868850581,US,CD,focal,Description4,RT,6157.699999988079
SS1651868850581,US,CD,context,Description2,RT,8101.900000035763
SS1651868850581,US,CD,focal,Description4,RT,4777.099999964237
SS1651868850581,US,CD,context,Description3,RT,1533.6000000238419
SS1651868850581,US,CD,focal,Description29,RT,1605.8999999761581
SS1651868850581,US,CD,context,Description3,RT,1610
SS1651868850581,US,CD,focal,Description6,RT,2776.800000011921
SS1651868850581,US,CD,context,Description3,RT,5321.099999964237
SS1651868850581,US,CD,context,Description1,RT,1625.9000000357628
SS1651868850581,US,CD,focal,Description5,RT,2868.800000011921
SS1651868852345,US,CD,focal,Description6,RT,8984.199999988079
SS1651868852345,US,CD,context,Description8,RT,2686.800000011921
SS1651868852345,US,CD,focal,Description6,RT,16167.800000011921
SS1651868852345,US,CD,focal,Description5,RT,21214.80000001192
SS1651868852345,US,CD,context,Description3,RT,5655.599999964237
SS1651868852345,US,CD,context,Description3,RT,9239.399999976158
SS1651868852345,US,CD,focal,Description0,RT,6029.800000011921
SS1651868852345,US,CD,context,Description7,RT,5533.200000047684
SS1651868852345,US,CD,context,Description3,RT,2605.100000023842
SS1651868852345,US,CD,focal,Description5,RT,3742.100000023842
SS1651868852345,US,CD,focal,Description0,RT,15631.199999988079
SS1651868852345,US,CD,context,Description1,RT,2996.900000035763
SS1651868852345,US,CD,context,Description9,RT,7654.800000011921
SS1651868852345,US,CD,context,Description1,RT,6605.799999952316
SS1651868852345,US,CD,context,Description7,RT,6383.300000011921
SS1651868852345,US,CD,context,Description2,RT,13028.899999976158
SS1651868852345,US,CD,focal,Description4,RT,7069.399999976158
SS1651868852345,US,CD,context,Description8,RT,14199.699999988079
SS1651868852345,US,CD,context,Description8,RT,10951.600000023842
SS1651868852345,US,CD,context,Description7,RT,4845.699999988079
SS1651868852345,US,CD,context,Description19,RT,3741.7000000476837
SS1651868852345,US,CD,context,Description2,RT,5023
SS1651868852345,US,CD,focal,Description29,RT,3740.599999964237
SS1651868852345,US,CD,focal,Description0,RT,10950.100000023842
SS1651868852345,US,CD,focal,Description6,RT,2268.399999976158
SS1651868852345,US,CD,context,Description2,RT,2365.899999976158
SS1651868852345,US,CD,focal,Description4,RT,5149
SS1651868852345,US,CD,focal,Description4,RT,5748.599999964237
SS1651868852345,US,CD,context,Description1,RT,5805.199999988079
SS1651868852345,US,CD,focal,Description5,RT,2996.399999976158
SS1651868868975,US,CD,focal,Description6,RT,9701.5
SS1651868868975,US,CD,context,Description9,RT,6700.699999999255
SS1651868868975,US,CD,focal,Description4,RT,10528.5
SS1651868868975,US,CD,focal,Description6,RT,6516.699999999255
SS1651868868975,US,CD,context,Description1,RT,3423.5
SS1651868868975,US,CD,context,Description7,RT,4898
SS1651868868975,US,CD,context,Description19,RT,4720.39999999851
SS1651868868975,US,CD,context,Description2,RT,3428.5
SS1651868868975,US,CD,focal,Description5,RT,6811.699999999255
SS1651868868975,US,CD,context,Description1,RT,6695.900000002235
SS1651868868975,US,CD,focal,Description4,RT,3473.60000000149
SS1651868868975,US,CD,context,Description7,RT,13798.699999999255
SS1651868868975,US,CD,context,Description3,RT,1573.1000000014901
SS1651868868975,US,CD,context,Description2,RT,6696.5
SS1651868868975,US,CD,focal,Description29,RT,4275.60000000149
SS1651868868975,US,CD,context,Description3,RT,2205.300000000745
SS1651868868975,US,CD,focal,Description4,RT,4139.199999999255
SS1651868868975,US,CD,focal,Description0,RT,9430.5
SS1651868868975,US,CD,context,Description2,RT,18819.5
SS1651868868975,US,CD,focal,Description5,RT,8668.5
SS1651868868975,US,CD,context,Description1,RT,4194.199999999255
SS1651868868975,US,CD,context,Description3,RT,20175.60000000149
SS1651868868975,US,CD,focal,Description6,RT,4240.60000000149
SS1651868868975,US,CD,context,Description7,RT,44310.60000000149
SS1651868868975,US,CD,focal,Description0,RT,8013.699999999255
SS1651868868975,US,CD,focal,Description0,RT,20739.39999999851
SS1651868868975,US,CD,focal,Description5,RT,4190.599999997765
SS1651868873914,US,CD,focal,Description0,RT,null
SS1651868873914,US,CD,focal,Description4,RT,9901.100000143051
SS1651868873914,US,CD,context,Description7,RT,10956.300000190735
SS1651868873914,US,CD,focal,Description29,RT,2484.4000000953674
SS1651868873914,US,CD,focal,Description5,RT,12085.799999952316
SS1651868873914,US,CD,context,Description1,RT,17884.599999904633
SS1651868873914,US,CD,context,Description3,RT,19051.200000047684
SS1651868873914,US,CD,context,Description9,RT,15860.700000047684
SS1651868873914,US,CD,focal,Description6,RT,6784
SS1651868873914,US,CD,focal,Description0,RT,14723.799999952316
SS1651868873914,US,CD,context,Description19,RT,8203.5
SS1651868873914,US,CD,focal,Description5,RT,9346.700000047684
SS1651868873914,US,CD,context,Description7,RT,10892.199999809265
SS1651868873914,US,CD,focal,Description6,RT,13114.599999904633
SS1651868873914,US,CD,context,Description1,RT,10275.700000047684
SS1651868873914,US,CD,focal,Description5,RT,18707.39999985695
SS1651868873914,US,CD,context,Description2,RT,18371.099999904633
SS1651868873914,US,CD,focal,Description0,RT,10067.599999904633
SS1651868873914,US,CD,context,Description1,RT,8060.599999904633
SS1651868873914,US,CD,context,Description3,RT,6408.599999904633
SS1651868873914,US,CD,focal,Description6,RT,3786.9000000953674
SS1651868873914,US,CD,context,Description7,RT,59553.5
SS1651868873914,US,CD,context,Description2,RT,null
SS1651868873914,US,CD,context,Description2,RT,2402.199999809265
SS1651868873914,US,CD,context,Description3,RT,2162.9000000953674
SS1651868873914,US,CD,focal,Description4,RT,12826.5
SS1651868873914,US,CD,focal,Description4,RT,10690.299999952316
SS1651868876318,US,CD,context,Description2,RT,10119.800000000745
SS1651868876318,US,CD,context,Description7,RT,10068.400000000373
SS1651868876318,US,CD,context,Description7,RT,13086
SS1651868876318,US,CD,focal,Description6,RT,14127.599999999627
SS1651868876318,US,CD,focal,Description6,RT,5048.0999999996275
SS1651868876318,US,CD,context,Description7,RT,5592.5
SS1651868876318,US,CD,context,Description2,RT,4879
SS1651868876318,US,CD,focal,Description0,RT,10137.799999998882
SS1651868876318,US,CD,context,Description1,RT,6823.5
SS1651868876318,US,CD,context,Description2,RT,4193.5999999996275
SS1651868876318,US,CD,focal,Description6,RT,7444.700000001118
SS1651868876318,US,CD,focal,Description29,RT,2557.300000000745
SS1651868876318,US,CD,focal,Description4,RT,4077
SS1651868876318,US,CD,focal,Description0,RT,12504.5
SS1651868876318,US,CD,focal,Description4,RT,10531.60000000149
SS1651868876318,US,CD,context,Description1,RT,3961.4000000003725
SS1651868876318,US,CD,focal,Description0,RT,9051.199999999255
SS1651868876318,US,CD,focal,Description4,RT,5949.9000000003725
SS1651868876318,US,CD,context,Description19,RT,3903.5999999996275
SS1651868876318,US,CD,context,Description1,RT,8067.700000001118
SS1651868901145,US,CD,focal,Description6,RT,2849.899999976158
SS1651868901145,US,CD,context,Description7,RT,2862.8000000715256
SS1651868901145,US,CD,focal,Description4,RT,2880
SS1651868901145,US,CD,focal,Description5,RT,3656.6999999284744
SS1651868901145,US,CD,focal,Description4,RT,2396.399999976158
SS1651868901145,US,CD,context,Description1,RT,9264.200000047684
SS1651868901145,US,CD,context,Description8,RT,1603.1000000238419
SS1651868901145,US,CD,focal,Description6,RT,5003.099999904633
SS1651868901145,US,CD,focal,Description29,RT,1504.7999999523163
SS1651868901145,US,CD,context,Description2,RT,2228.2000000476837
SS1651868901145,US,CD,focal,Description4,RT,10094.199999928474
SS1651868901145,US,CD,focal,Description0,RT,2193.3000000715256
SS1651868901145,US,CD,context,Description9,RT,11399.100000023842
SS1651868901145,US,CD,focal,Description0,RT,2521.8000000715256
SS1651868901145,US,CD,context,Description1,RT,12655.599999904633
SS1651868901145,US,CD,context,Description7,RT,2558.399999976158
SS1651868901145,US,CD,context,Description8,RT,3368.6999999284744
SS1651868901145,US,CD,context,Description3,RT,5517.300000071526
SS1651868901145,US,CD,context,Description3,RT,1549.8999999761581
SS1651868901145,US,CD,context,Description3,RT,2174.899999976158
SS1651868901145,US,CD,focal,Description5,RT,2429.7000000476837
SS1651868901145,US,CD,focal,Description6,RT,13219.200000047684
SS1651868901145,US,CD,context,Description19,RT,3036.8000000715256
SS1651868901145,US,CD,context,Description1,RT,1784.2000000476837
SS1651868901145,US,CD,context,Description2,RT,8062.100000023842
SS1651868901145,US,CD,focal,Description0,RT,8863.300000071526
SS1651868901145,US,CD,focal,Description5,RT,12016.100000023842
SS1651868901145,US,CD,context,Description2,RT,15040.299999952316
SS1651868901145,US,CD,context,Description7,RT,6060.099999904633
SS1651868901145,US,CD,context,Description8,RT,49206.5
SS1651868924360,US,CD,context,Description3,RT,5407.599999904633
SS1651868924360,US,CD,context,Description1,RT,6128.599999904633
SS1651868924360,US,CD,context,Description3,RT,4268.299999952316
SS1651868924360,US,CD,context,Description7,RT,4277.700000047684
SS1651868924360,US,CD,context,Description2,RT,4773.900000095367
SS1651868924360,US,CD,focal,Description4,RT,5501.199999809265
SS1651868924360,US,CD,focal,Description6,RT,5373.5
SS1651868924360,US,CD,context,Description7,RT,17257
SS1651868924360,US,CD,context,Description19,RT,3569.600000143051
SS1651868924360,US,CD,context,Description2,RT,3576.899999856949
SS1651868924360,US,CD,focal,Description5,RT,6003
SS1651868924360,US,CD,focal,Description0,RT,10949.599999904633
SS1651868924360,US,CD,focal,Description29,RT,2353.9000000953674
SS1651868924360,US,CD,focal,Description6,RT,5418.799999952316
SS1651868924360,US,CD,context,Description3,RT,2459.699999809265
SS1651868924360,US,CD,context,Description1,RT,5371.799999952316
SS1651868924360,US,CD,focal,Description5,RT,4406.900000095367
SS1651868924360,US,CD,focal,Description6,RT,4861
SS1651868924360,US,CD,context,Description2,RT,21652.700000047684
SS1651868924360,US,CD,focal,Description4,RT,4205.599999904633
SS1651868924360,US,CD,focal,Description0,RT,4920.900000095367
SS1651868924360,US,CD,context,Description9,RT,9696
SS1651868924360,US,CD,context,Description7,RT,14831.299999952316
SS1651868924360,US,CD,focal,Description5,RT,4171.599999904633
SS1651868924360,US,CD,focal,Description0,RT,10370.899999856949
SS1651868924360,US,CD,focal,Description4,RT,4891.100000143051
SS1651868924360,US,CD,context,Description1,RT,4487.399999856949
SS1651868966456,US,CD,context,Description7,RT,10105.700000047684
SS1651868966456,US,CD,context,Description1,RT,8407.300000071526
SS1651868966456,US,CD,focal,Description4,RT,32944.5
SS1651868966456,US,CD,focal,Description0,RT,40738.299999952316
SS1651868966456,US,CD,context,Description7,RT,48629.39999997616
SS1651868966456,US,CD,focal,Description4,RT,10335.599999904633
SS1651868966456,US,CD,focal,Description5,RT,15564.100000023842
SS1651868966456,US,CD,focal,Description29,RT,7408.100000023842
SS1651868966456,US,CD,context,Description7,RT,9230.700000047684
SS1651868966456,US,CD,context,Description19,RT,14221.5
SS1651868966456,US,CD,focal,Description0,RT,5585.100000023842
SS1651868966456,US,CD,focal,Description4,RT,5793.899999976158
SS1651868966456,US,CD,focal,Description5,RT,5908.899999976158
SS1651868966456,US,CD,focal,Description0,RT,3611.399999976158
SS1651868966456,US,CD,context,Description1,RT,2518.5
SS1651868966456,US,CD,focal,Description5,RT,8298.800000071526
SS1651868966456,US,CD,context,Description1,RT,13363.799999952316
SS1651869014963,US,CD,context,Description3,RT,7695
SS1651869014963,US,CD,context,Description1,RT,5590
SS1651869014963,US,CD,context,Description3,RT,29983
SS1651869014963,US,CD,focal,Description0,RT,9633
SS1651869014963,US,CD,context,Description7,RT,11571
SS1651869014963,US,CD,focal,Description6,RT,9907
SS1651869014963,US,CD,focal,Description6,RT,12958
SS1651869014963,US,CD,context,Description2,RT,4733
SS1651869014963,US,CD,focal,Description4,RT,19010
SS1651869014963,US,CD,context,Description3,RT,3112
SS1651869014963,US,CD,context,Description1,RT,29132
SS1651869014963,US,CD,context,Description2,RT,2809
SS1651869014963,US,CD,focal,Description4,RT,6371
SS1651869014963,US,CD,focal,Description6,RT,7447
SS1651869014963,US,CD,focal,Description0,RT,25621
SS1651869014963,US,CD,focal,Description29,RT,2275
SS1651869014963,US,CD,context,Description7,RT,5540
SS1651869014963,US,CD,focal,Description5,RT,3515
SS1651869014963,US,CD,focal,Description4,RT,7586
SS1651869014963,US,CD,focal,Description5,RT,4879
SS1651869014963,US,CD,context,Description7,RT,10261
SS1651869014963,US,CD,context,Description9,RT,10953
SS1651869014963,US,CD,context,Description1,RT,7463
SS1651869014963,US,CD,focal,Description5,RT,5681
SS1651869014963,US,CD,focal,Description0,RT,9434
SS1651869014963,US,CD,context,Description19,RT,4557
SS1651869014963,US,CD,context,Description2,RT,19453
SS1651869017878,US,CD,focal,Description0,RT,32360
SS1651869017878,US,CD,focal,Description4,RT,4284.10000038147
SS1651869017878,US,CD,focal,Description5,RT,8956.900000572205
SS1651869017878,US,CD,context,Description9,RT,22956.5
SS1651869017878,US,CD,focal,Description29,RT,3328.300000190735
SS1651869017878,US,CD,focal,Description4,RT,6065
SS1651869017878,US,CD,context,Description7,RT,8427.60000038147
SS1651869017878,US,CD,context,Description8,RT,21804.699999809265
SS1651869017878,US,CD,focal,Description4,RT,4288
SS1651869017878,US,CD,context,Description3,RT,2552.5
SS1651869017878,US,CD,context,Description3,RT,10450.300000190735
SS1651869017878,US,CD,context,Description19,RT,10031.800000190735
SS1651869017878,US,CD,context,Description8,RT,3630.4000005722046
SS1651869017878,US,CD,context,Description2,RT,17820.900000572205
SS1651869017878,US,CD,context,Description2,RT,4568.799999237061
SS1651869017878,US,CD,context,Description1,RT,8433.10000038147
SS1651869017878,US,CD,context,Description1,RT,6375.800000190735
SS1651869017878,US,CD,context,Description7,RT,9287.300000190735
SS1651869017878,US,CD,focal,Description6,RT,15918
SS1651869017878,US,CD,focal,Description5,RT,7959.5
SS1651869017878,US,CD,context,Description7,RT,30964.89999961853
SS1651869017878,US,CD,context,Description2,RT,4384.800000190735
SS1651869017878,US,CD,context,Description1,RT,11348.70000076294
SS1651869017878,US,CD,focal,Description0,RT,14473.79999923706
SS1651869017878,US,CD,focal,Description6,RT,12397.400000572205
SS1651869017878,US,CD,focal,Description0,RT,18689.39999961853
SS1651869017878,US,CD,focal,Description6,RT,12938.79999923706
SS1651869017878,US,CD,focal,Description5,RT,7202.799999237061
SS1651869017878,US,CD,context,Description8,RT,14673.10000038147
SS1651869017878,US,CD,context,Description3,RT,5647.300000190735
SS1651869021473,US,CD,focal,Description6,RT,12983
SS1651869021473,US,CD,context,Description9,RT,28685.099999999627
SS1651869021473,US,CD,context,Description1,RT,6310.4000000003725
SS1651869021473,US,CD,focal,Description6,RT,18678.699999999255
SS1651869021473,US,CD,context,Description3,RT,4382.5
SS1651869021473,US,CD,focal,Description29,RT,2246.5999999996275
SS1651869021473,US,CD,focal,Description5,RT,13448.5
SS1651869021473,US,CD,context,Description3,RT,1692.9000000003725
SS1651869021473,US,CD,context,Description7,RT,24420.599999999627
SS1651869021473,US,CD,context,Description8,RT,1859.2000000011176
SS1651869021473,US,CD,context,Description8,RT,11193.799999998882
SS1651869021473,US,CD,focal,Description0,RT,28271.299999998882
SS1651869021473,US,CD,context,Description2,RT,15361.799999998882
SS1651869021473,US,CD,focal,Description0,RT,10851.199999999255
SS1651869021473,US,CD,focal,Description4,RT,15480.599999999627
SS1651869021473,US,CD,context,Description1,RT,10452.799999998882
SS1651869021473,US,CD,context,Description19,RT,10577.599999999627
SS1651869021473,US,CD,focal,Description5,RT,7418.5
SS1651869021473,US,CD,focal,Description4,RT,10436.599999999627
SS1651869021473,US,CD,context,Description7,RT,1709.5999999996275
SS1651869021473,US,CD,context,Description2,RT,1783.2999999988824
SS1651869021473,US,CD,focal,Description5,RT,7207
SS1651869021473,US,CD,context,Description2,RT,7669.5
SS1651869021473,US,CD,context,Description8,RT,4099.60000000149
SS1651869021473,US,CD,focal,Description6,RT,25048.5
SS1651869021473,US,CD,context,Description3,RT,12566.400000000373
SS1651869021473,US,CD,context,Description1,RT,4528.800000000745
SS1651869021473,US,CD,context,Description7,RT,3668.0999999996275
SS1651869021473,US,CD,focal,Description4,RT,5896.60000000149
SS1651869021473,US,CD,focal,Description0,RT,6245.10000000149
SS1651869024622,US,CD,context,Description3,RT,4378.600000143051
SS1651869024622,US,CD,context,Description3,RT,3584.9000000953674
SS1651869024622,US,CD,context,Description1,RT,12033.299999952316
SS1651869024622,US,CD,focal,Description0,RT,35751.59999990463
SS1651869024622,US,CD,context,Description2,RT,17783.799999952316
SS1651869024622,US,CD,context,Description1,RT,22304.800000190735
SS1651869024622,US,CD,focal,Description4,RT,24270.800000190735
SS1651869024622,US,CD,focal,Description0,RT,19211.700000047684
SS1651869024622,US,CD,context,Description7,RT,32545.400000095367
SS1651869024622,US,CD,focal,Description5,RT,6274.700000047684
SS1651869024622,US,CD,focal,Description6,RT,15985.200000047684
SS1651869024622,US,CD,focal,Description0,RT,9239.900000095367
SS1651869024622,US,CD,context,Description7,RT,16322.599999904633
SS1651869024622,US,CD,context,Description7,RT,10049.700000047684
SS1651869024622,US,CD,focal,Description5,RT,15954.799999952316
SS1651869024622,US,CD,context,Description1,RT,16977.5
SS1651869024622,US,CD,focal,Description5,RT,17058.900000095367
SS1651869024622,US,CD,focal,Description4,RT,22418.5
SS1651869024622,US,CD,focal,Description4,RT,4128.200000047684
SS1651869024622,US,CD,context,Description19,RT,24159.700000047684
SS1651869024622,US,CD,focal,Description6,RT,17884.900000095367
SS1651869024622,US,CD,context,Description3,RT,12444
SS1651869024622,US,CD,focal,Description6,RT,12716.5
SS1651869024622,US,CD,context,Description2,RT,17678.700000047684
SS1651869024622,US,CD,context,Description2,RT,8629.599999904633
SS1651869024622,US,CD,context,Description9,RT,21614.200000047684
SS1651869024622,US,CD,focal,Description29,RT,13528.400000095367
SS1651869038791,US,CD,context,Description3,RT,4226
SS1651869038791,US,CD,focal,Description29,RT,2994
SS1651869038791,US,CD,focal,Description4,RT,3571
SS1651869038791,US,CD,context,Description3,RT,1761
SS1651869038791,US,CD,focal,Description0,RT,25559
SS1651869038791,US,CD,context,Description2,RT,5412
SS1651869038791,US,CD,focal,Description4,RT,7557
SS1651869038791,US,CD,context,Description7,RT,2186
SS1651869038791,US,CD,context,Description2,RT,7923
SS1651869038791,US,CD,context,Description3,RT,7527
SS1651869038791,US,CD,focal,Description0,RT,6681
SS1651869038791,US,CD,focal,Description5,RT,7983
SS1651869038791,US,CD,focal,Description6,RT,4115
SS1651869038791,US,CD,context,Description1,RT,8740
SS1651869038791,US,CD,focal,Description5,RT,6307
SS1651869038791,US,CD,focal,Description6,RT,6684
SS1651869038791,US,CD,context,Description19,RT,4809
SS1651869038791,US,CD,context,Description9,RT,4078
SS1651869038791,US,CD,context,Description1,RT,4079
SS1651869038791,US,CD,focal,Description0,RT,5378
SS1651869038791,US,CD,context,Description1,RT,3430
SS1651869038791,US,CD,focal,Description5,RT,3435
SS1651869038791,US,CD,context,Description7,RT,9418
SS1651869038791,US,CD,focal,Description4,RT,27897
SS1651869038791,US,CD,context,Description2,RT,1692
SS1651869038791,US,CD,context,Description7,RT,2902
SS1651869038791,US,CD,focal,Description6,RT,2932
SS1651869076619,US,CD,focal,Description4,RT,12027.09999999404
SS1651869076619,US,CD,context,Description7,RT,3625.7000000029802
SS1651869076619,US,CD,focal,Description0,RT,4954.10000000149
SS1651869076619,US,CD,focal,Description29,RT,4448.5
SS1651869076619,US,CD,focal,Description5,RT,6332.79999999702
SS1651869076619,US,CD,focal,Description4,RT,6066.79999999702
SS1651869076619,US,CD,focal,Description0,RT,21886.39999999851
SS1651869076619,US,CD,focal,Description0,RT,7656.5
SS1651869076619,US,CD,focal,Description5,RT,15798.59999999404
SS1651869076619,US,CD,context,Description7,RT,3730.39999999851
SS1651869076619,US,CD,context,Description1,RT,8320.40000000596
SS1651869076619,US,CD,context,Description3,RT,5844.0999999940395
SS1651869076619,US,CD,context,Description19,RT,4218.20000000298
SS1651869076619,US,CD,context,Description9,RT,7246.60000000149
SS1651869076619,US,CD,context,Description3,RT,2981.7999999970198
SS1651869076619,US,CD,context,Description2,RT,2804
SS1651869076619,US,CD,context,Description1,RT,2754.39999999851
SS1651869076619,US,CD,focal,Description5,RT,5125.39999999851
SS1651869076619,US,CD,context,Description7,RT,9470.19999999553
SS1651869076619,US,CD,focal,Description6,RT,8968.60000000149
SS1651869076619,US,CD,focal,Description6,RT,3067.5
SS1651869076619,US,CD,context,Description3,RT,5156
SS1651869076619,US,CD,focal,Description4,RT,4182
SS1651869076619,US,CD,context,Description2,RT,13540.19999999553
SS1651869076619,US,CD,context,Description2,RT,6282
SS1651869076619,US,CD,focal,Description6,RT,4367.9000000059605
SS1651869076619,US,CD,context,Description1,RT,3593.7000000029802
SS1651869107778,US,CD,focal,Description0,RT,11668
SS1651869107778,US,CD,focal,Description4,RT,5085
SS1651869107778,US,CD,context,Description2,RT,8248
SS1651869107778,US,CD,focal,Description6,RT,14277
SS1651869107778,US,CD,context,Description19,RT,12718
SS1651869107778,US,CD,context,Description2,RT,20102
SS1651869107778,US,CD,focal,Description0,RT,31946
SS1651869107778,US,CD,context,Description1,RT,19319
SS1651869107778,US,CD,context,Description1,RT,3578
SS1651869107778,US,CD,context,Description3,RT,5462
SS1651869107778,US,CD,context,Description7,RT,12934
SS1651869107778,US,CD,context,Description3,RT,4580
SS1651869107778,US,CD,focal,Description5,RT,4140
SS1651869107778,US,CD,context,Description1,RT,5519
SS1651869107778,US,CD,context,Description3,RT,1798
SS1651869107778,US,CD,context,Description2,RT,8119
SS1651869107778,US,CD,focal,Description4,RT,11926
SS1651869107778,US,CD,focal,Description0,RT,20513
SS1651869107778,US,CD,focal,Description4,RT,31172
SS1651869107778,US,CD,focal,Description29,RT,3054
SS1651869107778,US,CD,context,Description7,RT,7735
SS1651869107778,US,CD,focal,Description5,RT,5474
SS1651869107778,US,CD,focal,Description6,RT,4717
SS1651869107778,US,CD,focal,Description5,RT,5949
SS1651869107778,US,CD,context,Description7,RT,2628
SS1651869107778,US,CD,focal,Description6,RT,17690
SS1651869115143,US,CD,context,Description1,RT,5468.0999999940395
SS1651869115143,US,CD,context,Description7,RT,2130.4000000059605
SS1651869115143,US,CD,context,Description7,RT,2997.899999976158
SS1651869115143,US,CD,context,Description3,RT,3812.4000000059605
SS1651869115143,US,CD,focal,Description0,RT,15339.5
SS1651869115143,US,CD,context,Description19,RT,3936.199999988079
SS1651869115143,US,CD,focal,Description4,RT,2966.100000023842
SS1651869115143,US,CD,focal,Description0,RT,3715
SS1651869115143,US,CD,context,Description3,RT,13740.90000000596
SS1651869115143,US,CD,context,Description1,RT,6969.5
SS1651869115143,US,CD,focal,Description6,RT,13568.90000000596
SS1651869115143,US,CD,focal,Description5,RT,3190.0999999940395
SS1651869115143,US,CD,focal,Description5,RT,3558.7999999821186
SS1651869115143,US,CD,context,Description1,RT,2861.4000000059605
SS1651869115143,US,CD,focal,Description5,RT,7506.5999999940395
SS1651869115143,US,CD,context,Description7,RT,4889.9000000059605
SS1651869115143,US,CD,context,Description3,RT,1546.699999988079
SS1651869115143,US,CD,focal,Description6,RT,3149.899999976158
SS1651869115143,US,CD,focal,Description6,RT,4890.0999999940395
SS1651869115143,US,CD,focal,Description29,RT,1650.9000000059605
SS1651869115143,US,CD,focal,Description0,RT,8417
SS1651869115143,US,CD,focal,Description4,RT,7296.600000023842
SS1651869115143,US,CD,focal,Description4,RT,6614.9000000059605
SS1651869117517,US,CD,focal,Description6,RT,16334.200000047684
SS1651869117517,US,CD,focal,Description5,RT,11184.600000143051
SS1651869117517,US,CD,context,Description7,RT,15022.299999952316
SS1651869117517,US,CD,context,Description2,RT,2879.2999999523163
SS1651869117517,US,CD,focal,Description0,RT,9658
SS1651869117517,US,CD,focal,Description29,RT,5058.200000047684
SS1651869117517,US,CD,focal,Description5,RT,18470.799999952316
SS1651869117517,US,CD,context,Description3,RT,14797.099999904633
SS1651869117517,US,CD,focal,Description6,RT,8850.299999952316
SS1651869117517,US,CD,context,Description7,RT,12085.5
SS1651869117517,US,CD,focal,Description4,RT,14207.5
SS1651869117517,US,CD,context,Description8,RT,5176
SS1651869117517,US,CD,context,Description19,RT,9158.799999952316
SS1651869117517,US,CD,context,Description3,RT,4862
SS1651869117517,US,CD,context,Description1,RT,5643.799999952316
SS1651869117517,US,CD,focal,Description6,RT,10975.700000047684
SS1651869117517,US,CD,context,Description9,RT,31385.10000014305
SS1651869117517,US,CD,context,Description8,RT,3778.2999999523163
SS1651869117517,US,CD,focal,Description0,RT,5235.599999904633
SS1651869117517,US,CD,context,Description1,RT,20474.599999904633
SS1651869117517,US,CD,context,Description2,RT,3886
SS1651869117517,US,CD,context,Description2,RT,7195.599999904633
SS1651869117517,US,CD,context,Description3,RT,9608.300000190735
SS1651869117517,US,CD,context,Description7,RT,3723.5
SS1651869117517,US,CD,focal,Description4,RT,14521.299999952316
SS1651869117517,US,CD,focal,Description5,RT,6902.700000047684
SS1651869117517,US,CD,focal,Description0,RT,16809.700000047684
SS1651869117517,US,CD,focal,Description4,RT,5649.799999952316
SS1651869117517,US,CD,context,Description1,RT,2996.4000000953674
SS1651869117517,US,CD,context,Description8,RT,16278.200000047684
SS1651869119140,US,CD,context,Description8,RT,55427.09999999404
SS1651869119140,US,CD,context,Description1,RT,3750.39999999851
SS1651869119140,US,CD,context,Description7,RT,4108.30000000447
SS1651869119140,US,CD,context,Description1,RT,6721.70000000298
SS1651869119140,US,CD,focal,Description4,RT,5067.10000000149
SS1651869119140,US,CD,context,Description1,RT,3021.10000000149
SS1651869119140,US,CD,focal,Description4,RT,5556.5
SS1651869119140,US,CD,context,Description3,RT,11713.5
SS1651869119140,US,CD,focal,Description29,RT,9081.39999999851
SS1651869119140,US,CD,context,Description2,RT,3308.7999999970198
SS1651869119140,US,CD,context,Description2,RT,31681.19999999553
SS1651869119140,US,CD,focal,Description4,RT,5818.10000000149
SS1651869119140,US,CD,context,Description7,RT,3791.6999999955297
SS1651869119140,US,CD,context,Description8,RT,4439.89999999851
SS1651869119140,US,CD,context,Description19,RT,6510.39999999851
SS1651869119140,US,CD,context,Description3,RT,2984.39999999851
SS1651869119140,US,CD,focal,Description5,RT,5815
SS1651869119140,US,CD,focal,Description0,RT,3777.2999999970198
SS1651869119140,US,CD,context,Description2,RT,13881.60000000149
SS1651869119140,US,CD,focal,Description0,RT,5859.10000000149
SS1651869119140,US,CD,focal,Description5,RT,4572.5
SS1651869119140,US,CD,focal,Description6,RT,13283.69999999553
SS1651869119140,US,CD,focal,Description5,RT,8592.39999999851
SS1651869119140,US,CD,context,Description7,RT,28494.10000000149
SS1651869119140,US,CD,focal,Description0,RT,11715.89999999851
SS1651869119140,US,CD,focal,Description6,RT,7436.29999999702
SS1651869119140,US,CD,context,Description8,RT,5445.89999999851
SS1651869119140,US,CD,context,Description3,RT,4807.4000000059605
SS1651869119140,US,CD,focal,Description6,RT,4930.70000000298
SS1651869119140,US,CD,context,Description9,RT,11542
SS1651869128913,US,CD,context,Description1,RT,9773
SS1651869128913,US,CD,context,Description19,RT,7425
SS1651869128913,US,CD,context,Description9,RT,6074
SS1651869128913,US,CD,focal,Description5,RT,7490
SS1651869128913,US,CD,context,Description7,RT,16308
SS1651869128913,US,CD,focal,Description5,RT,5615
SS1651869128913,US,CD,context,Description3,RT,6821
SS1651869128913,US,CD,focal,Description0,RT,9436
SS1651869128913,US,CD,focal,Description6,RT,4285
SS1651869128913,US,CD,context,Description3,RT,3075
SS1651869128913,US,CD,focal,Description0,RT,4207
SS1651869128913,US,CD,context,Description2,RT,5517
SS1651869128913,US,CD,context,Description1,RT,3014
SS1651869128913,US,CD,context,Description8,RT,3819
SS1651869128913,US,CD,focal,Description4,RT,3517
SS1651869128913,US,CD,focal,Description5,RT,5652
SS1651869128913,US,CD,focal,Description29,RT,1821
SS1651869128913,US,CD,context,Description2,RT,13439
SS1651869128913,US,CD,context,Description7,RT,3628
SS1651869128913,US,CD,focal,Description0,RT,7316
SS1651869128913,US,CD,context,Description7,RT,41862
SS1651869128913,US,CD,context,Description2,RT,4103
SS1651869128913,US,CD,context,Description8,RT,2913
SS1651869128913,US,CD,focal,Description6,RT,4896
SS1651869128913,US,CD,focal,Description6,RT,3440
SS1651869128913,US,CD,focal,Description4,RT,4173
SS1651869128913,US,CD,context,Description8,RT,56959
SS1651869128913,US,CD,context,Description1,RT,4722
SS1651869128913,US,CD,focal,Description4,RT,7375
SS1651869128913,US,CD,context,Description3,RT,4763
SS1651869192697,US,CD,context,Description8,RT,13606.700000047684
SS1651869192697,US,CD,context,Description8,RT,4827.800000011921
SS1651869192697,US,CD,context,Description2,RT,8062.600000023842
SS1651869192697,US,CD,context,Description2,RT,10212.099999964237
SS1651869192697,US,CD,context,Description3,RT,2042.1000000238419
SS1651869192697,US,CD,context,Description9,RT,31986.19999998808
SS1651869192697,US,CD,context,Description1,RT,6231.400000035763
SS1651869192697,US,CD,focal,Description4,RT,4866.699999988079
SS1651869192697,US,CD,focal,Description29,RT,1728.800000011921
SS1651869192697,US,CD,context,Description1,RT,31128.80000001192
SS1651869192697,US,CD,focal,Description0,RT,3643.600000023842
SS1651869192697,US,CD,focal,Description5,RT,3386.900000035763
SS1651869192697,US,CD,focal,Description6,RT,5999.199999988079
SS1651869192697,US,CD,context,Description8,RT,2269.399999976158
SS1651869192697,US,CD,context,Description7,RT,29221.100000023842
SS1651869192697,US,CD,context,Description3,RT,20568.80000001192
SS1651869192697,US,CD,focal,Description5,RT,11941.400000035763
SS1651869192697,US,CD,focal,Description6,RT,27512.80000001192
SS1651869192697,US,CD,focal,Description4,RT,7469
SS1651869192697,US,CD,context,Description2,RT,5962.899999976158
SS1651869192697,US,CD,context,Description3,RT,3611.399999976158
SS1651869192697,US,CD,context,Description7,RT,9317.800000011921
SS1651869192697,US,CD,focal,Description5,RT,7627.800000011921
SS1651869192697,US,CD,focal,Description0,RT,6552.699999988079
SS1651869192697,US,CD,focal,Description0,RT,3866.5
SS1651869192697,US,CD,context,Description1,RT,7634.299999952316
SS1651869192697,US,CD,focal,Description6,RT,4196.800000011921
SS1651869192697,US,CD,context,Description7,RT,2737.5
SS1651869192697,US,CD,focal,Description4,RT,4132.899999976158
SS1651869192697,US,CD,context,Description19,RT,6352
SS1651869198002,US,CD,context,Description19,RT,7826.10000000149
SS1651869198002,US,CD,context,Description1,RT,8387.5
SS1651869198002,US,CD,focal,Description5,RT,9223.5
SS1651869198002,US,CD,focal,Description6,RT,11614.40000000596
SS1651869198002,US,CD,focal,Description0,RT,23974.5
SS1651869198002,US,CD,focal,Description29,RT,2371.89999999851
SS1651869198002,US,CD,context,Description1,RT,12723.70000000298
SS1651869198002,US,CD,focal,Description5,RT,7948.20000000298
SS1651869198002,US,CD,context,Description2,RT,21707.09999999404
SS1651869198002,US,CD,context,Description1,RT,15733.29999999702
SS1651869198002,US,CD,context,Description3,RT,20564.5
SS1651869198002,US,CD,context,Description3,RT,2607.7999999970198
SS1651869198002,US,CD,context,Description2,RT,5679.20000000298
SS1651869198002,US,CD,context,Description2,RT,14763.69999999553
SS1651869198002,US,CD,context,Description7,RT,32449.89999999851
SS1651869198002,US,CD,focal,Description5,RT,4708.5
SS1651869198002,US,CD,focal,Description4,RT,8194.90000000596
SS1651869198002,US,CD,focal,Description0,RT,7442.89999999851
SS1651869198002,US,CD,focal,Description0,RT,38806.39999999851
SS1651869198002,US,CD,focal,Description4,RT,8176.60000000149
SS1651869198002,US,CD,context,Description7,RT,10375.39999999851
SS1651869198002,US,CD,focal,Description6,RT,8245
SS1651869198002,US,CD,focal,Description6,RT,4880.89999999851
SS1651869198002,US,CD,context,Description7,RT,10796.89999999851
SS1651869198002,US,CD,context,Description3,RT,1697.7999999970198
SS1651869198002,US,CD,context,Description9,RT,22908.40000000596
SS1651869198002,US,CD,focal,Description4,RT,6298.39999999851
SS1651869512955,US,CD,focal,Description4,RT,6325.799999952316
SS1651869512955,US,CD,focal,Description5,RT,13340.5
SS1651869512955,US,CD,context,Description8,RT,28900.39999985695
SS1651869512955,US,CD,context,Description7,RT,15984.100000143051
SS1651869512955,US,CD,context,Description2,RT,5152.5
SS1651869512955,US,CD,focal,Description4,RT,8298.099999904633
SS1651869512955,US,CD,focal,Description4,RT,4749.099999904633
SS1651869512955,US,CD,context,Description19,RT,6169.399999856949
SS1651869512955,US,CD,context,Description1,RT,8524.700000047684
SS1651869512955,US,CD,focal,Description6,RT,7433.099999904633
SS1651869512955,US,CD,focal,Description5,RT,4747.200000047684
SS1651869512955,US,CD,focal,Description0,RT,6752.100000143051
SS1651869512955,US,CD,context,Description2,RT,37436.700000047684
SS1651869512955,US,CD,context,Description3,RT,4700.599999904633
SS1651869512955,US,CD,context,Description7,RT,6070.099999904633
SS1651869512955,US,CD,context,Description2,RT,9711.399999856949
SS1651869512955,US,CD,focal,Description5,RT,6710.200000047684
SS1651869512955,US,CD,context,Description8,RT,7130.599999904633
SS1651869512955,US,CD,context,Description3,RT,5620.400000095367
SS1651869512955,US,CD,context,Description9,RT,14727.200000047684
SS1651869512955,US,CD,focal,Description29,RT,4327.300000190735
SS1651869512955,US,CD,context,Description8,RT,3018.7999999523163
SS1651869512955,US,CD,context,Description7,RT,3051.600000143051
SS1651869512955,US,CD,context,Description1,RT,9278.599999904633
SS1651869512955,US,CD,context,Description3,RT,12342.699999809265
SS1651869512955,US,CD,focal,Description6,RT,4731.900000095367
SS1651869512955,US,CD,focal,Description0,RT,5572.299999952316
SS1651869512955,US,CD,context,Description1,RT,6388.200000047684
SS1651869512955,US,CD,focal,Description0,RT,8925.899999856949
SS1651869512955,US,CD,focal,Description6,RT,5548.099999904633
SS1651869609511,US,CD,context,Description2,RT,16988.799999952316
SS1651869609511,US,CD,context,Description1,RT,19985.900000095367
SS1651869609511,US,CD,context,Description2,RT,15078.899999976158
SS1651869609511,US,CD,focal,Description29,RT,9943.400000095367
SS1651869609511,US,CD,focal,Description0,RT,30207.600000023842
SS1651869609511,US,CD,context,Description1,RT,10096.100000023842
SS1651869609511,US,CD,focal,Description4,RT,22173.5
SS1651869609511,US,CD,focal,Description0,RT,12266.600000023842
SS1651869609511,US,CD,focal,Description5,RT,15977.899999976158
SS1651869609511,US,CD,context,Description1,RT,6876.600000023842
SS1651869609511,US,CD,context,Description3,RT,4066.2999999523163
SS1651869609511,US,CD,context,Description7,RT,8271.100000023842
SS1651869609511,US,CD,focal,Description4,RT,5499.399999976158
SS1651869609511,US,CD,focal,Description5,RT,10208.799999952316
SS1651869609511,US,CD,context,Description3,RT,24933.799999952316
SS1651869609511,US,CD,focal,Description4,RT,12653.799999952316
SS1651869609511,US,CD,context,Description19,RT,10684.899999976158
SS1651869609511,US,CD,focal,Description0,RT,19100.600000023842
SS1651869609511,US,CD,context,Description2,RT,4983.399999976158
SS1651869609511,US,CD,context,Description3,RT,4321.699999928474
SS1651869609511,US,CD,focal,Description5,RT,8571
SS1651869609511,US,CD,context,Description7,RT,52480.5
SS1651869609511,US,CD,context,Description7,RT,3431.600000023842
SS1651869808693,US,CD,focal,Description29,RT,16101.899999976158
SS1651869808693,US,CD,focal,Description4,RT,6167
SS1651869808693,US,CD,context,Description1,RT,9740.699999988079
SS1651869808693,US,CD,context,Description2,RT,9901.199999988079
SS1651869808693,US,CD,focal,Description6,RT,3467
SS1651869808693,US,CD,focal,Description4,RT,8255
SS1651869808693,US,CD,context,Description19,RT,5501.0999999940395
SS1651869808693,US,CD,context,Description9,RT,14883.300000011921
SS1651869808693,US,CD,focal,Description5,RT,6360.4000000059605
SS1651869808693,US,CD,context,Description2,RT,6124.9000000059605
SS1651869808693,US,CD,focal,Description6,RT,4050.5
SS1651869808693,US,CD,context,Description8,RT,2526.300000011921
SS1651869808693,US,CD,context,Description1,RT,2680.5
SS1651869808693,US,CD,context,Description2,RT,16865
SS1651869808693,US,CD,context,Description1,RT,7122.9000000059605
SS1651869808693,US,CD,context,Description7,RT,35459.19999998808
SS1651869808693,US,CD,focal,Description6,RT,30266.19999998808
SS1651869808693,US,CD,context,Description3,RT,10534.200000017881
SS1651869808693,US,CD,focal,Description4,RT,6418.0999999940395
SS1651869808693,US,CD,context,Description8,RT,12282.90000000596
SS1651869808693,US,CD,context,Description3,RT,3680.0999999940395
SS1651869808693,US,CD,context,Description7,RT,19120.79999998212
SS1651869808693,US,CD,focal,Description5,RT,6180.799999982119
SS1651869808693,US,CD,focal,Description5,RT,10370.899999976158
SS1651869808693,US,CD,context,Description3,RT,4980.399999976158
SS1651869808693,US,CD,context,Description7,RT,4925.699999988079
SS1651869808693,US,CD,context,Description8,RT,2898.199999988079
SS1651869849200,US,CD,focal,Description0,RT,21156.200000047684
SS1651869849200,US,CD,context,Description8,RT,5219
SS1651869849200,US,CD,focal,Description6,RT,10364.099999904633
SS1651869849200,US,CD,context,Description2,RT,8328.5
SS1651869849200,US,CD,focal,Description4,RT,3398.800000190735
SS1651869849200,US,CD,context,Description2,RT,7700.700000047684
SS1651869849200,US,CD,context,Description2,RT,21591.400000095367
SS1651869849200,US,CD,focal,Description5,RT,6246.599999904633
SS1651869849200,US,CD,context,Description9,RT,14149.800000190735
SS1651869849200,US,CD,context,Description1,RT,31676.700000047684
SS1651869849200,US,CD,context,Description19,RT,4037
SS1651869849200,US,CD,focal,Description6,RT,11805.200000047684
SS1651869849200,US,CD,context,Description3,RT,29123.799999952316
SS1651869849200,US,CD,focal,Description5,RT,10551.399999856949
SS1651869849200,US,CD,focal,Description0,RT,6877.5
SS1651869849200,US,CD,context,Description7,RT,17392.5
SS1651869849200,US,CD,context,Description1,RT,3822.5999999046326
SS1651869849200,US,CD,context,Description8,RT,34607.89999985695
SS1651869849200,US,CD,context,Description8,RT,4200.599999904633
SS1651869849200,US,CD,context,Description3,RT,2710.2000000476837
SS1651869849200,US,CD,focal,Description29,RT,9721.200000047684
SS1651869849200,US,CD,context,Description1,RT,12266
SS1651869849200,US,CD,focal,Description4,RT,3172
SS1651869849200,US,CD,focal,Description4,RT,21115.5
SS1651869849200,US,CD,focal,Description6,RT,6923
SS1651869849200,US,CD,context,Description7,RT,6288.699999809265
SS1651869849200,US,CD,focal,Description0,RT,13974.200000047684
SS1651869849200,US,CD,context,Description7,RT,2939.7999999523163
SS1651869849200,US,CD,context,Description3,RT,11354.100000143051
SS1651869849200,US,CD,focal,Description5,RT,25751.200000047684
SS1651870014949,US,CD,context,Description3,RT,4417.600000023842
SS1651870014949,US,CD,focal,Description6,RT,3541.2000000476837
SS1651870014949,US,CD,context,Description3,RT,2099.7000000476837
SS1651870014949,US,CD,context,Description9,RT,6161.099999904633
SS1651870014949,US,CD,context,Description7,RT,2081.399999976158
SS1651870014949,US,CD,context,Description1,RT,4856.200000047684
SS1651870014949,US,CD,context,Description8,RT,1512.7000000476837
SS1651870014949,US,CD,context,Description8,RT,23720.200000047684
SS1651870014949,US,CD,context,Description7,RT,8989.599999904633
SS1651870014949,US,CD,context,Description2,RT,10115.200000047684
SS1651870014949,US,CD,focal,Description29,RT,1281.3000000715256
SS1651870014949,US,CD,context,Description2,RT,19156.699999928474
SS1651870014949,US,CD,focal,Description4,RT,3815.600000023842
SS1651870014949,US,CD,focal,Description6,RT,3215.8000000715256
SS1651870014949,US,CD,context,Description1,RT,9677.299999952316
SS1651870014949,US,CD,focal,Description0,RT,21482
SS1651870014949,US,CD,context,Description3,RT,1618
SS1651870014949,US,CD,focal,Description0,RT,6085.699999928474
SS1651870014949,US,CD,focal,Description5,RT,8694.600000023842
SS1651870014949,US,CD,focal,Description4,RT,9945.399999976158
SS1651870014949,US,CD,focal,Description6,RT,9345
SS1651870014949,US,CD,focal,Description4,RT,3331.7999999523163
SS1651870014949,US,CD,focal,Description0,RT,2593.5
SS1651870014949,US,CD,focal,Description5,RT,8053.5
SS1651870014949,US,CD,context,Description19,RT,5887
SS1651870014949,US,CD,context,Description1,RT,2919.2000000476837
SS1651870014949,US,CD,context,Description8,RT,1596.5
SS1651870014949,US,CD,context,Description2,RT,9145.699999928474
SS1651870014949,US,CD,focal,Description5,RT,1617.5
SS1651870014949,US,CD,context,Description7,RT,14382.899999976158
SS1651870238624,US,CD,focal,Description5,RT,11334.600000023842
SS1651870238624,US,CD,context,Description1,RT,4230.600000023842
SS1651870238624,US,CD,focal,Description4,RT,3568.7000000476837
SS1651870238624,US,CD,context,Description7,RT,4344.800000011921
SS1651870238624,US,CD,context,Description8,RT,2702.100000023842
SS1651870238624,US,CD,context,Description19,RT,3443.899999976158
SS1651870238624,US,CD,context,Description1,RT,4793.300000011921
SS1651870238624,US,CD,context,Description8,RT,3642.699999988079
SS1651870238624,US,CD,focal,Description29,RT,2807.400000035763
SS1651870238624,US,CD,context,Description3,RT,1521.0999999642372
SS1651870238624,US,CD,focal,Description6,RT,8160.400000035763
SS1651870238624,US,CD,context,Description2,RT,23139.80000001192
SS1651870238624,US,CD,focal,Description0,RT,6870.899999976158
SS1651870238624,US,CD,context,Description7,RT,3079
SS1651870238624,US,CD,context,Description2,RT,3449
SS1651870238624,US,CD,context,Description3,RT,2152.399999976158
SS1651870238624,US,CD,focal,Description0,RT,8824.800000011921
SS1651870238624,US,CD,context,Description1,RT,2781.399999976158
SS1651870238624,US,CD,focal,Description0,RT,7314.300000011921
SS1651870238624,US,CD,focal,Description4,RT,2158.199999988079
SS1651870238624,US,CD,focal,Description5,RT,8240.699999988079
SS1651870238624,US,CD,focal,Description4,RT,20758
SS1651870238624,US,CD,focal,Description5,RT,5027.300000011921
SS1651870238624,US,CD,context,Description9,RT,3632.400000035763
SS1651870238624,US,CD,focal,Description6,RT,1137.300000011921
SS1651870238624,US,CD,context,Description2,RT,1621
SS1651870238624,US,CD,context,Description7,RT,17967.399999976158
SS1651870238624,US,CD,context,Description8,RT,18388.30000001192
SS1651870238624,US,CD,context,Description3,RT,1291.300000011921
SS1651870238624,US,CD,focal,Description6,RT,7354.600000023842
SS1651870376242,US,CD,context,Description19,RT,2874.9000000059605
SS1651870376242,US,CD,focal,Description6,RT,12481.699999988079
SS1651870376242,US,CD,context,Description1,RT,3002.4000000059605
SS1651870376242,US,CD,context,Description8,RT,32282.20000001788
SS1651870376242,US,CD,focal,Description5,RT,7362.199999988079
SS1651870376242,US,CD,context,Description9,RT,10515
SS1651870376242,US,CD,context,Description7,RT,24850.69999998808
SS1651870376242,US,CD,focal,Description6,RT,5192.799999982119
SS1651870376242,US,CD,context,Description8,RT,3145.7999999821186
SS1651870376242,US,CD,context,Description1,RT,3505
SS1651870376242,US,CD,context,Description1,RT,9474
SS1651870376242,US,CD,context,Description3,RT,2736.9000000059605
SS1651870376242,US,CD,context,Description7,RT,3218
SS1651870376242,US,CD,context,Description3,RT,3248.7000000178814
SS1651870376242,US,CD,focal,Description6,RT,6984.5
SS1651870376242,US,CD,focal,Description4,RT,4000.199999988079
SS1651870376242,US,CD,focal,Description4,RT,8784.40000000596
SS1651870376242,US,CD,context,Description2,RT,11426.5
SS1651870376242,US,CD,context,Description2,RT,3386.199999988079
SS1651870376242,US,CD,context,Description3,RT,10706
SS1651870376242,US,CD,context,Description8,RT,2257.0999999940395
SS1651870376242,US,CD,focal,Description29,RT,1600.699999988079
SS1651870376242,US,CD,focal,Description4,RT,3520.4000000059605
SS1651870376242,US,CD,context,Description7,RT,3882.2000000178814
SS1651870376242,US,CD,focal,Description0,RT,12201.5
SS1651870376242,US,CD,focal,Description5,RT,6192.700000017881
SS1651870376242,US,CD,focal,Description0,RT,5497.4000000059605
SS1651870376242,US,CD,context,Description2,RT,7272.0999999940395
SS1651870376242,US,CD,focal,Description0,RT,4080.5999999940395
SS1651870376242,US,CD,focal,Description5,RT,4385.0999999940395
SS1651870443746,US,CD,context,Description3,RT,8789.800000011921
SS1651870443746,US,CD,context,Description7,RT,9337.099999964237
SS1651870443746,US,CD,context,Description1,RT,5708.100000023842
SS1651870443746,US,CD,focal,Description4,RT,5087.300000011921
SS1651870443746,US,CD,context,Description19,RT,6967.800000011921
SS1651870443746,US,CD,context,Description7,RT,5876.5
SS1651870443746,US,CD,context,Description7,RT,3368.099999964237
SS1651870443746,US,CD,focal,Description29,RT,2518.099999964237
SS1651870443746,US,CD,focal,Description0,RT,6448.400000035763
SS1651870443746,US,CD,focal,Description4,RT,6258
SS1651870443746,US,CD,focal,Description6,RT,3067.100000023842
SS1651870443746,US,CD,context,Description3,RT,1606.699999988079
SS1651870443746,US,CD,focal,Description6,RT,2988
SS1651870443746,US,CD,focal,Description6,RT,8746.600000023842
SS1651870443746,US,CD,context,Description2,RT,1736.5
SS1651870443746,US,CD,context,Description1,RT,4797.600000023842
SS1651870443746,US,CD,focal,Description0,RT,16308
SS1651870443746,US,CD,context,Description3,RT,25449
SS1651870443746,US,CD,context,Description8,RT,1755.800000011921
SS1651870443746,US,CD,focal,Description4,RT,8468
SS1651870443746,US,CD,focal,Description0,RT,14587.800000011921
SS1651870443746,US,CD,context,Description2,RT,25027.899999976158
SS1651870443746,US,CD,context,Description9,RT,10306.199999988079
SS1651870443746,US,CD,context,Description8,RT,6018
SS1651870443746,US,CD,context,Description2,RT,34227.39999997616
SS1651870443746,US,CD,context,Description8,RT,1976.3999999761581
SS1651870443746,US,CD,context,Description1,RT,5667.900000035763
SS1651871550730,US,CD,context,Description2,RT,38731.299999952316
SS1651871550730,US,CD,context,Description7,RT,5956.400000095367
SS1651871550730,US,CD,focal,Description4,RT,14962.300000071526
SS1651871550730,US,CD,focal,Description4,RT,8300.399999976158
SS1651871550730,US,CD,context,Description7,RT,14371.300000071526
SS1651871550730,US,CD,focal,Description0,RT,5707.800000071526
SS1651871550730,US,CD,focal,Description0,RT,9712.699999928474
SS1651871550730,US,CD,context,Description1,RT,2981
SS1651871550730,US,CD,context,Description7,RT,5727.5
SS1651871550730,US,CD,focal,Description29,RT,1816.1000000238419
SS1651871550730,US,CD,context,Description2,RT,9483.200000047684
SS1651871550730,US,CD,focal,Description0,RT,5759.5
SS1651871550730,US,CD,context,Description8,RT,3118.899999976158
SS1651871550730,US,CD,context,Description3,RT,4398.199999928474
SS1651871550730,US,CD,focal,Description4,RT,2583.899999976158
SS1651871550730,US,CD,context,Description8,RT,12941.600000023842
SS1651871550730,US,CD,focal,Description6,RT,10946.900000095367
SS1651871550730,US,CD,context,Description3,RT,4569.399999976158
SS1651871550730,US,CD,context,Description1,RT,7105.600000023842
SS1651871550730,US,CD,focal,Description6,RT,6650.799999952316
SS1651871550730,US,CD,focal,Description6,RT,3605.600000023842
SS1651871550730,US,CD,context,Description2,RT,3777.399999976158
SS1651871550730,US,CD,context,Description19,RT,10285.700000047684
SS1651871550730,US,CD,context,Description1,RT,5166.799999952316
SS1651871550730,US,CD,context,Description9,RT,6173.400000095367
SS1651871550730,US,CD,context,Description8,RT,2280.4000000953674
SS1651871550730,US,CD,context,Description3,RT,5616.799999952316
SS1651871889261,US,CD,context,Description1,RT,8243.59999999404
SS1651871889261,US,CD,focal,Description5,RT,10813.79999999702
SS1651871889261,US,CD,focal,Description4,RT,8028
SS1651871889261,US,CD,focal,Description0,RT,9608.39999999106
SS1651871889261,US,CD,context,Description1,RT,22835.90000000596
SS1651871889261,US,CD,focal,Description0,RT,9351.5
SS1651871889261,US,CD,focal,Description4,RT,21815.29999999702
SS1651871889261,US,CD,focal,Description29,RT,4955.70000000298
SS1651871889261,US,CD,focal,Description6,RT,6971.70000000298
SS1651871889261,US,CD,focal,Description0,RT,24831.39999999106
SS1651871889261,US,CD,context,Description2,RT,10823.09999999404
SS1651871889261,US,CD,focal,Description6,RT,23301.70000000298
SS1651871889261,US,CD,focal,Description4,RT,5419.199999988079
SS1651871889261,US,CD,context,Description2,RT,20211
SS1651871889261,US,CD,focal,Description6,RT,10382.39999999106
SS1651871889261,US,CD,focal,Description5,RT,14133.90000000596
SS1651871889261,US,CD,context,Description1,RT,11473
SS1651871889261,US,CD,focal,Description5,RT,11668.09999999404
SS1651871889261,US,CD,context,Description2,RT,6926.699999988079
SS1651871889261,US,CD,context,Description9,RT,16895.70000000298
SS1651871889261,US,CD,context,Description19,RT,8082.5
SS1651872480719,US,CD,context,Description9,RT,4038
SS1651872480719,US,CD,context,Description19,RT,4445
SS1651872480719,US,CD,context,Description2,RT,47631
SS1651872480719,US,CD,context,Description1,RT,4513
SS1651872480719,US,CD,focal,Description6,RT,12010
SS1651872480719,US,CD,context,Description7,RT,16017
SS1651872480719,US,CD,focal,Description6,RT,9422
SS1651872480719,US,CD,focal,Description0,RT,24449
SS1651872480719,US,CD,context,Description3,RT,2081
SS1651872480719,US,CD,focal,Description4,RT,11397
SS1651872480719,US,CD,context,Description2,RT,1740
SS1651872480719,US,CD,context,Description7,RT,2318
SS1651872480719,US,CD,focal,Description29,RT,4176
SS1651872480719,US,CD,focal,Description4,RT,5741
SS1651872480719,US,CD,focal,Description5,RT,5407
SS1651872480719,US,CD,focal,Description5,RT,11565
SS1651872480719,US,CD,context,Description1,RT,3856
SS1651872480719,US,CD,focal,Description0,RT,6687
SS1651872480719,US,CD,focal,Description4,RT,4328
SS1651872480719,US,CD,context,Description1,RT,5680
SS1651872480719,US,CD,context,Description3,RT,13436
SS1651872480719,US,CD,context,Description2,RT,9289
SS1651872480719,US,CD,context,Description7,RT,6867
SS1651872480719,US,CD,focal,Description6,RT,7571
SS1651872480719,US,CD,focal,Description0,RT,27833
SS1651872480719,US,CD,focal,Description5,RT,9420
SS1651872480719,US,CD,context,Description3,RT,2849
SS1651873332890,US,CD,context,Description1,RT,4929.299999982119
SS1651873332890,US,CD,focal,Description4,RT,2611.899999976158
SS1651873332890,US,CD,focal,Description0,RT,5158.5
SS1651873332890,US,CD,context,Description7,RT,1817.9000000059605
SS1651873332890,US,CD,context,Description7,RT,2826.5
SS1651873332890,US,CD,context,Description7,RT,13539.800000011921
SS1651873332890,US,CD,focal,Description0,RT,5298.9000000059605
SS1651873332890,US,CD,focal,Description29,RT,2110.800000011921
SS1651873332890,US,CD,focal,Description4,RT,5474
SS1651873332890,US,CD,focal,Description0,RT,4165.199999988079
SS1651873332890,US,CD,context,Description9,RT,4331.0999999940395
SS1651873332890,US,CD,context,Description19,RT,3017.800000011921
SS1651873332890,US,CD,context,Description2,RT,2794.199999988079
SS1651873332890,US,CD,focal,Description4,RT,2904.9000000059605
SS1651873332890,US,CD,focal,Description5,RT,1668
SS1651873332890,US,CD,context,Description1,RT,4941.700000017881
SS1651873332890,US,CD,focal,Description5,RT,3825.5999999940395
SS1651873332890,US,CD,context,Description2,RT,3859.4000000059605
SS1651873332890,US,CD,context,Description2,RT,3007.2999999821186
SS1651873332890,US,CD,context,Description1,RT,2953.199999988079
SS1651873332890,US,CD,focal,Description5,RT,9633.90000000596
SS1651873359386,US,CD,focal,Description0,RT,5535.400000095367
SS1651873359386,US,CD,context,Description1,RT,6607.5
SS1651873359386,US,CD,focal,Description5,RT,9356.900000095367
SS1651873359386,US,CD,context,Description7,RT,7321
SS1651873359386,US,CD,context,Description2,RT,20944.399999976158
SS1651873359386,US,CD,context,Description8,RT,5153.399999976158
SS1651873359386,US,CD,context,Description7,RT,4665.700000047684
SS1651873359386,US,CD,focal,Description0,RT,17005.400000095367
SS1651873359386,US,CD,context,Description2,RT,20148
SS1651873359386,US,CD,focal,Description6,RT,16950.5
SS1651873359386,US,CD,context,Description9,RT,22879.899999976158
SS1651873359386,US,CD,focal,Description5,RT,9470.399999976158
SS1651873359386,US,CD,context,Description1,RT,11923.600000023842
SS1651873359386,US,CD,focal,Description4,RT,7374
SS1651873359386,US,CD,focal,Description5,RT,7508.100000023842
SS1651873359386,US,CD,focal,Description6,RT,11534.200000047684
SS1651873359386,US,CD,context,Description8,RT,28078.100000023842
SS1651873359386,US,CD,context,Description3,RT,3461.3000000715256
SS1651873359386,US,CD,focal,Description0,RT,30173.799999952316
SS1651873359386,US,CD,context,Description3,RT,3261.2000000476837
SS1651873359386,US,CD,context,Description2,RT,4680
SS1651873359386,US,CD,context,Description19,RT,5582.5
SS1651873359386,US,CD,focal,Description6,RT,3774.2000000476837
SS1651873359386,US,CD,context,Description1,RT,2619.7000000476837
SS1651873359386,US,CD,context,Description8,RT,3558.6999999284744
SS1651873359386,US,CD,context,Description3,RT,10831
SS1651873359386,US,CD,focal,Description29,RT,3656.100000023842
SS1651873359386,US,CD,focal,Description4,RT,12094
SS1651873359386,US,CD,focal,Description4,RT,9461.299999952316
SS1651873359386,US,CD,context,Description7,RT,7925
SS1651878926426,US,CD,focal,Description0,RT,42342
SS1651878926426,US,CD,context,Description1,RT,3719
SS1651878926426,US,CD,focal,Description6,RT,4666
SS1651878926426,US,CD,context,Description7,RT,4921
SS1651878926426,US,CD,focal,Description5,RT,4902
SS1651878926426,US,CD,context,Description1,RT,3053
SS1651878926426,US,CD,context,Description2,RT,3669
SS1651878926426,US,CD,focal,Description6,RT,8063
SS1651878926426,US,CD,focal,Description4,RT,5673
SS1651878926426,US,CD,focal,Description4,RT,3729
SS1651878926426,US,CD,context,Description2,RT,6335
SS1651878926426,US,CD,context,Description7,RT,17019
SS1651878926426,US,CD,focal,Description29,RT,3471
SS1651878926426,US,CD,focal,Description5,RT,6501
SS1651878926426,US,CD,context,Description9,RT,4252
SS1651878926426,US,CD,context,Description3,RT,2516
SS1651878926426,US,CD,context,Description3,RT,1957
SS1651878926426,US,CD,focal,Description5,RT,5009
SS1651878926426,US,CD,context,Description19,RT,3456
SS1651878926426,US,CD,context,Description3,RT,2841
SS1651878926426,US,CD,focal,Description0,RT,7534
SS1651878926426,US,CD,context,Description2,RT,2418
SS1651878926426,US,CD,focal,Description4,RT,18261
SS1651878926426,US,CD,focal,Description6,RT,4208
SS1651878926426,US,CD,context,Description1,RT,13689
SS1651878926426,US,CD,context,Description7,RT,2316
SS1651878926426,US,CD,focal,Description0,RT,11732
SS1651878928252,US,CD,context,Description1,RT,7171.699999999255
SS1651878928252,US,CD,context,Description9,RT,3997.800000000745
SS1651878928252,US,CD,focal,Description6,RT,3552.39999999851
SS1651878928252,US,CD,context,Description19,RT,4313.300000000745
SS1651878928252,US,CD,focal,Description6,RT,2298.39999999851
SS1651878928252,US,CD,focal,Description6,RT,9140.099999997765
SS1651878928252,US,CD,context,Description3,RT,20761.199999999255
SS1651878928252,US,CD,focal,Description5,RT,4574.900000002235
SS1651878928252,US,CD,context,Description7,RT,43891.800000000745
SS1651878928252,US,CD,context,Description2,RT,9841.29999999702
SS1651878928252,US,CD,focal,Description5,RT,6595.89999999851
SS1651878928252,US,CD,context,Description2,RT,1625.5
SS1651878928252,US,CD,context,Description3,RT,2108
SS1651878928252,US,CD,context,Description7,RT,2738.699999999255
SS1651878928252,US,CD,focal,Description0,RT,11126.60000000149
SS1651878928252,US,CD,focal,Description5,RT,45622.400000002235
SS1651878928252,US,CD,context,Description1,RT,21644.39999999851
SS1651878928252,US,CD,focal,Description0,RT,21053.5
SS1651878928252,US,CD,context,Description1,RT,2511.60000000149
SS1651878928252,US,CD,context,Description2,RT,5325.39999999851
SS1651878928252,US,CD,context,Description3,RT,1468.1000000014901
SS1651878928252,US,CD,focal,Description0,RT,2739.5
SS1651878928252,US,CD,focal,Description29,RT,1468.5
SS1651878928252,US,CD,context,Description7,RT,1603.6000000014901
SS1651544690789,CN,CD,context,Description1,RT,4355.84999999986
SS1651544690789,CN,CD,context,Description2,RT,14059.760000000126
SS1651544690789,CN,CD,context,Description7,RT,35700.59000000043
SS1651544690789,CN,CD,focal,Description0,RT,9386.17000000074
SS1651544690789,CN,CD,context,Description3,RT,22368.03999999934
SS1651544690789,CN,CD,focal,Description4,RT,9420.170000000391
SS1651544690789,CN,CD,context,Description3,RT,6401.16500000027
SS1651544690789,CN,CD,context,Description7,RT,null
SS1651544690789,CN,CD,context,Description2,RT,16078.829999999609
SS1651544690789,CN,CD,context,Description2,RT,4444.024999999674
SS1651544690789,CN,CD,context,Description19,RT,7170.944999999832
SS1651544690789,CN,CD,focal,Description4,RT,7807.120000000345
SS1651544690789,CN,CD,context,Description8,RT,2482.3350000004284
SS1651544690789,CN,CD,context,Description7,RT,10331.005000000121
SS1651544690789,CN,CD,focal,Description0,RT,null
SS1651544690789,CN,CD,context,Description8,RT,13305.98499999987
SS1651544690789,CN,CD,focal,Description29,RT,3397.5599999993574
SS1651544690789,CN,CD,context,Description3,RT,3192.574999999022
SS1651544690789,CN,CD,context,Description1,RT,10688.53499999945
SS1651544690789,CN,CD,focal,Description0,RT,28842.870000000345
SS1651544690789,CN,CD,focal,Description4,RT,21028.519999999786
SS1651544690789,CN,CD,context,Description8,RT,33120.24999999977
SS1651544690789,CN,CD,context,Description1,RT,6647.369999999646
SS1651544913549,CN,CD,context,Description3,RT,17837.099999904633
SS1651544913549,CN,CD,focal,Description4,RT,20363.299999952316
SS1651544913549,CN,CD,focal,Description0,RT,8894.299999952316
SS1651544913549,CN,CD,focal,Description5,RT,6339.600000023842
SS1651544913549,CN,CD,context,Description2,RT,8626.599999904633
SS1651544913549,CN,CD,context,Description9,RT,9609.100000023842
SS1651544913549,CN,CD,context,Description7,RT,10421.599999904633
SS1651544913549,CN,CD,context,Description1,RT,4642.299999952316
SS1651544913549,CN,CD,context,Description3,RT,5980.399999976158
SS1651544913549,CN,CD,focal,Description0,RT,30632.100000023842
SS1651544913549,CN,CD,focal,Description6,RT,4185
SS1651544913549,CN,CD,context,Description19,RT,8221.399999976158
SS1651544913549,CN,CD,focal,Description6,RT,15574.399999976158
SS1651544913549,CN,CD,context,Description2,RT,3231.1999999284744
SS1651544913549,CN,CD,focal,Description5,RT,6866.5
SS1651544913549,CN,CD,focal,Description6,RT,3085.1999999284744
SS1651544913549,CN,CD,focal,Description29,RT,8874.5
SS1651544913549,CN,CD,context,Description1,RT,6219.899999976158
SS1651544913549,CN,CD,context,Description7,RT,6704.199999928474
SS1651544913549,CN,CD,focal,Description0,RT,6413.899999976158
SS1651544913549,CN,CD,focal,Description5,RT,2571.9000000953674
SS1651544913549,CN,CD,context,Description2,RT,10120.899999976158
SS1651544913549,CN,CD,context,Description3,RT,4540.699999928474
SS1651544913549,CN,CD,context,Description1,RT,3611.899999976158
SS1651544913549,CN,CD,context,Description7,RT,2924.7999999523163
SS1651544913549,CN,CD,focal,Description4,RT,11951.899999976158
SS1651544913549,CN,CD,focal,Description4,RT,10781.699999928474
SS1651545081461,CN,CD,focal,Description0,RT,4166
SS1651545081461,CN,CD,context,Description2,RT,6833
SS1651545081461,CN,CD,context,Description7,RT,12167
SS1651545081461,CN,CD,context,Description1,RT,5788
SS1651545081461,CN,CD,context,Description3,RT,9312
SS1651545081461,CN,CD,context,Description7,RT,8473
SS1651545081461,CN,CD,context,Description9,RT,13927
SS1651545081461,CN,CD,focal,Description6,RT,10839
SS1651545081461,CN,CD,context,Description1,RT,7588
SS1651545081461,CN,CD,focal,Description0,RT,6668
SS1651545081461,CN,CD,context,Description2,RT,24233
SS1651545081461,CN,CD,focal,Description6,RT,6943
SS1651545081461,CN,CD,context,Description8,RT,8059
SS1651545081461,CN,CD,focal,Description4,RT,7882
SS1651545081461,CN,CD,context,Description8,RT,4284
SS1651545081461,CN,CD,context,Description3,RT,4094
SS1651545081461,CN,CD,focal,Description4,RT,12354
SS1651545081461,CN,CD,focal,Description6,RT,10978
SS1651545081461,CN,CD,context,Description19,RT,11529
SS1651545081461,CN,CD,context,Description7,RT,6065
SS1651545081461,CN,CD,focal,Description5,RT,8097
SS1651545081461,CN,CD,context,Description1,RT,9007
SS1651545081461,CN,CD,context,Description3,RT,5868
SS1651545081461,CN,CD,focal,Description5,RT,4292
SS1651545081461,CN,CD,focal,Description0,RT,5157
SS1651545081461,CN,CD,context,Description2,RT,9000
SS1651545081461,CN,CD,focal,Description4,RT,8841
SS1651545081461,CN,CD,context,Description8,RT,8259
SS1651545081461,CN,CD,focal,Description29,RT,3734
SS1651545081461,CN,CD,focal,Description5,RT,10992
SS1651545107281,CN,CD,context,Description2,RT,9371.999999999985
SS1651545107281,CN,CD,context,Description8,RT,16791.399999999965
SS1651545107281,CN,CD,focal,Description29,RT,3237.0999999999767
SS1651545107281,CN,CD,context,Description1,RT,6143.299999999988
SS1651545107281,CN,CD,focal,Description6,RT,5379.399999999965
SS1651545107281,CN,CD,focal,Description5,RT,4135.900000000023
SS1651545107281,CN,CD,context,Description2,RT,6766.200000000012
SS1651545107281,CN,CD,context,Description9,RT,27469.100000000035
SS1651545107281,CN,CD,focal,Description4,RT,6854.799999999988
SS1651545107281,CN,CD,focal,Description4,RT,3024.6999999999534
SS1651545107281,CN,CD,focal,Description5,RT,9596.800000000047
SS1651545107281,CN,CD,context,Description1,RT,4342.600000000093
SS1651545107281,CN,CD,focal,Description5,RT,8326.099999999919
SS1651545107281,CN,CD,focal,Description6,RT,2706.4000000000233
SS1651545107281,CN,CD,context,Description8,RT,4541.400000000023
SS1651545107281,CN,CD,context,Description2,RT,3342
SS1651545107281,CN,CD,focal,Description0,RT,2726.399999999907
SS1651545107281,CN,CD,context,Description19,RT,12902.29999999993
SS1651545107281,CN,CD,focal,Description0,RT,2541.6999999999534
SS1651545107281,CN,CD,focal,Description6,RT,3886.3000000000466
SS1651545107281,CN,CD,focal,Description4,RT,5622.5
SS1651545107281,CN,CD,context,Description1,RT,110.90000000002328
SS1651545107281,CN,CD,context,Description3,RT,7086.900000000023
SS1651545107281,CN,CD,context,Description3,RT,2549.5
SS1651545107281,CN,CD,context,Description3,RT,2141.79999999993
SS1651545107281,CN,CD,context,Description7,RT,3150.9000000000233
SS1651545107281,CN,CD,context,Description8,RT,5046.800000000047
SS1651545107281,CN,CD,context,Description7,RT,2153.6999999999534
SS1651545107281,CN,CD,focal,Description0,RT,22926.40000000014
SS1651545107281,CN,CD,context,Description7,RT,8349.59999999986
SS1651545123067,CN,CD,context,Description3,RT,2981.2000000476837
SS1651545123067,CN,CD,focal,Description5,RT,3428.2999999523163
SS1651545123067,CN,CD,context,Description3,RT,1553.6000000238419
SS1651545123067,CN,CD,context,Description9,RT,2122.5
SS1651545123067,CN,CD,context,Description1,RT,1805
SS1651545123067,CN,CD,focal,Description29,RT,2942.7000000476837
SS1651545123067,CN,CD,context,Description3,RT,1237.6000000238419
SS1651545123067,CN,CD,focal,Description4,RT,2383.399999976158
SS1651545123067,CN,CD,focal,Description4,RT,4822
SS1651545123067,CN,CD,context,Description7,RT,1085.7999999523163
SS1651545123067,CN,CD,focal,Description6,RT,2274.100000023842
SS1651545123067,CN,CD,context,Description8,RT,5505.700000047684
SS1651545123067,CN,CD,context,Description2,RT,3663.6999999284744
SS1651545123067,CN,CD,focal,Description0,RT,937.2000000476837
SS1651545123067,CN,CD,focal,Description5,RT,976
SS1651545123067,CN,CD,context,Description8,RT,3170.2000000476837
SS1651545123067,CN,CD,focal,Description5,RT,2802.3000000715256
SS1651545123067,CN,CD,context,Description1,RT,2918.100000023842
SS1651545123067,CN,CD,context,Description8,RT,2728.2000000476837
SS1651545123067,CN,CD,focal,Description6,RT,5647.799999952316
SS1651545123067,CN,CD,context,Description1,RT,4051
SS1651545123067,CN,CD,context,Description2,RT,2099.600000023842
SS1651545123067,CN,CD,focal,Description4,RT,27991.599999904633
SS1651545123067,CN,CD,context,Description7,RT,null
SS1651545123067,CN,CD,context,Description19,RT,24822.800000071526
SS1651545123067,CN,CD,context,Description2,RT,3482.399999976158
SS1651545123067,CN,CD,focal,Description0,RT,1278.8000000715256
SS1651545123067,CN,CD,context,Description7,RT,3006.899999976158
SS1651545123067,CN,CD,focal,Description0,RT,2630.7000000476837
SS1651545123067,CN,CD,focal,Description6,RT,1598.5
SS1651545188145,CN,CD,context,Description8,RT,17945
SS1651545188145,CN,CD,focal,Description4,RT,7859
SS1651545188145,CN,CD,focal,Description0,RT,16770
SS1651545188145,CN,CD,context,Description8,RT,3568
SS1651545188145,CN,CD,context,Description2,RT,12344
SS1651545188145,CN,CD,focal,Description5,RT,20156
SS1651545188145,CN,CD,context,Description3,RT,6453
SS1651545188145,CN,CD,context,Description3,RT,4439
SS1651545188145,CN,CD,focal,Description0,RT,5998
SS1651545188145,CN,CD,context,Description7,RT,3210
SS1651545188145,CN,CD,focal,Description4,RT,11985
SS1651545188145,CN,CD,focal,Description29,RT,2120
SS1651545188145,CN,CD,context,Description9,RT,13522
SS1651545188145,CN,CD,context,Description19,RT,6869
SS1651545188145,CN,CD,context,Description2,RT,4161
SS1651545188145,CN,CD,focal,Description5,RT,7512
SS1651545188145,CN,CD,focal,Description6,RT,9472
SS1651545188145,CN,CD,context,Description3,RT,2940
SS1651545188145,CN,CD,context,Description2,RT,21104
SS1651545188145,CN,CD,context,Description1,RT,24315
SS1651545188145,CN,CD,context,Description7,RT,10839
SS1651545188145,CN,CD,focal,Description0,RT,22291
SS1651545188145,CN,CD,focal,Description5,RT,10495
SS1651545188145,CN,CD,focal,Description6,RT,3327
SS1651545188145,CN,CD,context,Description7,RT,2579
SS1651545188145,CN,CD,context,Description8,RT,4688
SS1651545188145,CN,CD,context,Description1,RT,13434
SS1651545188145,CN,CD,focal,Description4,RT,40163
SS1651545188145,CN,CD,focal,Description6,RT,3601
SS1651545188145,CN,CD,context,Description1,RT,3996
SS1651545279588,CN,CD,context,Description8,RT,11870.5
SS1651545279588,CN,CD,focal,Description4,RT,11330.799999952316
SS1651545279588,CN,CD,focal,Description6,RT,27421.700000047684
SS1651545279588,CN,CD,context,Description8,RT,4728.799999952316
SS1651545279588,CN,CD,context,Description3,RT,19218.400000095367
SS1651545279588,CN,CD,focal,Description0,RT,15609.299999952316
SS1651545279588,CN,CD,focal,Description5,RT,7967.799999952316
SS1651545279588,CN,CD,focal,Description4,RT,5829.799999952316
SS1651545279588,CN,CD,focal,Description6,RT,29383.200000047684
SS1651545279588,CN,CD,context,Description1,RT,19351.700000047684
SS1651545279588,CN,CD,focal,Description6,RT,2554.0999999046326
SS1651545279588,CN,CD,context,Description7,RT,null
SS1651545279588,CN,CD,focal,Description5,RT,5096
SS1651545279588,CN,CD,focal,Description4,RT,11191.099999904633
SS1651545279588,CN,CD,context,Description8,RT,2371.2999999523163
SS1651545279588,CN,CD,focal,Description0,RT,7749.299999952316
SS1651545279588,CN,CD,context,Description1,RT,6926
SS1651545279588,CN,CD,focal,Description0,RT,4245.600000143051
SS1651545279588,CN,CD,focal,Description5,RT,10841.600000143051
SS1651545279588,CN,CD,context,Description1,RT,4421
SS1651545279588,CN,CD,context,Description2,RT,16815.799999952316
SS1651545279588,CN,CD,context,Description3,RT,2458.5
SS1651545279588,CN,CD,context,Description2,RT,3923.800000190735
SS1651545279588,CN,CD,context,Description7,RT,5106.600000143051
SS1651545279588,CN,CD,context,Description2,RT,6495.799999952316
SS1651545279588,CN,CD,focal,Description29,RT,3016.699999809265
SS1651545279588,CN,CD,context,Description3,RT,5739.5
SS1651545279588,CN,CD,context,Description9,RT,28280.700000047684
SS1651545279588,CN,CD,context,Description19,RT,4725.900000095367
SS1651545279588,CN,CD,context,Description7,RT,6221.399999856949
SS1651545285513,CN,CD,focal,Description5,RT,20380.485000000102
SS1651545285513,CN,CD,focal,Description0,RT,7070.165000000037
SS1651545285513,CN,CD,context,Description1,RT,4120.454999999958
SS1651545285513,CN,CD,context,Description2,RT,2943.2100000001956
SS1651545285513,CN,CD,context,Description2,RT,8624.895000000135
SS1651545285513,CN,CD,context,Description2,RT,5730.239999999874
SS1651545285513,CN,CD,focal,Description0,RT,31941.469999999972
SS1651545285513,CN,CD,context,Description19,RT,7278.524999999907
SS1651545285513,CN,CD,context,Description3,RT,2783.1199999999953
SS1651545285513,CN,CD,focal,Description4,RT,10597.314999999944
SS1651545285513,CN,CD,context,Description3,RT,3803.2450000001118
SS1651545285513,CN,CD,focal,Description0,RT,5575.415000000037
SS1651545285513,CN,CD,focal,Description4,RT,5298.255000000121
SS1651545285513,CN,CD,focal,Description29,RT,4470.460000000196
SS1651545285513,CN,CD,context,Description1,RT,2616.850000000093
SS1651545285513,CN,CD,context,Description1,RT,8996.185000000056
SS1651545285513,CN,CD,focal,Description5,RT,7214.360000000102
SS1651545285513,CN,CD,focal,Description5,RT,10781.774999999907
SS1651545285513,CN,CD,context,Description7,RT,2422.8900000001304
SS1651545285513,CN,CD,context,Description3,RT,3447.25
SS1651545285513,CN,CD,context,Description7,RT,37118.22499999986
SS1651545285513,CN,CD,focal,Description4,RT,4126.855000000447
SS1651545285513,CN,CD,context,Description7,RT,6757.65000000014
SS1651545357097,CN,CD,context,Description7,RT,22853
SS1651545357097,CN,CD,context,Description7,RT,19078
SS1651545357097,CN,CD,context,Description2,RT,11591
SS1651545357097,CN,CD,focal,Description5,RT,14502
SS1651545357097,CN,CD,context,Description2,RT,11665
SS1651545357097,CN,CD,focal,Description0,RT,10611
SS1651545357097,CN,CD,focal,Description0,RT,3749
SS1651545357097,CN,CD,focal,Description6,RT,16072
SS1651545357097,CN,CD,context,Description2,RT,16815
SS1651545357097,CN,CD,context,Description9,RT,23923
SS1651545357097,CN,CD,focal,Description5,RT,25933
SS1651545357097,CN,CD,context,Description19,RT,4277
SS1651545357097,CN,CD,focal,Description6,RT,16533
SS1651545357097,CN,CD,focal,Description0,RT,18801
SS1651545357097,CN,CD,context,Description1,RT,12132
SS1651545357097,CN,CD,context,Description1,RT,6036
SS1651545357097,CN,CD,focal,Description29,RT,3769
SS1651545357097,CN,CD,context,Description1,RT,6415
SS1651545357097,CN,CD,context,Description3,RT,3655
SS1651545357097,CN,CD,context,Description7,RT,3047
SS1651545357097,CN,CD,focal,Description5,RT,11285
SS1651545357097,CN,CD,focal,Description6,RT,3594
SS1651545357097,CN,CD,context,Description3,RT,7924
SS1651545357097,CN,CD,context,Description3,RT,1623
SS1651545751233,CN,CD,focal,Description5,RT,32344.60000014305
SS1651545751233,CN,CD,context,Description7,RT,4784.599999904633
SS1651545751233,CN,CD,context,Description2,RT,5581.899999856949
SS1651545751233,CN,CD,focal,Description4,RT,9981.799999952316
SS1651545751233,CN,CD,focal,Description6,RT,11255.900000095367
SS1651545751233,CN,CD,context,Description2,RT,15810
SS1651545751233,CN,CD,context,Description1,RT,17796.299999952316
SS1651545751233,CN,CD,context,Description1,RT,5148.599999904633
SS1651545751233,CN,CD,focal,Description5,RT,4364.5
SS1651545751233,CN,CD,context,Description19,RT,13373.5
SS1651545751233,CN,CD,context,Description7,RT,7414.800000190735
SS1651545751233,CN,CD,context,Description9,RT,7429.600000143051
SS1651545751233,CN,CD,focal,Description6,RT,3348.899999856949
SS1651545751233,CN,CD,focal,Description4,RT,12462.5
SS1651545751233,CN,CD,context,Description2,RT,7530.599999904633
SS1651545751233,CN,CD,focal,Description6,RT,2501.2000000476837
SS1651545751233,CN,CD,focal,Description0,RT,6763.599999904633
SS1651545751233,CN,CD,context,Description7,RT,8924.899999856949
SS1651545751233,CN,CD,focal,Description29,RT,2971
SS1651545751233,CN,CD,context,Description1,RT,6236.700000047684
SS1651545751233,CN,CD,focal,Description4,RT,9045.600000143051
SS1651545751233,CN,CD,focal,Description5,RT,6028.700000047684
SS1651545751233,CN,CD,focal,Description0,RT,11922.099999904633
SS1651545751233,CN,CD,focal,Description0,RT,3452.2000000476837
SS1651546122639,CN,CD,context,Description8,RT,39486
SS1651546122639,CN,CD,focal,Description0,RT,19715
SS1651546122639,CN,CD,focal,Description5,RT,25180
SS1651546122639,CN,CD,focal,Description4,RT,39106
SS1651546122639,CN,CD,focal,Description5,RT,50173
SS1651546122639,CN,CD,focal,Description29,RT,5013
SS1651546122639,CN,CD,focal,Description0,RT,31960
SS1651546122639,CN,CD,context,Description1,RT,20134
SS1651546122639,CN,CD,context,Description7,RT,16000
SS1651546122639,CN,CD,context,Description3,RT,26344
SS1651546122639,CN,CD,focal,Description0,RT,7575
SS1651546122639,CN,CD,focal,Description4,RT,20655
SS1651546122639,CN,CD,context,Description2,RT,13240
SS1651546122639,CN,CD,context,Description3,RT,7079
SS1651546122639,CN,CD,context,Description3,RT,6749
SS1651546122639,CN,CD,context,Description8,RT,6521
SS1651546122639,CN,CD,focal,Description6,RT,25525
SS1651546122639,CN,CD,context,Description8,RT,8658
SS1651546122639,CN,CD,context,Description7,RT,40072
SS1651546122639,CN,CD,context,Description1,RT,13852
SS1651546122639,CN,CD,focal,Description4,RT,9310
SS1651546122639,CN,CD,context,Description2,RT,26024
SS1651546122639,CN,CD,focal,Description6,RT,30282
SS1651546122639,CN,CD,context,Description1,RT,7769
SS1651546122639,CN,CD,focal,Description6,RT,13186
SS1651546122639,CN,CD,context,Description2,RT,27492
SS1651546122639,CN,CD,focal,Description5,RT,34198
SS1651546122639,CN,CD,context,Description19,RT,17930
SS1651546122639,CN,CD,context,Description9,RT,38392
SS1651546122639,CN,CD,context,Description7,RT,12800
SS1651546915326,CN,CD,context,Description7,RT,17007
SS1651546915326,CN,CD,focal,Description4,RT,9745.299999952316
SS1651546915326,CN,CD,focal,Description5,RT,11641.5
SS1651546915326,CN,CD,context,Description9,RT,12646.200000047684
SS1651546915326,CN,CD,focal,Description4,RT,10328.5
SS1651546915326,CN,CD,focal,Description6,RT,4434
SS1651546915326,CN,CD,focal,Description6,RT,4264.399999976158
SS1651546915326,CN,CD,focal,Description6,RT,13419.800000071526
SS1651546915326,CN,CD,context,Description8,RT,4799.799999952316
SS1651546915326,CN,CD,context,Description3,RT,6284.700000047684
SS1651546915326,CN,CD,focal,Description0,RT,24663.899999976158
SS1651546915326,CN,CD,context,Description1,RT,2287.5
SS1651546915326,CN,CD,context,Description3,RT,7163.700000047684
SS1651546915326,CN,CD,focal,Description5,RT,4214.800000071526
SS1651546915326,CN,CD,focal,Description4,RT,5004.899999976158
SS1651546915326,CN,CD,context,Description3,RT,4586
SS1651546915326,CN,CD,context,Description8,RT,1892.7999999523163
SS1651546915326,CN,CD,focal,Description29,RT,2872.5
SS1651546915326,CN,CD,focal,Description0,RT,9221
SS1651546915326,CN,CD,focal,Description0,RT,19370.699999928474
SS1651546915326,CN,CD,context,Description19,RT,7168.899999976158
SS1651546915326,CN,CD,focal,Description5,RT,13773.100000023842
SS1651546915326,CN,CD,context,Description7,RT,2469.899999976158
SS1651546915326,CN,CD,context,Description1,RT,9012.200000047684
SS1651546915326,CN,CD,context,Description8,RT,2388.7000000476837
SS1651546915326,CN,CD,context,Description1,RT,7107.100000023842
SS1651546915326,CN,CD,context,Description7,RT,11837.5
SS1651547162777,CN,CD,focal,Description4,RT,11380
SS1651547162777,CN,CD,context,Description1,RT,2626
SS1651547162777,CN,CD,context,Description3,RT,9337
SS1651547162777,CN,CD,context,Description3,RT,9499
SS1651547162777,CN,CD,context,Description7,RT,33413
SS1651547162777,CN,CD,focal,Description0,RT,14216
SS1651547162777,CN,CD,focal,Description5,RT,22583
SS1651547162777,CN,CD,focal,Description6,RT,38616
SS1651547162777,CN,CD,focal,Description0,RT,10172
SS1651547162777,CN,CD,focal,Description4,RT,6178
SS1651547162777,CN,CD,focal,Description4,RT,7567
SS1651547162777,CN,CD,context,Description19,RT,9617
SS1651547162777,CN,CD,context,Description9,RT,14988
SS1651547162777,CN,CD,focal,Description6,RT,6358
SS1651547162777,CN,CD,context,Description1,RT,9842
SS1651547162777,CN,CD,focal,Description5,RT,15513
SS1651547162777,CN,CD,context,Description2,RT,16824
SS1651547162777,CN,CD,focal,Description29,RT,4137
SS1651547162777,CN,CD,context,Description7,RT,6450
SS1651547162777,CN,CD,context,Description7,RT,7162
SS1651547162777,CN,CD,context,Description3,RT,3281
SS1651547162777,CN,CD,context,Description2,RT,5484
SS1651547162777,CN,CD,context,Description1,RT,16494
SS1651547162777,CN,CD,focal,Description5,RT,9170
SS1651547162777,CN,CD,focal,Description0,RT,3572
SS1651547162777,CN,CD,focal,Description6,RT,5041
SS1651547162777,CN,CD,context,Description2,RT,22299
SS1651548143005,CN,CD,context,Description7,RT,6851.099999904633
SS1651548143005,CN,CD,focal,Description0,RT,8410.100000023842
SS1651548143005,CN,CD,context,Description2,RT,2880.2999999523163
SS1651548143005,CN,CD,context,Description19,RT,6478.099999904633
SS1651548143005,CN,CD,focal,Description6,RT,2847.7000000476837
SS1651548143005,CN,CD,context,Description1,RT,4953.800000071526
SS1651548143005,CN,CD,context,Description7,RT,1783.8999999761581
SS1651548143005,CN,CD,context,Description2,RT,9485.5
SS1651548143005,CN,CD,focal,Description4,RT,4652.600000023842
SS1651548143005,CN,CD,context,Description1,RT,2912.1999999284744
SS1651548143005,CN,CD,context,Description9,RT,3849.399999976158
SS1651548143005,CN,CD,focal,Description5,RT,9816
SS1651548143005,CN,CD,context,Description2,RT,7310.299999952316
SS1651548143005,CN,CD,focal,Description0,RT,3071.399999976158
SS1651548143005,CN,CD,focal,Description6,RT,3908
SS1651548143005,CN,CD,context,Description3,RT,10837.299999952316
SS1651548143005,CN,CD,focal,Description4,RT,10736.600000023842
SS1651548143005,CN,CD,focal,Description5,RT,12056.299999952316
SS1651548143005,CN,CD,focal,Description0,RT,5584
SS1651548143005,CN,CD,context,Description1,RT,3835.7000000476837
SS1651548143005,CN,CD,focal,Description5,RT,3688.2999999523163
SS1651548143005,CN,CD,context,Description3,RT,2126.3000000715256
SS1651548143005,CN,CD,context,Description7,RT,1696.9000000953674
SS1651548143005,CN,CD,focal,Description4,RT,7411.5
SS1651548143005,CN,CD,context,Description3,RT,2364.399999976158
SS1651548143005,CN,CD,focal,Description29,RT,1505.6000000238419
SS1651548143005,CN,CD,focal,Description6,RT,2284.0999999046326
SS1651552362039,CN,CD,focal,Description0,RT,8298
SS1651552362039,CN,CD,focal,Description5,RT,14988
SS1651552362039,CN,CD,context,Description1,RT,8782
SS1651552362039,CN,CD,focal,Description6,RT,29904
SS1651552362039,CN,CD,focal,Description4,RT,15900
SS1651552362039,CN,CD,context,Description2,RT,8835
SS1651552362039,CN,CD,context,Description7,RT,18238
SS1651552362039,CN,CD,context,Description19,RT,9726
SS1651552362039,CN,CD,context,Description9,RT,30036
SS1651552362039,CN,CD,context,Description1,RT,10596
SS1651552362039,CN,CD,focal,Description5,RT,42191
SS1651552362039,CN,CD,focal,Description5,RT,7909
SS1651552362039,CN,CD,context,Description7,RT,10321
SS1651552362039,CN,CD,focal,Description6,RT,5733
SS1651552362039,CN,CD,context,Description3,RT,7344
SS1651552362039,CN,CD,focal,Description0,RT,14066
SS1651552362039,CN,CD,context,Description1,RT,13909
SS1651552362039,CN,CD,context,Description3,RT,7010
SS1651552362039,CN,CD,context,Description7,RT,3760
SS1651552362039,CN,CD,focal,Description4,RT,10276
SS1651552362039,CN,CD,focal,Description4,RT,17250
SS1651552362039,CN,CD,focal,Description29,RT,2794
SS1651552362039,CN,CD,focal,Description0,RT,7060
SS1651552362039,CN,CD,context,Description2,RT,14553
SS1651552362039,CN,CD,context,Description3,RT,9409
SS1651552362039,CN,CD,context,Description2,RT,13401
SS1651552362039,CN,CD,focal,Description6,RT,6277
SS1651552837542,CN,CD,focal,Description4,RT,14503.599999999627
SS1651552837542,CN,CD,focal,Description4,RT,11300.099999999627
SS1651552837542,CN,CD,context,Description7,RT,41153.29999999888
SS1651552837542,CN,CD,focal,Description6,RT,39260.89999999851
SS1651552837542,CN,CD,focal,Description5,RT,11506
SS1651552837542,CN,CD,context,Description8,RT,10095.699999999255
SS1651552837542,CN,CD,context,Description3,RT,5464.699999999255
SS1651552837542,CN,CD,focal,Description5,RT,10776.900000000373
SS1651552837542,CN,CD,context,Description8,RT,3280.2999999988824
SS1651552837542,CN,CD,context,Description8,RT,22192.800000000745
SS1651552837542,CN,CD,context,Description9,RT,11235.5
SS1651552837542,CN,CD,focal,Description4,RT,18057.400000000373
SS1651552837542,CN,CD,context,Description3,RT,3170.4000000003725
SS1651552837542,CN,CD,context,Description2,RT,7259.700000001118
SS1651552837542,CN,CD,context,Description7,RT,3135.7000000011176
SS1651552837542,CN,CD,context,Description2,RT,34827.300000000745
SS1651552837542,CN,CD,focal,Description6,RT,4237.200000001118
SS1651552837542,CN,CD,context,Description1,RT,9796.299999998882
SS1651552837542,CN,CD,context,Description3,RT,5147.4000000003725
SS1651552837542,CN,CD,context,Description1,RT,16073.199999999255
SS1651552837542,CN,CD,context,Description19,RT,12343.900000000373
SS1651552837542,CN,CD,focal,Description5,RT,7788.5999999996275
SS1651552837542,CN,CD,focal,Description29,RT,2006.199999999255
SS1651552837542,CN,CD,context,Description2,RT,12124.799999998882
SS1651552837542,CN,CD,context,Description1,RT,3697
SS1651552837542,CN,CD,focal,Description6,RT,9114.599999999627
SS1651552837542,CN,CD,context,Description7,RT,4970.200000001118
SS1651553474432,CN,CD,focal,Description0,RT,2414
SS1651553474432,CN,CD,context,Description2,RT,9888
SS1651553474432,CN,CD,context,Description3,RT,20317
SS1651553474432,CN,CD,context,Description2,RT,22041
SS1651553474432,CN,CD,focal,Description4,RT,7132
SS1651553474432,CN,CD,context,Description8,RT,5077
SS1651553474432,CN,CD,focal,Description4,RT,15732
SS1651553474432,CN,CD,focal,Description6,RT,14600
SS1651553474432,CN,CD,focal,Description29,RT,3515
SS1651553474432,CN,CD,context,Description7,RT,5071
SS1651553474432,CN,CD,context,Description3,RT,3300
SS1651553474432,CN,CD,context,Description3,RT,13634
SS1651553474432,CN,CD,focal,Description4,RT,3051
SS1651553474432,CN,CD,context,Description8,RT,17855
SS1651553474432,CN,CD,context,Description2,RT,5185
SS1651553474432,CN,CD,focal,Description6,RT,4272
SS1651553474432,CN,CD,context,Description1,RT,8078
SS1651553474432,CN,CD,context,Description1,RT,12956
SS1651553474432,CN,CD,focal,Description6,RT,12348
SS1651553474432,CN,CD,context,Description1,RT,7370
SS1651553474432,CN,CD,focal,Description0,RT,6492
SS1651553474432,CN,CD,context,Description7,RT,7270
SS1651553474432,CN,CD,context,Description9,RT,13754
SS1651553474432,CN,CD,focal,Description0,RT,6405
SS1651553474432,CN,CD,context,Description8,RT,3552
SS1651553474432,CN,CD,context,Description7,RT,15827
SS1651553474432,CN,CD,context,Description19,RT,10756
SS1651553913160,CN,CD,focal,Description0,RT,7526.10000000149
SS1651553913160,CN,CD,context,Description7,RT,8649.39999999851
SS1651553913160,CN,CD,context,Description3,RT,9343
SS1651553913160,CN,CD,focal,Description5,RT,9521.89999999851
SS1651553913160,CN,CD,focal,Description5,RT,5985.60000000149
SS1651553913160,CN,CD,context,Description9,RT,7439.70000000298
SS1651553913160,CN,CD,context,Description8,RT,6473.70000000298
SS1651553913160,CN,CD,context,Description7,RT,4857.39999999851
SS1651553913160,CN,CD,context,Description8,RT,4383.69999999553
SS1651553913160,CN,CD,context,Description2,RT,6701.89999999851
SS1651553913160,CN,CD,context,Description2,RT,14693
SS1651553913160,CN,CD,focal,Description5,RT,7985.4000000059605
SS1651553913160,CN,CD,focal,Description0,RT,13835.69999999553
SS1651553913160,CN,CD,context,Description1,RT,2706.89999999851
SS1651553913160,CN,CD,focal,Description6,RT,8873.40000000596
SS1651553913160,CN,CD,focal,Description6,RT,5027.69999999553
SS1651553913160,CN,CD,focal,Description4,RT,12209.70000000298
SS1651553913160,CN,CD,focal,Description4,RT,6400.30000000447
SS1651553913160,CN,CD,context,Description1,RT,10602.09999999404
SS1651553913160,CN,CD,context,Description3,RT,4509
SS1651553913160,CN,CD,focal,Description6,RT,11929.29999999702
SS1651553913160,CN,CD,focal,Description0,RT,4586.5999999940395
SS1651553913160,CN,CD,context,Description7,RT,12593.59999999404
SS1651553913160,CN,CD,context,Description2,RT,6305.79999999702
SS1651553913160,CN,CD,focal,Description4,RT,7173.70000000298
SS1651553913160,CN,CD,context,Description3,RT,20390.90000000596
SS1651553913160,CN,CD,context,Description8,RT,5962.89999999851
SS1651553913160,CN,CD,context,Description1,RT,6734.29999999702
SS1651553913160,CN,CD,focal,Description29,RT,2223.9000000059605
SS1651553913160,CN,CD,context,Description19,RT,6260.89999999851
SS1651553969715,CN,CD,focal,Description5,RT,5982.089999975869
SS1651553969715,CN,CD,context,Description7,RT,15310.029999993276
SS1651553969715,CN,CD,context,Description3,RT,2005.3399999742396
SS1651553969715,CN,CD,focal,Description4,RT,16324.359999998705
SS1651553969715,CN,CD,context,Description2,RT,9610.779999988154
SS1651553969715,CN,CD,context,Description19,RT,5966.604999994161
SS1651553969715,CN,CD,context,Description3,RT,10938.739999983227
SS1651553969715,CN,CD,focal,Description0,RT,13321.479999984149
SS1651553969715,CN,CD,focal,Description4,RT,10263.295000011567
SS1651553969715,CN,CD,focal,Description0,RT,57009.23499997589
SS1651553969715,CN,CD,context,Description2,RT,3735.9250000154134
SS1651553969715,CN,CD,focal,Description5,RT,11455.210000014631
SS1651553969715,CN,CD,focal,Description29,RT,1303.234999999404
SS1651553969715,CN,CD,context,Description7,RT,43192.7699999942
SS1651553969715,CN,CD,context,Description2,RT,10782.890000002226
SS1651553969715,CN,CD,context,Description3,RT,13436.50000001071
SS1651553969715,CN,CD,focal,Description5,RT,35865.460000000894
SS1651553969715,CN,CD,focal,Description4,RT,4402.540000010049
SS1651553969715,CN,CD,context,Description7,RT,2394.5799999928568
SS1651553969715,CN,CD,focal,Description0,RT,30096.0849999974
SS1651554145523,CN,CD,context,Description3,RT,44644.79499985464
SS1651554145523,CN,CD,focal,Description0,RT,26020.310000050813
SS1651554145523,CN,CD,context,Description7,RT,41528.594999806955
SS1651554145523,CN,CD,context,Description1,RT,6116.529999999329
SS1651554145523,CN,CD,focal,Description0,RT,41997.594999847934
SS1651554145523,CN,CD,context,Description3,RT,3292.925000190735
SS1651554145523,CN,CD,context,Description8,RT,5985.775000182912
SS1651554145523,CN,CD,focal,Description5,RT,9463.745000073686
SS1651554145523,CN,CD,focal,Description4,RT,4042.9750001057982
SS1651554145523,CN,CD,focal,Description4,RT,5940.625000046566
SS1651554145523,CN,CD,context,Description3,RT,5963.24499999173
SS1651554145523,CN,CD,focal,Description6,RT,6686.445000115782
SS1651554145523,CN,CD,context,Description8,RT,3834.0050000697374
SS1651554145523,CN,CD,context,Description7,RT,6023.855000035837
SS1651554145523,CN,CD,context,Description8,RT,3079.8450000584126
SS1651554145523,CN,CD,focal,Description6,RT,6597.499999916181
SS1651554145523,CN,CD,context,Description2,RT,46058.04999987595
SS1651554145523,CN,CD,context,Description1,RT,7703.100000042468
SS1651554145523,CN,CD,focal,Description4,RT,39897.65499997884
SS1651554145523,CN,CD,focal,Description6,RT,3161.409999942407
SS1651554145523,CN,CD,focal,Description5,RT,5235.34999997355
SS1651554145523,CN,CD,focal,Description5,RT,10656.029999954626
SS1651554145523,CN,CD,context,Description7,RT,5275.185000151396
SS1651554145523,CN,CD,context,Description19,RT,7390.959999989718
SS1651554145523,CN,CD,focal,Description0,RT,3325.88000013493
SS1651554145523,CN,CD,context,Description1,RT,6109.610000159591
SS1651554145523,CN,CD,context,Description2,RT,10081.29999996163
SS1651554145523,CN,CD,context,Description2,RT,6806.559999939054
SS1651554145523,CN,CD,focal,Description29,RT,1814.1700001433492
SS1651554284065,CN,CD,focal,Description6,RT,null
SS1651554284065,CN,CD,focal,Description0,RT,null
SS1651554284065,CN,CD,focal,Description29,RT,4122.429999999411
SS1651554284065,CN,CD,context,Description3,RT,8941.815000000177
SS1651554284065,CN,CD,context,Description1,RT,12993.689999999362
SS1651554284065,CN,CD,context,Description1,RT,20258.61500000069
SS1651554284065,CN,CD,context,Description2,RT,13211.525000000605
SS1651554284065,CN,CD,focal,Description6,RT,14199.704999999027
SS1651554284065,CN,CD,context,Description2,RT,5863.755000000354
SS1651554284065,CN,CD,focal,Description4,RT,19272.35500000103
SS1651554284065,CN,CD,context,Description19,RT,16170.755000000936
SS1651554284065,CN,CD,context,Description3,RT,16049.044999999809
SS1651554284065,CN,CD,focal,Description6,RT,11623.454999999027
SS1651554284065,CN,CD,context,Description7,RT,5999.760000000591
SS1651554284065,CN,CD,context,Description1,RT,4345.100000000442
SS1651554284065,CN,CD,focal,Description4,RT,26282.21500000113
SS1651554284065,CN,CD,focal,Description0,RT,12679.369999999879
SS1651554284065,CN,CD,context,Description7,RT,null
SS1651554284065,CN,CD,focal,Description4,RT,18848.89000000106
SS1651554284065,CN,CD,context,Description3,RT,5564.070000000298
SS1651554284065,CN,CD,focal,Description0,RT,15483.285000000149
SS1651554284065,CN,CD,context,Description2,RT,5531.515000000596
SS1651554284065,CN,CD,context,Description7,RT,29067.67500000028
SS1651554809980,CN,CD,context,Description3,RT,7888.5999999940395
SS1651554809980,CN,CD,focal,Description4,RT,4656.799999982119
SS1651554809980,CN,CD,focal,Description6,RT,4073.699999988079
SS1651554809980,CN,CD,context,Description8,RT,2224
SS1651554809980,CN,CD,focal,Description6,RT,10073.800000011921
SS1651554809980,CN,CD,context,Description3,RT,3329.2000000178814
SS1651554809980,CN,CD,context,Description3,RT,2434.7999999821186
SS1651554809980,CN,CD,context,Description7,RT,2963.7999999821186
SS1651554809980,CN,CD,focal,Description5,RT,5326.200000017881
SS1651554809980,CN,CD,focal,Description5,RT,4896.299999982119
SS1651554809980,CN,CD,context,Description7,RT,4539.4000000059605
SS1651554809980,CN,CD,focal,Description29,RT,2299.5999999940395
SS1651554809980,CN,CD,focal,Description6,RT,3522.5999999940395
SS1651554809980,CN,CD,context,Description7,RT,2973.2000000178814
SS1651554809980,CN,CD,context,Description2,RT,2187.699999988079
SS1651554809980,CN,CD,context,Description8,RT,3623.9000000059605
SS1651554809980,CN,CD,context,Description2,RT,9315.800000011921
SS1651554809980,CN,CD,context,Description19,RT,3585.4000000059605
SS1651554809980,CN,CD,focal,Description4,RT,6820.300000011921
SS1651554809980,CN,CD,focal,Description4,RT,13382.5
SS1651554809980,CN,CD,context,Description8,RT,2472.5999999940395
SS1651554809980,CN,CD,context,Description2,RT,13302.699999988079
SS1651554809980,CN,CD,context,Description9,RT,9443.799999982119
SS1651554809980,CN,CD,focal,Description5,RT,11422.59999999404
SS1651559729763,CN,CD,focal,Description4,RT,3057
SS1651559729763,CN,CD,context,Description2,RT,1687.6999999284744
SS1651559729763,CN,CD,context,Description7,RT,6859.399999976158
SS1651559729763,CN,CD,focal,Description5,RT,1546.6000000238419
SS1651559729763,CN,CD,context,Description3,RT,1276.4000000953674
SS1651559729763,CN,CD,context,Description2,RT,2188.899999976158
SS1651559729763,CN,CD,context,Description19,RT,3437.100000023842
SS1651559729763,CN,CD,context,Description2,RT,7837.600000023842
SS1651559729763,CN,CD,focal,Description29,RT,1117.0999999046326
SS1651559729763,CN,CD,focal,Description0,RT,3905
SS1651559729763,CN,CD,context,Description1,RT,1235.2999999523163
SS1651559729763,CN,CD,focal,Description5,RT,1125.1999999284744
SS1651559729763,CN,CD,context,Description7,RT,828.6999999284744
SS1651559729763,CN,CD,focal,Description0,RT,1352.5
SS1651559729763,CN,CD,context,Description7,RT,1598.5999999046326
SS1651559729763,CN,CD,focal,Description0,RT,3352.100000023842
SS1651559729763,CN,CD,context,Description9,RT,3699.5
SS1651559729763,CN,CD,context,Description1,RT,3143.5
SS1651559729763,CN,CD,context,Description3,RT,2963.899999976158
SS1651559729763,CN,CD,context,Description3,RT,1412.2999999523163
SS1651559729763,CN,CD,focal,Description4,RT,9423.899999976158
SS1651559729763,CN,CD,focal,Description6,RT,5051
SS1651559729763,CN,CD,focal,Description5,RT,1606.1000000238419
SS1651559729763,CN,CD,focal,Description6,RT,1045.1000000238419
SS1651559729763,CN,CD,context,Description1,RT,1759.5
SS1651559729763,CN,CD,focal,Description6,RT,2038.5
SS1651559729763,CN,CD,focal,Description4,RT,2101.100000023842
SS1651560025455,CN,CD,focal,Description5,RT,9456.200000047684
SS1651560025455,CN,CD,focal,Description4,RT,7879
SS1651560025455,CN,CD,context,Description3,RT,3474.7999999523163
SS1651560025455,CN,CD,context,Description7,RT,5117.299999952316
SS1651560025455,CN,CD,focal,Description5,RT,7115.600000143051
SS1651560025455,CN,CD,context,Description1,RT,3033.7000000476837
SS1651560025455,CN,CD,focal,Description6,RT,16075.200000047684
SS1651560025455,CN,CD,context,Description3,RT,3074.2999999523163
SS1651560025455,CN,CD,focal,Description0,RT,26930.39999985695
SS1651560025455,CN,CD,context,Description3,RT,2433.5
SS1651560025455,CN,CD,context,Description1,RT,6943.699999809265
SS1651560025455,CN,CD,context,Description1,RT,3295
SS1651560025455,CN,CD,context,Description7,RT,6394.299999952316
SS1651560025455,CN,CD,focal,Description6,RT,4327.700000047684
SS1651560025455,CN,CD,context,Description7,RT,16284.399999856949
SS1651560025455,CN,CD,focal,Description29,RT,1833.1000001430511
SS1651560025455,CN,CD,context,Description2,RT,1727.0999999046326
SS1651560025455,CN,CD,focal,Description4,RT,12296.299999952316
SS1651560025455,CN,CD,context,Description2,RT,11430.200000047684
SS1651560025455,CN,CD,focal,Description5,RT,21696.900000095367
SS1651560025455,CN,CD,focal,Description4,RT,7045.899999856949
SS1651560025455,CN,CD,context,Description9,RT,7764.800000190735
SS1651560025455,CN,CD,focal,Description0,RT,15695.299999952316
SS1651560025455,CN,CD,context,Description19,RT,6766.5
SS1651560025455,CN,CD,focal,Description0,RT,2619.9000000953674
SS1651560025455,CN,CD,focal,Description6,RT,12948.400000095367
SS1651560025455,CN,CD,context,Description2,RT,4836.5
SS1651561685665,CN,CD,focal,Description5,RT,12369
SS1651561685665,CN,CD,context,Description2,RT,16938
SS1651561685665,CN,CD,focal,Description5,RT,6111
SS1651561685665,CN,CD,context,Description1,RT,6866
SS1651561685665,CN,CD,context,Description1,RT,11425
SS1651561685665,CN,CD,focal,Description6,RT,5174
SS1651561685665,CN,CD,context,Description1,RT,10737
SS1651561685665,CN,CD,context,Description3,RT,2835
SS1651561685665,CN,CD,focal,Description5,RT,8353
SS1651561685665,CN,CD,context,Description3,RT,12096
SS1651561685665,CN,CD,context,Description7,RT,11903
SS1651561685665,CN,CD,context,Description3,RT,6076
SS1651561685665,CN,CD,focal,Description0,RT,59920
SS1651561685665,CN,CD,focal,Description4,RT,12115
SS1651561685665,CN,CD,context,Description2,RT,8323
SS1651561685665,CN,CD,context,Description2,RT,3169
SS1651561685665,CN,CD,context,Description7,RT,8254
SS1651561685665,CN,CD,focal,Description29,RT,1917
SS1651561685665,CN,CD,focal,Description4,RT,4546
SS1651561685665,CN,CD,focal,Description0,RT,15677
SS1651561685665,CN,CD,focal,Description6,RT,4441
SS1651561685665,CN,CD,context,Description7,RT,2537
SS1651561685665,CN,CD,focal,Description0,RT,4125
SS1651561685665,CN,CD,focal,Description4,RT,3785
SS1651561685665,CN,CD,context,Description9,RT,8188
SS1651561685665,CN,CD,context,Description19,RT,8416
SS1651561685665,CN,CD,focal,Description6,RT,3511
SS1651562034956,CN,CD,focal,Description4,RT,7667.5
SS1651562034956,CN,CD,context,Description2,RT,5109.5
SS1651562034956,CN,CD,focal,Description5,RT,12294.800000071526
SS1651562034956,CN,CD,context,Description8,RT,5090.799999952316
SS1651562034956,CN,CD,context,Description7,RT,5008.599999904633
SS1651562034956,CN,CD,context,Description19,RT,9163.099999904633
SS1651562034956,CN,CD,focal,Description4,RT,9600.899999976158
SS1651562034956,CN,CD,context,Description1,RT,4503.600000023842
SS1651562034956,CN,CD,context,Description7,RT,6613.300000071526
SS1651562034956,CN,CD,context,Description3,RT,4093
SS1651562034956,CN,CD,context,Description1,RT,7359.299999952316
SS1651562034956,CN,CD,focal,Description4,RT,6281.100000023842
SS1651562034956,CN,CD,focal,Description5,RT,2942
SS1651562034956,CN,CD,context,Description7,RT,10206.700000047684
SS1651562034956,CN,CD,context,Description3,RT,7493.200000047684
SS1651562034956,CN,CD,focal,Description29,RT,4100.199999928474
SS1651562034956,CN,CD,context,Description2,RT,13337.399999976158
SS1651562034956,CN,CD,focal,Description0,RT,30944.399999976158
SS1651562034956,CN,CD,focal,Description0,RT,18892.899999976158
SS1651562034956,CN,CD,focal,Description5,RT,9067.300000071526
SS1651562034956,CN,CD,focal,Description6,RT,2756.100000023842
SS1651562034956,CN,CD,focal,Description6,RT,3545.5
SS1651562034956,CN,CD,focal,Description0,RT,8378.600000023842
SS1651562034956,CN,CD,context,Description2,RT,4887.100000023842
SS1651562034956,CN,CD,context,Description3,RT,2992.5
SS1651562034956,CN,CD,context,Description9,RT,16158.5
SS1651562034956,CN,CD,focal,Description6,RT,22100.200000047684
SS1651562034956,CN,CD,context,Description8,RT,4102.5
SS1651562034956,CN,CD,context,Description8,RT,14224.199999928474
SS1651562034956,CN,CD,context,Description1,RT,4090.100000023842
SS1651562868228,CN,CD,context,Description19,RT,21028.200000001118
SS1651562868228,CN,CD,focal,Description4,RT,14268.699999999255
SS1651562868228,CN,CD,context,Description1,RT,7736.5
SS1651562868228,CN,CD,context,Description3,RT,4249.800000000745
SS1651562868228,CN,CD,focal,Description5,RT,7085.199999999255
SS1651562868228,CN,CD,focal,Description5,RT,5873.700000001118
SS1651562868228,CN,CD,context,Description1,RT,5167.9000000003725
SS1651562868228,CN,CD,focal,Description6,RT,5200.5999999996275
SS1651562868228,CN,CD,focal,Description5,RT,11118.5
SS1651562868228,CN,CD,focal,Description4,RT,6856.0999999996275
SS1651562868228,CN,CD,focal,Description4,RT,5641.5
SS1651562868228,CN,CD,focal,Description29,RT,6510.0999999996275
SS1651562868228,CN,CD,context,Description2,RT,9619.39999999851
SS1651562868228,CN,CD,focal,Description0,RT,10915.5
SS1651562868228,CN,CD,context,Description2,RT,8914.800000000745
SS1651562868228,CN,CD,context,Description7,RT,19355.199999999255
SS1651562868228,CN,CD,focal,Description6,RT,9338.5
SS1651562868228,CN,CD,context,Description7,RT,14764.5
SS1651562868228,CN,CD,focal,Description0,RT,5658
SS1651562868228,CN,CD,context,Description2,RT,8800.400000000373
SS1651562868228,CN,CD,context,Description1,RT,12291
SS1651562868228,CN,CD,focal,Description6,RT,6270.299999998882
SS1651562868228,CN,CD,context,Description3,RT,5012.0999999996275
SS1651562868228,CN,CD,context,Description7,RT,9598.099999999627
SS1651562868228,CN,CD,context,Description9,RT,11002.900000000373
SS1651562868228,CN,CD,context,Description3,RT,6949.0999999996275
SS1651562868228,CN,CD,focal,Description0,RT,8203.299999998882
SS1651564260438,CN,CD,context,Description3,RT,2180
SS1651564260438,CN,CD,context,Description3,RT,6058
SS1651564260438,CN,CD,context,Description1,RT,7473
SS1651564260438,CN,CD,focal,Description0,RT,9382
SS1651564260438,CN,CD,focal,Description5,RT,10500
SS1651564260438,CN,CD,focal,Description29,RT,1941
SS1651564260438,CN,CD,focal,Description0,RT,26778
SS1651564260438,CN,CD,focal,Description6,RT,7412
SS1651564260438,CN,CD,context,Description1,RT,12012
SS1651564260438,CN,CD,focal,Description4,RT,7929
SS1651564260438,CN,CD,context,Description2,RT,19332
SS1651564260438,CN,CD,context,Description7,RT,17068
SS1651564260438,CN,CD,focal,Description4,RT,13092
SS1651564260438,CN,CD,context,Description1,RT,6108
SS1651564260438,CN,CD,context,Description2,RT,31963
SS1651564260438,CN,CD,context,Description19,RT,6292
SS1651564260438,CN,CD,context,Description7,RT,9244
SS1651564260438,CN,CD,focal,Description4,RT,11478
SS1651564260438,CN,CD,focal,Description0,RT,24040
SS1651564260438,CN,CD,context,Description7,RT,5892
SS1651564260438,CN,CD,focal,Description6,RT,4238
SS1651564260438,CN,CD,focal,Description6,RT,25105
SS1651564260438,CN,CD,context,Description3,RT,13558
SS1651564260438,CN,CD,focal,Description5,RT,11682
SS1651564260438,CN,CD,focal,Description5,RT,6414
SS1651564260438,CN,CD,context,Description2,RT,9734
SS1651564308340,CN,CD,context,Description3,RT,8148.700000047684
SS1651564308340,CN,CD,focal,Description0,RT,6270.900000095367
SS1651564308340,CN,CD,focal,Description5,RT,2234.899999976158
SS1651564308340,CN,CD,context,Description1,RT,1225.9000000953674
SS1651564308340,CN,CD,focal,Description5,RT,1329.5
SS1651564308340,CN,CD,context,Description1,RT,33271.39999997616
SS1651564308340,CN,CD,context,Description2,RT,45181.5
SS1651564308340,CN,CD,context,Description7,RT,29921.900000095367
SS1651564308340,CN,CD,focal,Description29,RT,766
SS1651564308340,CN,CD,context,Description3,RT,1025.1000000238419
SS1651564308340,CN,CD,focal,Description0,RT,1155.5
SS1651564308340,CN,CD,focal,Description6,RT,1066.8999999761581
SS1651564308340,CN,CD,focal,Description0,RT,647
SS1651564308340,CN,CD,context,Description19,RT,1703.3999999761581
SS1651564308340,CN,CD,context,Description7,RT,1033.7000000476837
SS1651564308340,CN,CD,focal,Description4,RT,11070.899999976158
SS1651564308340,CN,CD,context,Description2,RT,1396.5
SS1651564308340,CN,CD,focal,Description6,RT,888.7000000476837
SS1651564308340,CN,CD,context,Description7,RT,646.3999999761581
SS1651564308340,CN,CD,context,Description9,RT,1104.8000000715256
SS1651564308340,CN,CD,focal,Description5,RT,911.6000000238419
SS1651564308340,CN,CD,focal,Description6,RT,1415.5
SS1651564308340,CN,CD,focal,Description4,RT,627
SS1651564308340,CN,CD,context,Description3,RT,4347.800000071526
SS1651564308340,CN,CD,context,Description1,RT,14267.600000023842
SS1651564308340,CN,CD,context,Description2,RT,7993.5
SS1651564308340,CN,CD,focal,Description4,RT,16528.800000071526
SS1651565828518,CN,CD,focal,Description5,RT,19132.80000001192
SS1651565828518,CN,CD,focal,Description0,RT,9962.699999988079
SS1651565828518,CN,CD,focal,Description0,RT,55067.89999997616
SS1651565828518,CN,CD,context,Description7,RT,11048.300000011921
SS1651565828518,CN,CD,focal,Description6,RT,9141.199999988079
SS1651565828518,CN,CD,context,Description7,RT,2516
SS1651565828518,CN,CD,focal,Description6,RT,3814.400000035763
SS1651565828518,CN,CD,context,Description3,RT,6373.800000011921
SS1651565828518,CN,CD,focal,Description29,RT,5888
SS1651565828518,CN,CD,context,Description1,RT,20299.69999998808
SS1651565828518,CN,CD,focal,Description0,RT,9123.100000023842
SS1651565828518,CN,CD,context,Description3,RT,6236.900000035763
SS1651565828518,CN,CD,focal,Description5,RT,8474.300000011921
SS1651565828518,CN,CD,focal,Description4,RT,5338.399999976158
SS1651565828518,CN,CD,context,Description8,RT,40953.19999998808
SS1651565828518,CN,CD,context,Description1,RT,6893.399999976158
SS1651565828518,CN,CD,context,Description19,RT,6487.899999976158
SS1651565828518,CN,CD,focal,Description6,RT,26000.600000023842
SS1651565828518,CN,CD,focal,Description4,RT,9471
SS1651565828518,CN,CD,context,Description8,RT,4418.800000011921
SS1651565828518,CN,CD,context,Description1,RT,3520.399999976158
SS1651565828518,CN,CD,context,Description7,RT,10431.399999976158
SS1651565828518,CN,CD,context,Description3,RT,6179.100000023842
SS1651565828518,CN,CD,focal,Description5,RT,21727.19999998808
SS1651565828518,CN,CD,context,Description8,RT,3658
SS1651565828518,CN,CD,focal,Description4,RT,8495.399999976158
SS1651568252846,CN,CD,focal,Description6,RT,16717
SS1651568252846,CN,CD,focal,Description0,RT,17124
SS1651568252846,CN,CD,context,Description9,RT,16932
SS1651568252846,CN,CD,context,Description3,RT,3923
SS1651568252846,CN,CD,focal,Description4,RT,7351
SS1651568252846,CN,CD,context,Description1,RT,7342
SS1651568252846,CN,CD,focal,Description6,RT,18901
SS1651568252846,CN,CD,context,Description2,RT,29344
SS1651568252846,CN,CD,context,Description2,RT,12129
SS1651568252846,CN,CD,focal,Description5,RT,15533
SS1651568252846,CN,CD,focal,Description0,RT,8500
SS1651568252846,CN,CD,context,Description3,RT,22368
SS1651568252846,CN,CD,context,Description1,RT,22533
SS1651568252846,CN,CD,focal,Description0,RT,17743
SS1651568252846,CN,CD,context,Description2,RT,10622
SS1651568252846,CN,CD,context,Description7,RT,19659
SS1651568252846,CN,CD,context,Description19,RT,4131
SS1651568252846,CN,CD,context,Description7,RT,41689
SS1651568252846,CN,CD,focal,Description5,RT,10965
SS1651568252846,CN,CD,focal,Description4,RT,16745
SS1651568252846,CN,CD,focal,Description6,RT,9949
SS1651568252846,CN,CD,context,Description1,RT,21502
SS1651568252846,CN,CD,context,Description7,RT,11756
SS1651568252846,CN,CD,focal,Description29,RT,4006
SS1651568252846,CN,CD,focal,Description4,RT,9510
SS1651568252846,CN,CD,context,Description3,RT,8901
SS1651568252846,CN,CD,focal,Description5,RT,4834
SS1651568382617,CN,CD,focal,Description6,RT,7514.105000009295
SS1651568382617,CN,CD,context,Description2,RT,5456.435000000056
SS1651568382617,CN,CD,context,Description2,RT,8194.779999990715
SS1651568382617,CN,CD,context,Description1,RT,7335.705000004964
SS1651568382617,CN,CD,context,Description3,RT,7306.429999996908
SS1651568382617,CN,CD,focal,Description6,RT,22224.25500000827
SS1651568382617,CN,CD,focal,Description29,RT,2579.5499999949243
SS1651568382617,CN,CD,context,Description7,RT,12058.669999998529
SS1651568382617,CN,CD,context,Description1,RT,4985.72499997681
SS1651568382617,CN,CD,context,Description7,RT,12675.630000012461
SS1651568382617,CN,CD,focal,Description0,RT,10807.184999983292
SS1651568382617,CN,CD,context,Description7,RT,4256.995000003371
SS1651568382617,CN,CD,focal,Description4,RT,4784.570000017993
SS1651568382617,CN,CD,focal,Description5,RT,4465.689999982715
SS1651568382617,CN,CD,focal,Description5,RT,14498.190000012983
SS1651568382617,CN,CD,context,Description2,RT,3959.7499999799766
SS1651568382617,CN,CD,context,Description19,RT,9953.324999980396
SS1651568382617,CN,CD,context,Description8,RT,5673.104999994393
SS1651568382617,CN,CD,focal,Description4,RT,12088.335000007646
SS1651568382617,CN,CD,focal,Description4,RT,10325.439999985974
SS1651568382617,CN,CD,focal,Description6,RT,6043.249999987893
SS1651568382617,CN,CD,focal,Description5,RT,10695.430000021588
SS1651568382617,CN,CD,context,Description3,RT,1639.8899999912828
SS1651568382617,CN,CD,context,Description9,RT,7376.459999999497
SS1651568382617,CN,CD,context,Description3,RT,3470.305000024382
SS1651568382617,CN,CD,focal,Description0,RT,12790.979999990668
SS1651568382617,CN,CD,context,Description1,RT,6168.705000018235
SS1651568382617,CN,CD,context,Description8,RT,4975.115000008373
SS1651568382617,CN,CD,context,Description8,RT,3380.8399999979883
SS1651568382617,CN,CD,focal,Description0,RT,8386.499999993248
SS1651568918829,CN,CD,focal,Description6,RT,18389
SS1651568918829,CN,CD,context,Description19,RT,14121
SS1651568918829,CN,CD,context,Description3,RT,9396
SS1651568918829,CN,CD,focal,Description4,RT,23165
SS1651568918829,CN,CD,focal,Description0,RT,7433
SS1651568918829,CN,CD,focal,Description0,RT,9495
SS1651568918829,CN,CD,context,Description1,RT,10127
SS1651568918829,CN,CD,context,Description2,RT,17746
SS1651568918829,CN,CD,context,Description2,RT,15987
SS1651568918829,CN,CD,context,Description7,RT,8229
SS1651568918829,CN,CD,focal,Description5,RT,12383
SS1651568918829,CN,CD,focal,Description5,RT,12654
SS1651568918829,CN,CD,focal,Description6,RT,11851
SS1651568918829,CN,CD,context,Description2,RT,13953
SS1651568918829,CN,CD,context,Description1,RT,11024
SS1651568918829,CN,CD,focal,Description4,RT,9168
SS1651568918829,CN,CD,context,Description7,RT,13055
SS1651568918829,CN,CD,focal,Description29,RT,6865
SS1651568918829,CN,CD,context,Description7,RT,31924
SS1651568918829,CN,CD,focal,Description0,RT,null
SS1651568918829,CN,CD,focal,Description5,RT,7943
SS1651568918829,CN,CD,context,Description1,RT,10832
SS1651568918829,CN,CD,context,Description3,RT,12301
SS1651568918829,CN,CD,focal,Description6,RT,15362
SS1651568918829,CN,CD,context,Description3,RT,14003
SS1651568918829,CN,CD,focal,Description4,RT,16649
SS1651568918829,CN,CD,context,Description9,RT,18000
SS1651570752111,CN,CD,focal,Description5,RT,25323.859999999986
SS1651570752111,CN,CD,context,Description3,RT,4774.079999999958
SS1651570752111,CN,CD,focal,Description0,RT,12891.345000000088
SS1651570752111,CN,CD,focal,Description4,RT,8390.625
SS1651570752111,CN,CD,focal,Description6,RT,23559.725000000093
SS1651570752111,CN,CD,context,Description8,RT,7475.030000000144
SS1651570752111,CN,CD,focal,Description6,RT,5765.435000000056
SS1651570752111,CN,CD,context,Description1,RT,3580.1500000000233
SS1651570752111,CN,CD,context,Description2,RT,9062.25
SS1651570752111,CN,CD,context,Description8,RT,3247.1250000001164
SS1651570752111,CN,CD,focal,Description4,RT,9352.855000000098
SS1651570752111,CN,CD,context,Description7,RT,3431.240000000107
SS1651570752111,CN,CD,context,Description7,RT,20269.789999999804
SS1651570752111,CN,CD,focal,Description6,RT,9596.864999999874
SS1651570752111,CN,CD,context,Description1,RT,7915.694999999832
SS1651570752111,CN,CD,context,Description3,RT,12967.194999999949
SS1651570752111,CN,CD,context,Description3,RT,10878.535000000149
SS1651570752111,CN,CD,focal,Description0,RT,5836.389999999898
SS1651570752111,CN,CD,focal,Description29,RT,10560.695000000182
SS1651570752111,CN,CD,context,Description9,RT,12330.34999999986
SS1651570752111,CN,CD,focal,Description0,RT,6613.170000000158
SS1651570752111,CN,CD,context,Description7,RT,13657.22499999986
SS1651570752111,CN,CD,context,Description2,RT,6304.460000000196
SS1651570752111,CN,CD,context,Description1,RT,12494.334999999846
SS1651570752111,CN,CD,focal,Description4,RT,23385.800000000047
SS1651570752111,CN,CD,context,Description19,RT,10631.935000000056
SS1651570752111,CN,CD,context,Description8,RT,8788.799999999814
SS1651570752111,CN,CD,focal,Description5,RT,13586.809999999823
SS1651570752111,CN,CD,context,Description2,RT,4424.925000000279
SS1651570752111,CN,CD,focal,Description5,RT,9419.725000000326
SS1651571509239,CN,CD,context,Description19,RT,13378.800000011921
SS1651571509239,CN,CD,focal,Description5,RT,19428.200000047684
SS1651571509239,CN,CD,context,Description3,RT,9911.899999976158
SS1651571509239,CN,CD,context,Description2,RT,19256.5
SS1651571509239,CN,CD,context,Description8,RT,4941.899999976158
SS1651571509239,CN,CD,context,Description3,RT,13273.400000035763
SS1651571509239,CN,CD,context,Description7,RT,25427.599999964237
SS1651571509239,CN,CD,focal,Description0,RT,19585
SS1651571509239,CN,CD,focal,Description4,RT,46304.200000047684
SS1651571509239,CN,CD,context,Description7,RT,33585
SS1651571509239,CN,CD,context,Description1,RT,13680.899999976158
SS1651571509239,CN,CD,context,Description1,RT,21321.30000001192
SS1651571509239,CN,CD,context,Description8,RT,29335.5
SS1651571509239,CN,CD,context,Description7,RT,9394.199999988079
SS1651571509239,CN,CD,context,Description3,RT,10337
SS1651571509239,CN,CD,focal,Description29,RT,5597.100000023842
SS1651571509239,CN,CD,context,Description8,RT,11622.800000011921
SS1651571509239,CN,CD,context,Description9,RT,12183.5
SS1651571509239,CN,CD,context,Description2,RT,13729.699999988079
SS1651571509239,CN,CD,focal,Description5,RT,6004
SS1651571509239,CN,CD,context,Description2,RT,13288.300000011921
SS1651571509239,CN,CD,context,Description1,RT,24564.899999976158
SS1651571509239,CN,CD,focal,Description4,RT,10465.099999964237
SS1651571509239,CN,CD,focal,Description5,RT,10445.599999964237
SS1651571509239,CN,CD,focal,Description4,RT,11861
SS1651571509239,CN,CD,focal,Description0,RT,11665.799999952316
SS1651571509239,CN,CD,focal,Description0,RT,7529.100000023842
SS1651572914976,CN,CD,context,Description3,RT,4561.375
SS1651572914976,CN,CD,focal,Description5,RT,8007.389999999956
SS1651572914976,CN,CD,focal,Description6,RT,32498.109999999986
SS1651572914976,CN,CD,focal,Description6,RT,38671.58500000008
SS1651572914976,CN,CD,context,Description8,RT,50307.505000000005
SS1651572914976,CN,CD,context,Description2,RT,6723.25
SS1651572914976,CN,CD,context,Description2,RT,14608.320000000065
SS1651572914976,CN,CD,context,Description7,RT,24215.51000000001
SS1651572914976,CN,CD,focal,Description0,RT,10673.744999999995
SS1651572914976,CN,CD,focal,Description5,RT,17576.16499999992
SS1651572914976,CN,CD,context,Description2,RT,11647.325000000186
SS1651572914976,CN,CD,focal,Description0,RT,4130.150000000023
SS1651572914976,CN,CD,focal,Description4,RT,7616.489999999874
SS1651572914976,CN,CD,focal,Description0,RT,4641.594999999972
SS1651572914976,CN,CD,context,Description9,RT,15519.659999999916
SS1651572914976,CN,CD,focal,Description4,RT,7034.20000000007
SS1651572914976,CN,CD,context,Description3,RT,4389.515000000014
SS1651572914976,CN,CD,context,Description3,RT,3855.989999999758
SS1651572914976,CN,CD,context,Description8,RT,3362.2599999997765
SS1651572914976,CN,CD,context,Description7,RT,7702.29000000027
SS1651572914976,CN,CD,context,Description7,RT,6484.32500000007
SS1651572914976,CN,CD,focal,Description6,RT,11716.689999999944
SS1651572914976,CN,CD,focal,Description29,RT,2931.3950000000186
SS1651572914976,CN,CD,context,Description19,RT,8322.310000000056
SS1651572914976,CN,CD,focal,Description5,RT,15771.134999999893
SS1651572914976,CN,CD,context,Description8,RT,4390.460000000079
SS1651572914976,CN,CD,focal,Description4,RT,8794.209999999963
SS1651576408487,CN,CD,focal,Description6,RT,6299.299999999814
SS1651576408487,CN,CD,context,Description1,RT,12095.799999999814
SS1651576408487,CN,CD,context,Description2,RT,13617.799999999814
SS1651576408487,CN,CD,focal,Description4,RT,7779
SS1651576408487,CN,CD,context,Description19,RT,16204.100000000093
SS1651576408487,CN,CD,context,Description1,RT,12119.30000000028
SS1651576408487,CN,CD,context,Description2,RT,4840.0999999996275
SS1651576408487,CN,CD,context,Description8,RT,3680.100000000093
SS1651576408487,CN,CD,focal,Description5,RT,5714.399999999907
SS1651576408487,CN,CD,context,Description1,RT,6968.5
SS1651576408487,CN,CD,context,Description3,RT,6202.5999999996275
SS1651576408487,CN,CD,focal,Description5,RT,8412.100000000093
SS1651576408487,CN,CD,context,Description8,RT,5755
SS1651576408487,CN,CD,focal,Description5,RT,8744.400000000373
SS1651576408487,CN,CD,focal,Description0,RT,10261.80000000028
SS1651576408487,CN,CD,focal,Description0,RT,5377
SS1651576408487,CN,CD,context,Description9,RT,13548.299999999814
SS1651576408487,CN,CD,focal,Description0,RT,10344
SS1651576408487,CN,CD,context,Description2,RT,11549.200000000186
SS1651576408487,CN,CD,focal,Description4,RT,14018.100000000093
SS1651576408487,CN,CD,focal,Description6,RT,8819
SS1651576408487,CN,CD,context,Description8,RT,1850.2000000001863
SS1651576408487,CN,CD,context,Description3,RT,2977.399999999907
SS1651576408487,CN,CD,focal,Description29,RT,4269.600000000093
SS1651576408487,CN,CD,focal,Description6,RT,5222.300000000279
SS1651576408487,CN,CD,focal,Description4,RT,4164.600000000093
SS1651576408487,CN,CD,context,Description3,RT,6477
SS1651578940027,CN,CD,context,Description7,RT,48385.60000000149
SS1651578940027,CN,CD,focal,Description4,RT,4489.699999999255
SS1651578940027,CN,CD,context,Description1,RT,11541.800000000745
SS1651578940027,CN,CD,focal,Description29,RT,1790.0999999977648
SS1651578940027,CN,CD,focal,Description6,RT,4333.79999999702
SS1651578940027,CN,CD,context,Description9,RT,39917.199999999255
SS1651578940027,CN,CD,focal,Description6,RT,8480.39999999851
SS1651578940027,CN,CD,context,Description2,RT,9366.199999999255
SS1651578940027,CN,CD,context,Description3,RT,6499.800000000745
SS1651578940027,CN,CD,context,Description8,RT,2698.199999999255
SS1651578940027,CN,CD,context,Description3,RT,1522
SS1651578940027,CN,CD,focal,Description4,RT,3744.2999999970198
SS1651578940027,CN,CD,context,Description1,RT,1771.699999999255
SS1651578940027,CN,CD,context,Description7,RT,5440.199999999255
SS1651578940027,CN,CD,focal,Description5,RT,12722.89999999851
SS1651578940027,CN,CD,focal,Description5,RT,7814
SS1651578940027,CN,CD,context,Description8,RT,1798.699999999255
SS1651578940027,CN,CD,focal,Description0,RT,7739.099999997765
SS1651578940027,CN,CD,focal,Description5,RT,3937
SS1651578940027,CN,CD,context,Description19,RT,3527.199999999255
SS1651578940027,CN,CD,context,Description7,RT,4176.5
SS1651578940027,CN,CD,context,Description8,RT,18480.199999999255
SS1651578940027,CN,CD,focal,Description4,RT,1687.800000000745
SS1651578940027,CN,CD,focal,Description6,RT,6682.599999997765
SS1651578940027,CN,CD,context,Description2,RT,5416.199999999255
SS1651578940027,CN,CD,context,Description2,RT,8918.699999999255
SS1651578940027,CN,CD,context,Description3,RT,4718.400000002235
SS1651578940027,CN,CD,context,Description1,RT,6592.300000000745
SS1651578940027,CN,CD,focal,Description0,RT,8135.39999999851
SS1651578940027,CN,CD,focal,Description0,RT,18533.800000000745
SS1651579399729,CN,CD,focal,Description29,RT,15392.400000095367
SS1651579399729,CN,CD,focal,Description5,RT,9798.600000023842
SS1651579399729,CN,CD,focal,Description4,RT,17672.300000071526
SS1651579399729,CN,CD,context,Description7,RT,7448.5
SS1651579399729,CN,CD,focal,Description6,RT,16741.600000023842
SS1651579399729,CN,CD,context,Description2,RT,15480.700000047684
SS1651579399729,CN,CD,focal,Description0,RT,13306.399999976158
SS1651579399729,CN,CD,context,Description2,RT,30037.199999928474
SS1651579399729,CN,CD,context,Description3,RT,8793.700000047684
SS1651579399729,CN,CD,focal,Description0,RT,25159.100000023842
SS1651579399729,CN,CD,context,Description3,RT,12253.900000095367
SS1651579399729,CN,CD,focal,Description5,RT,5524.299999952316
SS1651579399729,CN,CD,focal,Description5,RT,8625.799999952316
SS1651579399729,CN,CD,focal,Description4,RT,4200.899999976158
SS1651579399729,CN,CD,focal,Description4,RT,14143.600000023842
SS1651579399729,CN,CD,context,Description19,RT,10991.600000023842
SS1651579399729,CN,CD,focal,Description0,RT,12778.600000023842
SS1651579399729,CN,CD,context,Description1,RT,11494.700000047684
SS1651579399729,CN,CD,context,Description1,RT,11481.799999952316
SS1651579399729,CN,CD,context,Description1,RT,6924.799999952316
SS1651579399729,CN,CD,context,Description7,RT,6272.299999952316
SS1651579399729,CN,CD,context,Description7,RT,null
SS1651579399729,CN,CD,context,Description3,RT,6829.800000071526
SS1651579399729,CN,CD,context,Description2,RT,7952.600000023842
SS1651579399729,CN,CD,context,Description9,RT,15318.199999928474
SS1651579399729,CN,CD,focal,Description6,RT,9061.399999976158
SS1651579399729,CN,CD,focal,Description6,RT,7539.600000023842
SS1651582669897,CN,CD,context,Description1,RT,10727.900000035763
SS1651582669897,CN,CD,focal,Description6,RT,19282.700000047684
SS1651582669897,CN,CD,focal,Description4,RT,13629
SS1651582669897,CN,CD,focal,Description0,RT,22114.399999976158
SS1651582669897,CN,CD,context,Description2,RT,8108.700000047684
SS1651582669897,CN,CD,context,Description9,RT,8026.299999952316
SS1651582669897,CN,CD,focal,Description0,RT,8837.5
SS1651582669897,CN,CD,focal,Description29,RT,3918.199999988079
SS1651582669897,CN,CD,focal,Description5,RT,12890.199999988079
SS1651582669897,CN,CD,context,Description8,RT,7060.599999964237
SS1651582669897,CN,CD,context,Description7,RT,5919.200000047684
SS1651582669897,CN,CD,context,Description8,RT,8143.5
SS1651582669897,CN,CD,focal,Description5,RT,23065.099999964237
SS1651582669897,CN,CD,focal,Description0,RT,6510.5
SS1651582669897,CN,CD,context,Description7,RT,58492.5
SS1651582669897,CN,CD,context,Description1,RT,8879.099999964237
SS1651582669897,CN,CD,focal,Description6,RT,30428.599999964237
SS1651582669897,CN,CD,context,Description3,RT,6092.400000035763
SS1651582669897,CN,CD,context,Description1,RT,9336.600000023842
SS1651582669897,CN,CD,focal,Description4,RT,9539.800000011921
SS1651582669897,CN,CD,context,Description7,RT,7506.300000011921
SS1651582669897,CN,CD,focal,Description6,RT,10829.400000035763
SS1651582669897,CN,CD,context,Description19,RT,12154.600000023842
SS1651582669897,CN,CD,context,Description2,RT,4244.399999976158
SS1651582669897,CN,CD,focal,Description5,RT,10259.600000023842
SS1651582669897,CN,CD,context,Description3,RT,3676.899999976158
SS1651582669897,CN,CD,context,Description2,RT,7799.200000047684
SS1651582669897,CN,CD,focal,Description4,RT,10482.800000011921
SS1651582669897,CN,CD,context,Description8,RT,39068.5
SS1651582669897,CN,CD,context,Description3,RT,4225.199999988079
SS1651620046254,CN,CD,focal,Description6,RT,4213
SS1651620046254,CN,CD,context,Description3,RT,3579
SS1651620046254,CN,CD,context,Description8,RT,7933
SS1651620046254,CN,CD,context,Description1,RT,3485
SS1651620046254,CN,CD,context,Description1,RT,10973
SS1651620046254,CN,CD,context,Description7,RT,22035
SS1651620046254,CN,CD,focal,Description4,RT,13160
SS1651620046254,CN,CD,focal,Description0,RT,21595
SS1651620046254,CN,CD,focal,Description4,RT,22297
SS1651620046254,CN,CD,focal,Description0,RT,7908
SS1651620046254,CN,CD,context,Description19,RT,7525
SS1651620046254,CN,CD,context,Description7,RT,4106
SS1651620046254,CN,CD,context,Description3,RT,1893
SS1651620046254,CN,CD,focal,Description4,RT,3854
SS1651620046254,CN,CD,focal,Description5,RT,2441
SS1651620046254,CN,CD,context,Description8,RT,3180
SS1651620046254,CN,CD,context,Description2,RT,5554
SS1651620046254,CN,CD,focal,Description6,RT,25837
SS1651620046254,CN,CD,focal,Description5,RT,5671
SS1651620046254,CN,CD,focal,Description6,RT,5072
SS1651620046254,CN,CD,context,Description3,RT,10067
SS1651620046254,CN,CD,context,Description2,RT,5520
SS1651620046254,CN,CD,context,Description2,RT,9553
SS1651620046254,CN,CD,context,Description8,RT,15597
SS1651620046254,CN,CD,focal,Description0,RT,10814
SS1651620046254,CN,CD,focal,Description5,RT,18549
SS1651620046254,CN,CD,focal,Description29,RT,6341
SS1651620046254,CN,CD,context,Description7,RT,4327
SS1651620046254,CN,CD,context,Description1,RT,1890
SS1651623308643,CN,CD,context,Description2,RT,9265.79999999702
SS1651623308643,CN,CD,focal,Description6,RT,8058.20000000298
SS1651623308643,CN,CD,focal,Description29,RT,3132.7999999970198
SS1651623308643,CN,CD,context,Description8,RT,21778
SS1651623308643,CN,CD,context,Description7,RT,5520
SS1651623308643,CN,CD,focal,Description4,RT,9587.5
SS1651623308643,CN,CD,context,Description7,RT,20184.89999999851
SS1651623308643,CN,CD,focal,Description5,RT,18943.5
SS1651623308643,CN,CD,focal,Description6,RT,7515.69999999553
SS1651623308643,CN,CD,context,Description7,RT,null
SS1651623308643,CN,CD,focal,Description6,RT,5912.5999999940395
SS1651623308643,CN,CD,focal,Description0,RT,2148.60000000149
SS1651623308643,CN,CD,focal,Description0,RT,52292.89999999851
SS1651623308643,CN,CD,context,Description3,RT,3091.6999999955297
SS1651623308643,CN,CD,context,Description2,RT,8809.69999999553
SS1651623308643,CN,CD,context,Description8,RT,3368.1999999955297
SS1651623308643,CN,CD,focal,Description0,RT,5709.70000000298
SS1651623308643,CN,CD,context,Description1,RT,4615.60000000149
SS1651623308643,CN,CD,focal,Description4,RT,12002.60000000149
SS1651623308643,CN,CD,focal,Description5,RT,8488
SS1651623308643,CN,CD,context,Description19,RT,6785.4000000059605
SS1651623308643,CN,CD,context,Description2,RT,4424.39999999851
SS1651623308643,CN,CD,context,Description1,RT,6981.9000000059605
SS1651623308643,CN,CD,focal,Description5,RT,5355.69999999553
SS1651623308643,CN,CD,context,Description9,RT,8155.29999999702
SS1651623308643,CN,CD,context,Description3,RT,3195.7999999970198
SS1651623308643,CN,CD,context,Description3,RT,5561.10000000149
SS1651623308643,CN,CD,context,Description1,RT,4560.29999999702
SS1651623308643,CN,CD,focal,Description4,RT,11107.39999999851
SS1651623308643,CN,CD,context,Description8,RT,2621
SS1651625504097,CN,CD,focal,Description5,RT,5278.5299999999115
SS1651625504097,CN,CD,context,Description8,RT,5645.755000000005
SS1651625504097,CN,CD,context,Description1,RT,5754.630000000121
SS1651625504097,CN,CD,context,Description7,RT,16715.935000000172
SS1651625504097,CN,CD,focal,Description4,RT,11901.575000000128
SS1651625504097,CN,CD,context,Description3,RT,3116.5750000000116
SS1651625504097,CN,CD,context,Description2,RT,5758.680000000168
SS1651625504097,CN,CD,context,Description7,RT,6409.5849999999045
SS1651625504097,CN,CD,focal,Description4,RT,6084.914999999863
SS1651625504097,CN,CD,context,Description3,RT,4791.235000000161
SS1651625504097,CN,CD,context,Description9,RT,9138.895000000077
SS1651625504097,CN,CD,focal,Description0,RT,12151.550000000047
SS1651625504097,CN,CD,context,Description8,RT,2942.2649999998976
SS1651625504097,CN,CD,focal,Description0,RT,5999.144999999902
SS1651625504097,CN,CD,context,Description1,RT,11918.660000000033
SS1651625504097,CN,CD,context,Description2,RT,7944.804999999818
SS1651625504097,CN,CD,context,Description8,RT,2697.7750000000233
SS1651625504097,CN,CD,focal,Description0,RT,17201.16499999992
SS1651625504097,CN,CD,context,Description1,RT,6997.405000000028
SS1651625504097,CN,CD,focal,Description5,RT,10322.834999999963
SS1651625504097,CN,CD,context,Description7,RT,4942.305000000051
SS1651625504097,CN,CD,focal,Description4,RT,6979.459999999846
SS1651625504097,CN,CD,focal,Description5,RT,4852.239999999874
SS1651625504097,CN,CD,context,Description2,RT,10824.369999999995
SS1651625504097,CN,CD,context,Description3,RT,4074.3850000001257
SS1651625504097,CN,CD,focal,Description6,RT,10022.619999999995
SS1651625504097,CN,CD,focal,Description6,RT,9381.935000000056
SS1651625504097,CN,CD,focal,Description29,RT,2199.605000000098
SS1651625504097,CN,CD,focal,Description6,RT,11983.07500000007
SS1651625504097,CN,CD,context,Description19,RT,4832.6450000002515
SS1651629675682,CN,CD,context,Description7,RT,10070.399999856949
SS1651629675682,CN,CD,focal,Description0,RT,12076.5
SS1651629675682,CN,CD,context,Description1,RT,7947.700000047684
SS1651629675682,CN,CD,context,Description2,RT,12596.200000047684
SS1651629675682,CN,CD,context,Description7,RT,31737.10000014305
SS1651629675682,CN,CD,focal,Description4,RT,21814.5
SS1651629675682,CN,CD,focal,Description5,RT,14494.199999809265
SS1651629675682,CN,CD,context,Description7,RT,8565.799999952316
SS1651629675682,CN,CD,focal,Description29,RT,2231
SS1651629675682,CN,CD,focal,Description0,RT,17913.900000095367
SS1651629675682,CN,CD,context,Description2,RT,3428.4000000953674
SS1651629675682,CN,CD,focal,Description5,RT,9303.400000095367
SS1651629675682,CN,CD,context,Description3,RT,4070.9000000953674
SS1651629675682,CN,CD,context,Description1,RT,6632
SS1651629675682,CN,CD,focal,Description6,RT,4383.699999809265
SS1651629675682,CN,CD,focal,Description0,RT,3508.199999809265
SS1651629675682,CN,CD,context,Description9,RT,12791.200000047684
SS1651629675682,CN,CD,context,Description3,RT,10403.700000047684
SS1651629675682,CN,CD,focal,Description4,RT,11990.399999856949
SS1651629675682,CN,CD,focal,Description6,RT,7559.900000095367
SS1651629675682,CN,CD,context,Description2,RT,6606.200000047684
SS1651629675682,CN,CD,focal,Description4,RT,10670.099999904633
SS1651629675682,CN,CD,context,Description3,RT,4042.9000000953674
SS1651629675682,CN,CD,context,Description19,RT,15318.299999952316
SS1651629675682,CN,CD,context,Description1,RT,8058.299999952316
SS1651629675682,CN,CD,focal,Description6,RT,5205.799999952316
SS1651629675682,CN,CD,focal,Description5,RT,9231.399999856949
SS1651631374290,CN,CD,context,Description3,RT,23579.800000190735
SS1651631374290,CN,CD,focal,Description6,RT,20566.099999904633
SS1651631374290,CN,CD,context,Description1,RT,15560.699999809265
SS1651631374290,CN,CD,context,Description7,RT,16126.199999809265
SS1651631374290,CN,CD,context,Description9,RT,18763.5
SS1651631374290,CN,CD,focal,Description0,RT,9121.700000286102
SS1651631374290,CN,CD,focal,Description6,RT,12471.5
SS1651631374290,CN,CD,focal,Description5,RT,12176.5
SS1651631374290,CN,CD,context,Description1,RT,13085.200000286102
SS1651631374290,CN,CD,context,Description2,RT,10504
SS1651631374290,CN,CD,context,Description7,RT,9268.699999809265
SS1651631374290,CN,CD,focal,Description5,RT,5600.299999713898
SS1651631374290,CN,CD,focal,Description4,RT,5412.599999904633
SS1651631374290,CN,CD,focal,Description4,RT,11784.099999904633
SS1651631374290,CN,CD,context,Description7,RT,9261.099999904633
SS1651631374290,CN,CD,focal,Description0,RT,27213.099999904633
SS1651631374290,CN,CD,focal,Description0,RT,24485.800000190735
SS1651631374290,CN,CD,context,Description2,RT,8521
SS1651631374290,CN,CD,focal,Description6,RT,12395.599999904633
SS1651631374290,CN,CD,context,Description1,RT,4306.300000190735
SS1651631374290,CN,CD,context,Description19,RT,13504.900000095367
SS1651631374290,CN,CD,focal,Description4,RT,14264.299999713898
SS1651631374290,CN,CD,context,Description3,RT,9643.800000190735
SS1651631374290,CN,CD,focal,Description5,RT,9951.099999904633
SS1651631374290,CN,CD,context,Description3,RT,11125.700000286102
SS1651631374290,CN,CD,focal,Description29,RT,11127.599999904633
SS1651631374290,CN,CD,context,Description2,RT,18734.099999904633
SS1651632269384,CN,CD,focal,Description6,RT,1162.8000000715256
SS1651632269384,CN,CD,context,Description9,RT,1837.7000000476837
SS1651632269384,CN,CD,focal,Description4,RT,1081.2000000476837
SS1651632269384,CN,CD,focal,Description5,RT,1639.3999999761581
SS1651632269384,CN,CD,context,Description1,RT,2238
SS1651632269384,CN,CD,focal,Description5,RT,1507.7000000476837
SS1651632269384,CN,CD,context,Description2,RT,1551.1000000238419
SS1651632269384,CN,CD,context,Description1,RT,1498
SS1651632269384,CN,CD,context,Description3,RT,1063.6000000238419
SS1651632269384,CN,CD,context,Description3,RT,1532.7999999523163
SS1651632269384,CN,CD,context,Description7,RT,1122.5
SS1651632269384,CN,CD,focal,Description0,RT,1165.8999999761581
SS1651632269384,CN,CD,context,Description2,RT,2245.2999999523163
SS1651632269384,CN,CD,focal,Description0,RT,2388.4000000953674
SS1651632269384,CN,CD,context,Description1,RT,1295.1999999284744
SS1651632269384,CN,CD,focal,Description0,RT,2936.2999999523163
SS1651632269384,CN,CD,focal,Description4,RT,7032.199999928474
SS1651632269384,CN,CD,context,Description7,RT,1478
SS1651632269384,CN,CD,context,Description7,RT,1614.7999999523163
SS1651632269384,CN,CD,context,Description2,RT,8071.799999952316
SS1651632269384,CN,CD,context,Description3,RT,1472.7999999523163
SS1651632269384,CN,CD,focal,Description6,RT,1620.4000000953674
SS1651632269384,CN,CD,focal,Description5,RT,1188.1999999284744
SS1651632269384,CN,CD,focal,Description29,RT,928.1999999284744
SS1651632269384,CN,CD,focal,Description4,RT,3105.5999999046326
SS1651632269384,CN,CD,focal,Description6,RT,1712.5
SS1651633449820,CN,CD,context,Description2,RT,37902
SS1651633449820,CN,CD,context,Description7,RT,42834
SS1651633449820,CN,CD,focal,Description6,RT,38301
SS1651633449820,CN,CD,context,Description2,RT,23596
SS1651633449820,CN,CD,focal,Description5,RT,12629
SS1651633449820,CN,CD,context,Description3,RT,10081
SS1651633449820,CN,CD,context,Description1,RT,15450
SS1651633449820,CN,CD,focal,Description6,RT,10360
SS1651633449820,CN,CD,focal,Description0,RT,11255
SS1651633449820,CN,CD,focal,Description29,RT,10899
SS1651633449820,CN,CD,focal,Description5,RT,16941
SS1651633449820,CN,CD,focal,Description0,RT,15259
SS1651633449820,CN,CD,focal,Description6,RT,31066
SS1651633449820,CN,CD,context,Description3,RT,5896
SS1651633449820,CN,CD,focal,Description0,RT,31722
SS1651633449820,CN,CD,context,Description9,RT,25970
SS1651633449820,CN,CD,context,Description7,RT,9599
SS1651633449820,CN,CD,context,Description2,RT,18702
SS1651633449820,CN,CD,focal,Description4,RT,28434
SS1651633449820,CN,CD,focal,Description4,RT,22898
SS1651633449820,CN,CD,focal,Description4,RT,22894
SS1651633449820,CN,CD,context,Description1,RT,15392
SS1651633449820,CN,CD,context,Description3,RT,18728
SS1651633449820,CN,CD,focal,Description5,RT,9197
SS1651633449820,CN,CD,context,Description1,RT,8965
SS1651633449820,CN,CD,context,Description7,RT,26142
SS1651633449820,CN,CD,context,Description19,RT,null
SS1651634088254,CN,CD,focal,Description6,RT,8689
SS1651634088254,CN,CD,context,Description3,RT,4448
SS1651634088254,CN,CD,context,Description1,RT,7034
SS1651634088254,CN,CD,context,Description2,RT,5222
SS1651634088254,CN,CD,focal,Description0,RT,8853
SS1651634088254,CN,CD,context,Description3,RT,17876
SS1651634088254,CN,CD,context,Description2,RT,6621
SS1651634088254,CN,CD,focal,Description4,RT,4553
SS1651634088254,CN,CD,focal,Description0,RT,16676
SS1651634088254,CN,CD,focal,Description4,RT,13671
SS1651634088254,CN,CD,focal,Description4,RT,10069
SS1651634088254,CN,CD,focal,Description29,RT,1810
SS1651634088254,CN,CD,context,Description1,RT,3128
SS1651634088254,CN,CD,context,Description7,RT,22632
SS1651634088254,CN,CD,context,Description2,RT,6670
SS1651634088254,CN,CD,focal,Description6,RT,15575
SS1651634088254,CN,CD,context,Description7,RT,4708
SS1651634088254,CN,CD,context,Description19,RT,4121
SS1651634088254,CN,CD,context,Description9,RT,11486
SS1651634088254,CN,CD,context,Description3,RT,2842
SS1651634088254,CN,CD,focal,Description0,RT,6348
SS1651634088254,CN,CD,focal,Description6,RT,5523
SS1651634088254,CN,CD,context,Description7,RT,3691
SS1651634088254,CN,CD,context,Description1,RT,3151
SS1651634616537,CN,CD,focal,Description0,RT,29431.399999999907
SS1651634616537,CN,CD,context,Description8,RT,5905.600000000093
SS1651634616537,CN,CD,focal,Description6,RT,8071.0999999996275
SS1651634616537,CN,CD,context,Description8,RT,8444.5
SS1651634616537,CN,CD,context,Description7,RT,6388.899999999907
SS1651634616537,CN,CD,context,Description2,RT,4216.700000000186
SS1651634616537,CN,CD,context,Description2,RT,15760.100000000093
SS1651634616537,CN,CD,focal,Description5,RT,13630.399999999907
SS1651634616537,CN,CD,focal,Description5,RT,6231.899999999907
SS1651634616537,CN,CD,context,Description3,RT,1751.0999999996275
SS1651634616537,CN,CD,context,Description7,RT,52311.60000000009
SS1651634616537,CN,CD,focal,Description4,RT,4965.899999999907
SS1651634616537,CN,CD,focal,Description6,RT,9589
SS1651634616537,CN,CD,context,Description2,RT,30054.399999999907
SS1651634616537,CN,CD,focal,Description0,RT,9410.899999999907
SS1651634616537,CN,CD,focal,Description0,RT,6563.100000000093
SS1651634616537,CN,CD,focal,Description4,RT,7078.699999999721
SS1651634616537,CN,CD,focal,Description29,RT,4626.899999999907
SS1651634616537,CN,CD,context,Description3,RT,3300.399999999907
SS1651634616537,CN,CD,context,Description1,RT,6657.399999999907
SS1651634616537,CN,CD,context,Description8,RT,6728.5
SS1651634616537,CN,CD,context,Description7,RT,5848.200000000186
SS1651634616537,CN,CD,focal,Description4,RT,12352.200000000186
SS1651634616537,CN,CD,context,Description1,RT,3170.600000000093
SS1651634616537,CN,CD,context,Description3,RT,4977
SS1651634616537,CN,CD,context,Description19,RT,5804.100000000093
SS1651634616537,CN,CD,focal,Description5,RT,10781.600000000093
SS1651634616537,CN,CD,context,Description9,RT,15009.600000000093
SS1651634616537,CN,CD,context,Description1,RT,10416
SS1651634616537,CN,CD,focal,Description6,RT,4523.399999999907
SS1651634772197,CN,CD,focal,Description0,RT,1616
SS1651634772197,CN,CD,context,Description7,RT,795.8999999761581
SS1651634772197,CN,CD,context,Description1,RT,821.2999999523163
SS1651634772197,CN,CD,focal,Description4,RT,3970.600000023842
SS1651634772197,CN,CD,context,Description1,RT,1005.1999999284744
SS1651634772197,CN,CD,context,Description3,RT,791.4000000953674
SS1651634772197,CN,CD,focal,Description6,RT,853.0999999046326
SS1651634772197,CN,CD,focal,Description4,RT,727
SS1651634772197,CN,CD,focal,Description4,RT,883.2999999523163
SS1651634772197,CN,CD,focal,Description6,RT,1373.1999999284744
SS1651634772197,CN,CD,focal,Description0,RT,1137.6999999284744
SS1651634772197,CN,CD,context,Description3,RT,852.6000000238419
SS1651634772197,CN,CD,focal,Description6,RT,879.0999999046326
SS1651634772197,CN,CD,context,Description2,RT,2071.8000000715256
SS1651634772197,CN,CD,context,Description9,RT,945.7999999523163
SS1651634772197,CN,CD,context,Description2,RT,6085.5
SS1651634772197,CN,CD,context,Description1,RT,1677.5
SS1651634772197,CN,CD,context,Description7,RT,1085.1000000238419
SS1651634772197,CN,CD,context,Description2,RT,1103.8999999761581
SS1651634772197,CN,CD,focal,Description5,RT,996
SS1651634772197,CN,CD,focal,Description5,RT,777.2000000476837
SS1651634772197,CN,CD,context,Description3,RT,1006.8999999761581
SS1651634772197,CN,CD,focal,Description29,RT,636.7000000476837
SS1651634772197,CN,CD,focal,Description0,RT,1103.2999999523163
SS1651634772197,CN,CD,focal,Description5,RT,1177.7000000476837
SS1651634772197,CN,CD,context,Description7,RT,1084.7000000476837
SS1651636059839,CN,CD,context,Description1,RT,1714.5
SS1651636059839,CN,CD,focal,Description6,RT,983.0999999046326
SS1651636059839,CN,CD,context,Description7,RT,591.6000000238419
SS1651636059839,CN,CD,focal,Description4,RT,969.7999999523163
SS1651636059839,CN,CD,focal,Description0,RT,671
SS1651636059839,CN,CD,focal,Description4,RT,1611.7000000476837
SS1651636059839,CN,CD,focal,Description5,RT,734.2000000476837
SS1651636059839,CN,CD,focal,Description5,RT,646.6000000238419
SS1651636059839,CN,CD,focal,Description6,RT,803.1999999284744
SS1651636059839,CN,CD,focal,Description5,RT,1004.7999999523163
SS1651636059839,CN,CD,context,Description9,RT,1054.3999999761581
SS1651636059839,CN,CD,context,Description2,RT,1271.2000000476837
SS1651636059839,CN,CD,context,Description3,RT,746.1999999284744
SS1651636059839,CN,CD,context,Description2,RT,1730.6000000238419
SS1651636059839,CN,CD,focal,Description0,RT,1150.1999999284744
SS1651636059839,CN,CD,context,Description1,RT,818.8999999761581
SS1651636059839,CN,CD,context,Description2,RT,1312.8999999761581
SS1651636059839,CN,CD,context,Description3,RT,738.2000000476837
SS1651636059839,CN,CD,focal,Description4,RT,894
SS1651636059839,CN,CD,context,Description1,RT,883.3999999761581
SS1651636059839,CN,CD,context,Description7,RT,736.6999999284744
SS1651636059839,CN,CD,focal,Description29,RT,587.5
SS1651636059839,CN,CD,context,Description3,RT,686.2000000476837
SS1651636059839,CN,CD,focal,Description6,RT,733.1999999284744
SS1651636059839,CN,CD,context,Description7,RT,1199.5999999046326
SS1651636059839,CN,CD,focal,Description0,RT,1097.7999999523163
SS1651642739005,CN,CD,focal,Description4,RT,null
SS1651642739005,CN,CD,focal,Description5,RT,16724.985000037123
SS1651642739005,CN,CD,context,Description19,RT,5907.160000002477
SS1651642739005,CN,CD,focal,Description29,RT,10129.935000033583
SS1651642739005,CN,CD,focal,Description5,RT,8600.065000005998
SS1651642739005,CN,CD,focal,Description6,RT,17156.52499999851
SS1651642739005,CN,CD,context,Description8,RT,8344.09000002779
SS1651642739005,CN,CD,focal,Description4,RT,31968.930000031833
SS1651642739005,CN,CD,context,Description8,RT,16628.304999961983
SS1651642739005,CN,CD,context,Description2,RT,8192.3550000065
SS1651642739005,CN,CD,focal,Description0,RT,5400.959999999031
SS1651642739005,CN,CD,context,Description3,RT,3691.259999992326
SS1651642739005,CN,CD,context,Description2,RT,16705.284999974538
SS1651642739005,CN,CD,focal,Description4,RT,13911.38000000501
SS1651642739005,CN,CD,context,Description2,RT,23318.744999996852
SS1651642739005,CN,CD,focal,Description0,RT,11701.4349999954
SS1651642739005,CN,CD,focal,Description6,RT,10019.910000031814
SS1651642739005,CN,CD,context,Description8,RT,3274.154999991879
SS1651642739005,CN,CD,focal,Description0,RT,16682.139999989886
SS1651642739005,CN,CD,focal,Description5,RT,9775.335000013001
SS1651642739005,CN,CD,focal,Description6,RT,18666.10499995295
SS1651642739005,CN,CD,context,Description3,RT,30992.039999982808
SS1651642739005,CN,CD,context,Description3,RT,2573.020000010729
SS1651644576691,CN,CD,context,Description8,RT,3131.7000000476837
SS1651644576691,CN,CD,focal,Description0,RT,2788.2999999523163
SS1651644576691,CN,CD,context,Description2,RT,2539.199999809265
SS1651644576691,CN,CD,focal,Description6,RT,3171.4000000953674
SS1651644576691,CN,CD,focal,Description4,RT,9459.5
SS1651644576691,CN,CD,focal,Description4,RT,6101.300000190735
SS1651644576691,CN,CD,context,Description7,RT,17921.5
SS1651644576691,CN,CD,context,Description7,RT,16786.39999985695
SS1651644576691,CN,CD,context,Description2,RT,8315
SS1651644576691,CN,CD,focal,Description5,RT,11105.799999952316
SS1651644576691,CN,CD,focal,Description0,RT,19778.799999952316
SS1651644576691,CN,CD,context,Description7,RT,18432.700000047684
SS1651644576691,CN,CD,context,Description1,RT,7487.599999904633
SS1651644576691,CN,CD,focal,Description6,RT,9270.599999904633
SS1651644576691,CN,CD,context,Description8,RT,8441.5
SS1651644576691,CN,CD,context,Description19,RT,4385.5
SS1651644576691,CN,CD,context,Description3,RT,7849.700000047684
SS1651644576691,CN,CD,focal,Description6,RT,27750.299999952316
SS1651644576691,CN,CD,focal,Description4,RT,6470.099999904633
SS1651644576691,CN,CD,focal,Description29,RT,1641.6999998092651
SS1651644576691,CN,CD,focal,Description0,RT,17690
SS1651644576691,CN,CD,context,Description1,RT,7056.700000047684
SS1651644576691,CN,CD,context,Description2,RT,12535.700000047684
SS1651644576691,CN,CD,focal,Description5,RT,13375.200000047684
SS1651644576691,CN,CD,context,Description1,RT,7458.799999952316
SS1651644576691,CN,CD,context,Description3,RT,2264.4000000953674
SS1651644576691,CN,CD,context,Description3,RT,8376.700000047684
SS1651644576691,CN,CD,focal,Description5,RT,9694.899999856949
SS1651644576691,CN,CD,context,Description9,RT,5848
SS1651644576691,CN,CD,context,Description8,RT,5999.700000047684
SS1651645903803,CN,CD,context,Description7,RT,13901.054999966174
SS1651645903803,CN,CD,context,Description3,RT,null
SS1651645903803,CN,CD,focal,Description0,RT,30642.700000025332
SS1651645903803,CN,CD,focal,Description6,RT,null
SS1651645903803,CN,CD,context,Description2,RT,13805.47999998089
SS1651645903803,CN,CD,context,Description1,RT,37873.33500001114
SS1651645903803,CN,CD,context,Description2,RT,36050.070000055246
SS1651645903803,CN,CD,focal,Description4,RT,10836.130000010133
SS1651645903803,CN,CD,context,Description7,RT,null
SS1651645903803,CN,CD,focal,Description0,RT,null
SS1651645903803,CN,CD,context,Description1,RT,15080.985000006855
SS1651645903803,CN,CD,context,Description19,RT,11093.419999990612
SS1651645903803,CN,CD,focal,Description0,RT,23873.645000043325
SS1651645903803,CN,CD,context,Description1,RT,25469.43500003498
SS1651645903803,CN,CD,focal,Description6,RT,40780.8199999854
SS1651645903803,CN,CD,context,Description7,RT,23228.419999998994
SS1651645903803,CN,CD,context,Description3,RT,23738.98500000313
SS1651645903803,CN,CD,focal,Description4,RT,14213.340000016615
SS1651645903803,CN,CD,focal,Description4,RT,null
SS1651645903803,CN,CD,context,Description3,RT,19777.144999999553
SS1651645903803,CN,CD,focal,Description6,RT,28792.925000016578
SS1651645903803,CN,CD,focal,Description5,RT,32590.429999982938
SS1651645903803,CN,CD,context,Description2,RT,38353.88499999046
SS1651645903803,CN,CD,focal,Description5,RT,39758.26999999117
SS1651645903803,CN,CD,focal,Description5,RT,null
SS1651649525276,CN,CD,focal,Description4,RT,43372.09999996424
SS1651649525276,CN,CD,context,Description7,RT,7390.899999976158
SS1651649525276,CN,CD,focal,Description5,RT,7296.100000023842
SS1651649525276,CN,CD,focal,Description6,RT,9464.599999964237
SS1651649525276,CN,CD,context,Description1,RT,13420.699999988079
SS1651649525276,CN,CD,focal,Description0,RT,13775.400000035763
SS1651649525276,CN,CD,focal,Description5,RT,11302.099999964237
SS1651649525276,CN,CD,context,Description3,RT,4322
SS1651649525276,CN,CD,context,Description2,RT,29697.100000023842
SS1651649525276,CN,CD,focal,Description29,RT,7402.400000035763
SS1651649525276,CN,CD,context,Description19,RT,9575.699999988079
SS1651649525276,CN,CD,context,Description9,RT,32105.5
SS1651649525276,CN,CD,context,Description7,RT,47524
SS1651649525276,CN,CD,focal,Description6,RT,21312.80000001192
SS1651649525276,CN,CD,context,Description3,RT,13244.399999976158
SS1651649525276,CN,CD,context,Description2,RT,16653
SS1651649525276,CN,CD,context,Description3,RT,6191
SS1651649525276,CN,CD,focal,Description4,RT,7202.199999988079
SS1651649525276,CN,CD,context,Description1,RT,18240.5
SS1651649525276,CN,CD,context,Description1,RT,4941.400000035763
SS1651649525276,CN,CD,context,Description2,RT,9357.300000011921
SS1651649525276,CN,CD,focal,Description6,RT,16477.900000035763
SS1651649525276,CN,CD,focal,Description4,RT,20961.899999976158
SS1651649525276,CN,CD,focal,Description5,RT,12315.700000047684
SS1651649525276,CN,CD,context,Description7,RT,2495.899999976158
SS1651649525276,CN,CD,focal,Description0,RT,11984
SS1651649525276,CN,CD,focal,Description0,RT,24872.899999976158
SS1651652206023,CN,CD,focal,Description0,RT,4982.600000104867
SS1651652206023,CN,CD,focal,Description29,RT,5108.3000000799075
SS1651652206023,CN,CD,focal,Description0,RT,2199.4000000413507
SS1651652206023,CN,CD,focal,Description4,RT,7732.1000000229105
SS1651652206023,CN,CD,context,Description1,RT,4863.600000040606
SS1651652206023,CN,CD,focal,Description5,RT,6157.899999991059
SS1651652206023,CN,CD,focal,Description4,RT,3776.799999992363
SS1651652206023,CN,CD,context,Description7,RT,7118.600000045262
SS1651652206023,CN,CD,context,Description1,RT,5456.499999971129
SS1651652206023,CN,CD,context,Description1,RT,8668.399999965914
SS1651652206023,CN,CD,focal,Description5,RT,2588.400000007823
SS1651652206023,CN,CD,context,Description2,RT,4567.000000039116
SS1651652206023,CN,CD,context,Description2,RT,3149.9999999068677
SS1651652206023,CN,CD,focal,Description5,RT,12941.800000029616
SS1651652206023,CN,CD,context,Description2,RT,3510.800000047311
SS1651652206023,CN,CD,focal,Description4,RT,2158.3999999566004
SS1651652206023,CN,CD,focal,Description6,RT,8675.300000002608
SS1651652206023,CN,CD,focal,Description6,RT,4332.0999999996275
SS1651652206023,CN,CD,context,Description19,RT,5875.800000037998
SS1651652206023,CN,CD,context,Description3,RT,3339.200000045821
SS1651652206023,CN,CD,context,Description3,RT,4863.800000050105
SS1651652206023,CN,CD,context,Description3,RT,3712.000000057742
SS1651652206023,CN,CD,context,Description7,RT,4984.500000020489
SS1651652206023,CN,CD,focal,Description6,RT,4374.599999981001
SS1651652206023,CN,CD,context,Description7,RT,5394.1999999806285
SS1651652206023,CN,CD,context,Description9,RT,9179.099999950267
SS1651652206023,CN,CD,focal,Description0,RT,9352.700000046752
SS1651652979760,CN,CD,context,Description7,RT,10230
SS1651652979760,CN,CD,context,Description3,RT,6825.200000047684
SS1651652979760,CN,CD,focal,Description4,RT,7251.300000011921
SS1651652979760,CN,CD,context,Description3,RT,5860.5
SS1651652979760,CN,CD,context,Description2,RT,3254.699999988079
SS1651652979760,CN,CD,context,Description1,RT,5587.800000011921
SS1651652979760,CN,CD,context,Description3,RT,4303
SS1651652979760,CN,CD,focal,Description0,RT,11257.099999964237
SS1651652979760,CN,CD,focal,Description4,RT,4724.800000011921
SS1651652979760,CN,CD,focal,Description0,RT,3229.800000011921
SS1651652979760,CN,CD,focal,Description5,RT,10056
SS1651652979760,CN,CD,context,Description7,RT,3303.300000011921
SS1651652979760,CN,CD,focal,Description6,RT,20836.799999952316
SS1651652979760,CN,CD,context,Description8,RT,16308.600000023842
SS1651652979760,CN,CD,context,Description8,RT,3058.2999999523163
SS1651652979760,CN,CD,focal,Description29,RT,1567.2000000476837
SS1651652979760,CN,CD,context,Description1,RT,2914.399999976158
SS1651652979760,CN,CD,focal,Description6,RT,17750.400000035763
SS1651652979760,CN,CD,context,Description2,RT,12968.900000035763
SS1651652979760,CN,CD,context,Description7,RT,8482.5
SS1651652979760,CN,CD,context,Description9,RT,8452.099999964237
SS1651652979760,CN,CD,focal,Description5,RT,4213.099999964237
SS1651652979760,CN,CD,context,Description8,RT,2393.599999964237
SS1651652979760,CN,CD,focal,Description5,RT,6225.199999988079
SS1651652979760,CN,CD,context,Description2,RT,16294
SS1651652979760,CN,CD,context,Description1,RT,8677.099999964237
SS1651652979760,CN,CD,focal,Description0,RT,18810.100000023842
SS1651652979760,CN,CD,focal,Description6,RT,2249.100000023842
SS1651652979760,CN,CD,context,Description19,RT,7572.899999976158
SS1651652979760,CN,CD,focal,Description4,RT,18747.19999998808
SS1651654468673,CN,CD,context,Description9,RT,17791.40000000596
SS1651654468673,CN,CD,focal,Description6,RT,26528.79999999702
SS1651654468673,CN,CD,context,Description2,RT,8578.5
SS1651654468673,CN,CD,context,Description2,RT,13886.5
SS1651654468673,CN,CD,context,Description19,RT,6817.4000000059605
SS1651654468673,CN,CD,context,Description7,RT,23018.40000000596
SS1651654468673,CN,CD,context,Description3,RT,3605.5
SS1651654468673,CN,CD,focal,Description5,RT,4088.6000000089407
SS1651654468673,CN,CD,focal,Description6,RT,16715.30000001192
SS1651654468673,CN,CD,focal,Description5,RT,12946.20000000298
SS1651654468673,CN,CD,context,Description1,RT,7838.100000008941
SS1651654468673,CN,CD,context,Description7,RT,6340.399999991059
SS1651654468673,CN,CD,context,Description1,RT,7307.70000000298
SS1651654468673,CN,CD,context,Description7,RT,5480.20000000298
SS1651654468673,CN,CD,context,Description2,RT,19717.80000001192
SS1651654468673,CN,CD,context,Description1,RT,3464.5
SS1651654468673,CN,CD,focal,Description4,RT,21064.5
SS1651654468673,CN,CD,focal,Description0,RT,22347.59999999404
SS1651654468673,CN,CD,focal,Description29,RT,4165.399999991059
SS1651654468673,CN,CD,focal,Description5,RT,6520
SS1651654468673,CN,CD,focal,Description0,RT,4579
SS1651654468673,CN,CD,focal,Description0,RT,12844.59999999404
SS1651654468673,CN,CD,focal,Description4,RT,10212
SS1651654468673,CN,CD,focal,Description4,RT,10775.60000000894
SS1651654468673,CN,CD,context,Description3,RT,13550.89999999106
SS1651654468673,CN,CD,focal,Description6,RT,20559
SS1651654468673,CN,CD,context,Description3,RT,6620.29999999702
SS1651654992618,CN,CD,context,Description7,RT,30760.700000047684
SS1651654992618,CN,CD,context,Description2,RT,29303.299999952316
SS1651654992618,CN,CD,context,Description7,RT,5812.600000023842
SS1651654992618,CN,CD,context,Description2,RT,13030.200000047684
SS1651654992618,CN,CD,context,Description1,RT,8585.800000071526
SS1651654992618,CN,CD,context,Description19,RT,7217.600000023842
SS1651654992618,CN,CD,focal,Description5,RT,8195.5
SS1651654992618,CN,CD,context,Description7,RT,16907.399999976158
SS1651654992618,CN,CD,focal,Description5,RT,12449.799999952316
SS1651654992618,CN,CD,focal,Description29,RT,8805.100000023842
SS1651654992618,CN,CD,focal,Description4,RT,11064.300000071526
SS1651654992618,CN,CD,focal,Description0,RT,7385.700000047684
SS1651654992618,CN,CD,focal,Description4,RT,15755.200000047684
SS1651654992618,CN,CD,focal,Description5,RT,13016.400000095367
SS1651654992618,CN,CD,focal,Description4,RT,8531.600000023842
SS1651654992618,CN,CD,focal,Description0,RT,11812.899999976158
SS1651654992618,CN,CD,context,Description9,RT,19479.100000023842
SS1651654992618,CN,CD,context,Description2,RT,13366
SS1651654992618,CN,CD,focal,Description0,RT,7995.600000023842
SS1651654992618,CN,CD,context,Description1,RT,5087.900000095367
SS1651654992618,CN,CD,context,Description1,RT,2315.2000000476837
SS1651655612985,CN,CD,focal,Description0,RT,13832
SS1651655612985,CN,CD,context,Description8,RT,10841.199999809265
SS1651655612985,CN,CD,context,Description7,RT,8067.299999952316
SS1651655612985,CN,CD,focal,Description29,RT,4296.700000047684
SS1651655612985,CN,CD,context,Description3,RT,2877.7999999523163
SS1651655612985,CN,CD,context,Description3,RT,3571.100000143051
SS1651655612985,CN,CD,context,Description19,RT,6622.100000143051
SS1651655612985,CN,CD,focal,Description5,RT,5394.600000143051
SS1651655612985,CN,CD,context,Description2,RT,18519.299999952316
SS1651655612985,CN,CD,context,Description7,RT,10572.299999952316
SS1651655612985,CN,CD,focal,Description4,RT,3958.5
SS1651655612985,CN,CD,focal,Description0,RT,4378.800000190735
SS1651655612985,CN,CD,focal,Description0,RT,4206.799999952316
SS1651655612985,CN,CD,context,Description2,RT,10042.200000047684
SS1651655612985,CN,CD,context,Description7,RT,12921.5
SS1651655612985,CN,CD,context,Description8,RT,6271.700000047684
SS1651655612985,CN,CD,context,Description8,RT,2288
SS1651655612985,CN,CD,context,Description3,RT,2141
SS1651655612985,CN,CD,focal,Description4,RT,10045.200000047684
SS1651655612985,CN,CD,focal,Description4,RT,14685.900000095367
SS1651655612985,CN,CD,focal,Description5,RT,12066.900000095367
SS1651655612985,CN,CD,context,Description2,RT,3985
SS1651655612985,CN,CD,focal,Description5,RT,4837.100000143051
SS1651655612985,CN,CD,context,Description9,RT,7261.300000190735
SS1651661370426,CN,CD,focal,Description0,RT,16683.9349999791
SS1651661370426,CN,CD,focal,Description29,RT,5160.540000011679
SS1651661370426,CN,CD,context,Description7,RT,10312.214999983553
SS1651661370426,CN,CD,context,Description1,RT,6647.65499997884
SS1651661370426,CN,CD,context,Description1,RT,9092.074999993201
SS1651661370426,CN,CD,context,Description2,RT,20540.02999997465
SS1651661370426,CN,CD,context,Description7,RT,24898.364999971818
SS1651661370426,CN,CD,context,Description2,RT,10668.319999997038
SS1651661370426,CN,CD,context,Description8,RT,7911.324999993667
SS1651661370426,CN,CD,focal,Description0,RT,18113.84000000544
SS1651661370426,CN,CD,context,Description1,RT,14887.065000017174
SS1651661370426,CN,CD,context,Description19,RT,9972.034999984317
SS1651661370426,CN,CD,context,Description7,RT,3035.8199999900535
SS1651661370426,CN,CD,context,Description2,RT,7360.4749999940395
SS1651661370426,CN,CD,focal,Description0,RT,15793.490000010934
SS1651661370426,CN,CD,context,Description8,RT,15858.7599999737
SS1651661370426,CN,CD,context,Description8,RT,2340.5149999889545
SS1651662575870,CN,CD,context,Description1,RT,7838.214999999967
SS1651662575870,CN,CD,focal,Description6,RT,11325.445000000065
SS1651662575870,CN,CD,context,Description9,RT,11423.975000000035
SS1651662575870,CN,CD,focal,Description6,RT,8767.80500000011
SS1651662575870,CN,CD,focal,Description4,RT,3173.4899999999907
SS1651662575870,CN,CD,context,Description7,RT,3716.2150000000256
SS1651662575870,CN,CD,context,Description2,RT,11383.224999999919
SS1651662575870,CN,CD,focal,Description29,RT,1830.1699999999837
SS1651662575870,CN,CD,focal,Description4,RT,6494.594999999972
SS1651662575870,CN,CD,focal,Description5,RT,6509.57500000007
SS1651662575870,CN,CD,context,Description1,RT,5105.960000000079
SS1651662575870,CN,CD,focal,Description4,RT,16869.08500000008
SS1651662575870,CN,CD,context,Description3,RT,7080.679999999935
SS1651662575870,CN,CD,focal,Description0,RT,5838.135000000009
SS1651662575870,CN,CD,context,Description1,RT,7292.869999999995
SS1651662575870,CN,CD,context,Description3,RT,3105.399999999907
SS1651662575870,CN,CD,focal,Description0,RT,24824.509999999893
SS1651662575870,CN,CD,context,Description2,RT,5617.944999999949
SS1651662575870,CN,CD,context,Description7,RT,10519.274999999907
SS1651662575870,CN,CD,context,Description19,RT,7230.599999999977
SS1651662575870,CN,CD,context,Description3,RT,4740.125
SS1651662575870,CN,CD,context,Description7,RT,19629.785000000033
SS1651662575870,CN,CD,focal,Description6,RT,4830.644999999902
SS1651662575870,CN,CD,focal,Description5,RT,5293.155000000028
SS1651662575870,CN,CD,focal,Description0,RT,29326.150000000023
SS1651662575870,CN,CD,context,Description2,RT,5216.859999999986
SS1651662575870,CN,CD,focal,Description5,RT,2473.8150000000605
SS1651663394470,CN,CD,focal,Description5,RT,5384.199999999721
SS1651663394470,CN,CD,context,Description8,RT,2720.5
SS1651663394470,CN,CD,context,Description3,RT,4795.100000000093
SS1651663394470,CN,CD,context,Description8,RT,4188.700000000186
SS1651663394470,CN,CD,focal,Description5,RT,7414.100000000093
SS1651663394470,CN,CD,focal,Description6,RT,11985
SS1651663394470,CN,CD,focal,Description4,RT,12053.19999999972
SS1651663394470,CN,CD,focal,Description6,RT,20468.19999999972
SS1651663394470,CN,CD,context,Description3,RT,2756.7000000001863
SS1651663394470,CN,CD,focal,Description4,RT,20139.299999999814
SS1651663394470,CN,CD,focal,Description6,RT,8819.899999999907
SS1651663394470,CN,CD,context,Description9,RT,6456.4000000003725
SS1651663394470,CN,CD,context,Description8,RT,1688
SS1651663394470,CN,CD,context,Description7,RT,4183.9000000003725
SS1651663394470,CN,CD,context,Description2,RT,15938.399999999907
SS1651663394470,CN,CD,context,Description2,RT,5732.299999999814
SS1651663394470,CN,CD,focal,Description5,RT,4955
SS1651663394470,CN,CD,context,Description2,RT,1601.5
SS1651663394470,CN,CD,focal,Description29,RT,6057.4000000003725
SS1651663394470,CN,CD,context,Description7,RT,5324.899999999907
SS1651663394470,CN,CD,context,Description7,RT,18353.69999999972
SS1651663394470,CN,CD,context,Description19,RT,2395.8000000002794
SS1651663394470,CN,CD,focal,Description4,RT,14281.899999999907
SS1651663394470,CN,CD,context,Description3,RT,3752.5
SS1651664105704,CN,CD,focal,Description29,RT,7121.65000004461
SS1651664105704,CN,CD,context,Description3,RT,8117.939999967348
SS1651664105704,CN,CD,focal,Description4,RT,7516.4199999999255
SS1651664105704,CN,CD,context,Description8,RT,3455.145000014454
SS1651664105704,CN,CD,focal,Description5,RT,7539.749999996275
SS1651664105704,CN,CD,focal,Description4,RT,9863.36499999743
SS1651664105704,CN,CD,context,Description7,RT,4087.7849999815226
SS1651664105704,CN,CD,context,Description7,RT,11218.9500000095
SS1651664105704,CN,CD,focal,Description0,RT,6956.314999959432
SS1651664105704,CN,CD,focal,Description4,RT,22768.425000016578
SS1651664105704,CN,CD,context,Description3,RT,9900.659999984782
SS1651664105704,CN,CD,context,Description2,RT,13994.475000014063
SS1651664105704,CN,CD,context,Description3,RT,3930.4949999786913
SS1651664105704,CN,CD,focal,Description6,RT,13855.505000043195
SS1651664105704,CN,CD,focal,Description0,RT,10678.844999987632
SS1651664105704,CN,CD,context,Description8,RT,3617.424999945797
SS1651664105704,CN,CD,focal,Description5,RT,15250.264999980573
SS1651664105704,CN,CD,focal,Description0,RT,12989.35500002699
SS1651664105704,CN,CD,focal,Description6,RT,7603.449999995064
SS1651664105704,CN,CD,context,Description2,RT,19446.040000009816
SS1651664105704,CN,CD,focal,Description6,RT,16587.289999995846
SS1651664105704,CN,CD,context,Description19,RT,12666.67000000598
SS1651664105704,CN,CD,context,Description7,RT,21093.519999994896
SS1651664105704,CN,CD,focal,Description5,RT,5065.684999979567
SS1651664105704,CN,CD,context,Description2,RT,4995.56999997003
SS1651664105704,CN,CD,context,Description8,RT,11877.329999988433
SS1651664105704,CN,CD,context,Description9,RT,27910.885000019334
SS1651665034176,CN,CD,focal,Description6,RT,19465
SS1651665034176,CN,CD,focal,Description29,RT,2969
SS1651665034176,CN,CD,context,Description1,RT,6379
SS1651665034176,CN,CD,context,Description7,RT,4639
SS1651665034176,CN,CD,context,Description7,RT,10123
SS1651665034176,CN,CD,focal,Description4,RT,4549
SS1651665034176,CN,CD,focal,Description6,RT,19358
SS1651665034176,CN,CD,focal,Description6,RT,11110
SS1651665034176,CN,CD,focal,Description5,RT,12981
SS1651665034176,CN,CD,context,Description3,RT,21619
SS1651665034176,CN,CD,context,Description1,RT,4107
SS1651665034176,CN,CD,focal,Description5,RT,13104
SS1651665034176,CN,CD,focal,Description4,RT,5194
SS1651665034176,CN,CD,context,Description7,RT,3041
SS1651665034176,CN,CD,focal,Description0,RT,3729
SS1651665034176,CN,CD,context,Description2,RT,6335
SS1651665034176,CN,CD,context,Description3,RT,7863
SS1651665034176,CN,CD,context,Description1,RT,2671
SS1651665034176,CN,CD,context,Description3,RT,3894
SS1651665034176,CN,CD,focal,Description5,RT,5874
SS1651665034176,CN,CD,context,Description2,RT,10010
SS1651665034176,CN,CD,context,Description9,RT,7316
SS1651665034176,CN,CD,focal,Description4,RT,8614
SS1651665034176,CN,CD,context,Description19,RT,6727
SS1651665034176,CN,CD,focal,Description0,RT,7010
SS1651665034176,CN,CD,context,Description2,RT,7711
SS1651665034176,CN,CD,focal,Description0,RT,6241
SS1651666650135,CN,CD,context,Description2,RT,15287
SS1651666650135,CN,CD,focal,Description29,RT,18137
SS1651666650135,CN,CD,focal,Description0,RT,31259
SS1651666650135,CN,CD,context,Description8,RT,3570
SS1651666650135,CN,CD,context,Description3,RT,14635
SS1651666650135,CN,CD,focal,Description4,RT,16961
SS1651666650135,CN,CD,context,Description8,RT,19387
SS1651666650135,CN,CD,focal,Description0,RT,9001
SS1651666650135,CN,CD,context,Description2,RT,26571
SS1651666650135,CN,CD,context,Description7,RT,23153
SS1651666650135,CN,CD,context,Description19,RT,21929
SS1651666650135,CN,CD,context,Description9,RT,12687
SS1651666650135,CN,CD,context,Description8,RT,7994
SS1651666650135,CN,CD,focal,Description4,RT,13674
SS1651666650135,CN,CD,focal,Description5,RT,7466
SS1651666650135,CN,CD,focal,Description6,RT,18272
SS1651666650135,CN,CD,context,Description7,RT,52113
SS1651666650135,CN,CD,context,Description7,RT,6436
SS1651666650135,CN,CD,context,Description3,RT,10806
SS1651666650135,CN,CD,focal,Description0,RT,7176
SS1651666650135,CN,CD,focal,Description5,RT,7410
SS1651666650135,CN,CD,context,Description3,RT,5248
SS1651666650135,CN,CD,context,Description2,RT,18276
SS1651666650135,CN,CD,focal,Description5,RT,10416
SS1651666650135,CN,CD,focal,Description6,RT,5440
SS1651666650135,CN,CD,focal,Description4,RT,8824
SS1651666650135,CN,CD,focal,Description6,RT,16469
SS1651669607417,CN,CD,focal,Description4,RT,18386
SS1651669607417,CN,CD,context,Description2,RT,4213
SS1651669607417,CN,CD,focal,Description5,RT,17589.700000047684
SS1651669607417,CN,CD,focal,Description6,RT,5167.799999952316
SS1651669607417,CN,CD,focal,Description5,RT,3256.399999976158
SS1651669607417,CN,CD,context,Description9,RT,16597.200000047684
SS1651669607417,CN,CD,focal,Description6,RT,29477.899999976158
SS1651669607417,CN,CD,context,Description2,RT,3342.2000000476837
SS1651669607417,CN,CD,context,Description2,RT,20598.700000047684
SS1651669607417,CN,CD,focal,Description0,RT,13826.5
SS1651669607417,CN,CD,focal,Description6,RT,4843.100000023842
SS1651669607417,CN,CD,focal,Description0,RT,8311
SS1651669607417,CN,CD,focal,Description0,RT,2081.1999999284744
SS1651669607417,CN,CD,focal,Description29,RT,1534.1000000238419
SS1651669607417,CN,CD,context,Description3,RT,17111
SS1651669607417,CN,CD,context,Description3,RT,2279.600000023842
SS1651669607417,CN,CD,focal,Description4,RT,4836.199999928474
SS1651669607417,CN,CD,context,Description19,RT,24188.5
SS1651669607417,CN,CD,focal,Description5,RT,4965
SS1651669607417,CN,CD,context,Description7,RT,8737.800000071526
SS1651669607417,CN,CD,context,Description7,RT,3249
SS1651669607417,CN,CD,focal,Description4,RT,3674.399999976158
SS1651669607417,CN,CD,context,Description3,RT,1840
SS1651669607417,CN,CD,context,Description7,RT,2284.5
SS1651669856701,CN,CD,focal,Description6,RT,4784
SS1651669856701,CN,CD,context,Description3,RT,2261
SS1651669856701,CN,CD,context,Description9,RT,3939
SS1651669856701,CN,CD,context,Description3,RT,2579
SS1651669856701,CN,CD,focal,Description29,RT,1710
SS1651669856701,CN,CD,context,Description7,RT,7920
SS1651669856701,CN,CD,context,Description1,RT,5484
SS1651669856701,CN,CD,context,Description2,RT,12937
SS1651669856701,CN,CD,focal,Description6,RT,2999
SS1651669856701,CN,CD,focal,Description4,RT,7699
SS1651669856701,CN,CD,focal,Description4,RT,5039
SS1651669856701,CN,CD,context,Description7,RT,3095
SS1651669856701,CN,CD,focal,Description5,RT,2308
SS1651669856701,CN,CD,context,Description2,RT,1725
SS1651669856701,CN,CD,context,Description3,RT,2350
SS1651669856701,CN,CD,focal,Description0,RT,1551
SS1651669856701,CN,CD,context,Description2,RT,2332
SS1651669856701,CN,CD,focal,Description5,RT,25581
SS1651669856701,CN,CD,context,Description1,RT,1791
SS1651669856701,CN,CD,context,Description7,RT,27762
SS1651669856701,CN,CD,focal,Description4,RT,2287
SS1651669856701,CN,CD,context,Description19,RT,2966
SS1651669856701,CN,CD,focal,Description6,RT,4010
SS1651669856701,CN,CD,context,Description1,RT,6651
SS1651669856701,CN,CD,focal,Description5,RT,5651
SS1651669856701,CN,CD,focal,Description0,RT,32615
SS1651669856701,CN,CD,focal,Description0,RT,3161
SS1651672824225,CN,CD,context,Description2,RT,51678
SS1651672824225,CN,CD,context,Description9,RT,26669
SS1651672824225,CN,CD,focal,Description5,RT,13480
SS1651672824225,CN,CD,focal,Description5,RT,24622
SS1651672824225,CN,CD,focal,Description4,RT,19029
SS1651672824225,CN,CD,focal,Description0,RT,8606
SS1651672824225,CN,CD,focal,Description4,RT,32864
SS1651672824225,CN,CD,focal,Description6,RT,15413
SS1651672824225,CN,CD,focal,Description0,RT,30934
SS1651672824225,CN,CD,focal,Description4,RT,11706
SS1651672824225,CN,CD,context,Description3,RT,13182
SS1651672824225,CN,CD,context,Description7,RT,8672
SS1651672824225,CN,CD,context,Description1,RT,27776
SS1651672824225,CN,CD,focal,Description5,RT,13776
SS1651672824225,CN,CD,context,Description2,RT,28092
SS1651672824225,CN,CD,context,Description7,RT,53695
SS1651672824225,CN,CD,context,Description3,RT,5069
SS1651672824225,CN,CD,focal,Description29,RT,12349
SS1651672824225,CN,CD,focal,Description6,RT,17272
SS1651672824225,CN,CD,context,Description2,RT,10673
SS1651672824225,CN,CD,context,Description1,RT,9129
SS1651672824225,CN,CD,context,Description1,RT,10165
SS1651672824225,CN,CD,context,Description3,RT,38221
SS1651672824225,CN,CD,context,Description7,RT,10960
SS1651672824225,CN,CD,focal,Description6,RT,9263
SS1651672824225,CN,CD,context,Description19,RT,12318
SS1651672824225,CN,CD,focal,Description0,RT,10664
SS1651674999028,CN,CD,focal,Description5,RT,5727.25999999966
SS1651674999028,CN,CD,context,Description2,RT,2521.494999999064
SS1651674999028,CN,CD,focal,Description5,RT,1765.2400000005728
SS1651674999028,CN,CD,context,Description7,RT,1817.8150000002934
SS1651674999028,CN,CD,context,Description2,RT,3626.804999999935
SS1651674999028,CN,CD,focal,Description0,RT,4106.310000000987
SS1651674999028,CN,CD,context,Description3,RT,5615.43499999959
SS1651674999028,CN,CD,focal,Description4,RT,3454.5299999990966
SS1651674999028,CN,CD,focal,Description4,RT,5100.56499999878
SS1651674999028,CN,CD,context,Description1,RT,16066.264999999432
SS1651674999028,CN,CD,focal,Description5,RT,22346.209999999614
SS1651674999028,CN,CD,context,Description7,RT,3851.024999999907
SS1651674999028,CN,CD,focal,Description6,RT,3629.350000001141
SS1651674999028,CN,CD,context,Description1,RT,4453.344999999856
SS1651674999028,CN,CD,context,Description2,RT,11508.915000000386
SS1651674999028,CN,CD,focal,Description29,RT,2161.1649999995716
SS1651674999028,CN,CD,context,Description3,RT,3811.299999999348
SS1651674999028,CN,CD,context,Description7,RT,6497.389999998617
SS1651674999028,CN,CD,context,Description19,RT,2178.745000001043
SS1651674999028,CN,CD,focal,Description6,RT,5482.880000001402
SS1651674999028,CN,CD,context,Description1,RT,9236.450000000303
SS1651674999028,CN,CD,focal,Description6,RT,3352.7700000014156
SS1651674999028,CN,CD,focal,Description0,RT,3230.315000000759
SS1651674999028,CN,CD,context,Description3,RT,2430.000000000233
SS1651674999028,CN,CD,focal,Description0,RT,8989.125
SS1651674999028,CN,CD,context,Description9,RT,13240.035000000731
SS1651674999028,CN,CD,focal,Description4,RT,8959.6949999996
SS1651675575564,CN,CD,context,Description8,RT,18782.399999976158
SS1651675575564,CN,CD,focal,Description6,RT,25142.700000047684
SS1651675575564,CN,CD,context,Description9,RT,8550.299999952316
SS1651675575564,CN,CD,focal,Description6,RT,8343
SS1651675575564,CN,CD,context,Description2,RT,11825.600000023842
SS1651675575564,CN,CD,focal,Description0,RT,25814.600000023842
SS1651675575564,CN,CD,context,Description8,RT,5866.700000047684
SS1651675575564,CN,CD,focal,Description5,RT,3708.7999999523163
SS1651675575564,CN,CD,context,Description1,RT,9066.200000047684
SS1651675575564,CN,CD,context,Description3,RT,3126.7000000476837
SS1651675575564,CN,CD,context,Description1,RT,5717.399999976158
SS1651675575564,CN,CD,context,Description2,RT,6771.400000095367
SS1651675575564,CN,CD,focal,Description0,RT,1674.2999999523163
SS1651675575564,CN,CD,context,Description7,RT,31323.199999928474
SS1651675575564,CN,CD,focal,Description4,RT,4228.300000071526
SS1651675575564,CN,CD,focal,Description5,RT,6022.5
SS1651675575564,CN,CD,context,Description8,RT,2318.5
SS1651675575564,CN,CD,focal,Description6,RT,7352.399999976158
SS1651675575564,CN,CD,context,Description7,RT,3303.100000023842
SS1651675575564,CN,CD,focal,Description0,RT,6779.699999928474
SS1651675575564,CN,CD,context,Description3,RT,11843.299999952316
SS1651675575564,CN,CD,focal,Description29,RT,2161.5999999046326
SS1651675575564,CN,CD,focal,Description5,RT,1877.3999999761581
SS1651675575564,CN,CD,focal,Description4,RT,4429.899999976158
SS1651675575564,CN,CD,focal,Description4,RT,5446.600000023842
SS1651675575564,CN,CD,context,Description3,RT,2552.5
SS1651675575564,CN,CD,context,Description1,RT,2995.399999976158
SS1651675575564,CN,CD,context,Description19,RT,3261.7999999523163
SS1651675575564,CN,CD,context,Description7,RT,2464.1999999284744
SS1651675575564,CN,CD,context,Description2,RT,7100.5
SS1651675739437,CN,CD,focal,Description5,RT,6844.5
SS1651675739437,CN,CD,context,Description2,RT,12016.60000000149
SS1651675739437,CN,CD,context,Description2,RT,2781
SS1651675739437,CN,CD,focal,Description29,RT,1740.3000000044703
SS1651675739437,CN,CD,focal,Description6,RT,8574.09999999404
SS1651675739437,CN,CD,context,Description19,RT,9568.20000000298
SS1651675739437,CN,CD,context,Description3,RT,8101.80000000447
SS1651675739437,CN,CD,focal,Description6,RT,3417.89999999851
SS1651675739437,CN,CD,focal,Description4,RT,13829.29999999702
SS1651675739437,CN,CD,context,Description7,RT,10794.30000000447
SS1651675739437,CN,CD,focal,Description0,RT,3518.7999999970198
SS1651675739437,CN,CD,context,Description9,RT,6675.69999999553
SS1651675739437,CN,CD,context,Description2,RT,5672
SS1651675739437,CN,CD,focal,Description6,RT,2411.7999999970198
SS1651675739437,CN,CD,focal,Description5,RT,5368
SS1651675739437,CN,CD,focal,Description4,RT,3042.8000000044703
SS1651675739437,CN,CD,context,Description1,RT,6646.89999999851
SS1651675739437,CN,CD,context,Description7,RT,3020.39999999851
SS1651675739437,CN,CD,context,Description1,RT,4106.89999999851
SS1651675739437,CN,CD,context,Description1,RT,3207.5
SS1651675739437,CN,CD,context,Description7,RT,2847.60000000149
SS1651675739437,CN,CD,focal,Description4,RT,6857.79999999702
SS1651675739437,CN,CD,context,Description3,RT,4320.5
SS1651675739437,CN,CD,focal,Description5,RT,20469
SS1651675739437,CN,CD,focal,Description0,RT,3110.9000000059605
SS1651675739437,CN,CD,focal,Description0,RT,6586.80000000447
SS1651675739437,CN,CD,context,Description3,RT,2322.2999999970198
SS1651682617757,CN,CD,focal,Description5,RT,21258.099999904633
SS1651682617757,CN,CD,focal,Description4,RT,11311.5
SS1651682617757,CN,CD,context,Description7,RT,30764.89999985695
SS1651682617757,CN,CD,context,Description3,RT,9071.399999856949
SS1651682617757,CN,CD,context,Description2,RT,13849.800000190735
SS1651682617757,CN,CD,context,Description1,RT,13224.799999952316
SS1651682617757,CN,CD,focal,Description5,RT,27311.199999809265
SS1651682617757,CN,CD,focal,Description4,RT,6030.900000095367
SS1651682617757,CN,CD,context,Description1,RT,15636.900000095367
SS1651682617757,CN,CD,context,Description3,RT,11341.400000095367
SS1651682617757,CN,CD,focal,Description0,RT,19906.60000014305
SS1651682617757,CN,CD,context,Description2,RT,7015.799999952316
SS1651682617757,CN,CD,focal,Description0,RT,14933.099999904633
SS1651682617757,CN,CD,context,Description3,RT,4861.600000143051
SS1651682617757,CN,CD,context,Description9,RT,8725
SS1651682617757,CN,CD,context,Description2,RT,5524.800000190735
SS1651682617757,CN,CD,context,Description7,RT,10344.299999952316
SS1651682617757,CN,CD,context,Description1,RT,5417.399999856949
SS1651682617757,CN,CD,focal,Description4,RT,3574.2999999523163
SS1651682617757,CN,CD,focal,Description29,RT,3257.399999856949
SS1651682617757,CN,CD,focal,Description5,RT,6960.700000047684
SS1651682617757,CN,CD,context,Description19,RT,19560.299999952316
SS1651682617757,CN,CD,context,Description7,RT,3984.5
SS1651682617757,CN,CD,focal,Description0,RT,17427.799999952316
SS1651705155608,CN,CD,focal,Description6,RT,5951.199999999255
SS1651705155608,CN,CD,context,Description2,RT,20411.799999998882
SS1651705155608,CN,CD,context,Description2,RT,14922.89999999851
SS1651705155608,CN,CD,context,Description3,RT,14618.10000000149
SS1651705155608,CN,CD,focal,Description0,RT,29300.5
SS1651705155608,CN,CD,context,Description9,RT,16241.5
SS1651705155608,CN,CD,focal,Description4,RT,20917.900000000373
SS1651705155608,CN,CD,focal,Description29,RT,6535.699999999255
SS1651705155608,CN,CD,context,Description19,RT,12676.699999999255
SS1651705155608,CN,CD,context,Description3,RT,10062
SS1651705155608,CN,CD,context,Description1,RT,8447.699999999255
SS1651705155608,CN,CD,context,Description3,RT,2637.7999999988824
SS1651705155608,CN,CD,context,Description1,RT,5539.699999999255
SS1651705155608,CN,CD,focal,Description6,RT,6084.799999998882
SS1651705155608,CN,CD,focal,Description6,RT,5299.9000000003725
SS1651705155608,CN,CD,context,Description1,RT,3468.699999999255
SS1651705155608,CN,CD,context,Description7,RT,9345.900000000373
SS1651705155608,CN,CD,focal,Description5,RT,10548.699999999255
SS1651705155608,CN,CD,focal,Description5,RT,4963.9000000003725
SS1651705155608,CN,CD,focal,Description0,RT,2634.699999999255
SS1651705155608,CN,CD,focal,Description4,RT,2417.699999999255
SS1651705155608,CN,CD,focal,Description4,RT,8639.699999999255
SS1651705155608,CN,CD,context,Description7,RT,1656.7000000011176
SS1651705155608,CN,CD,context,Description2,RT,4453.5999999996275
SS1651705155608,CN,CD,context,Description7,RT,6343.4000000003725
SS1651705155608,CN,CD,focal,Description5,RT,17907.799999998882
SS1651705155608,CN,CD,focal,Description0,RT,4380.0999999996275
SS1651713128281,CN,CD,context,Description1,RT,5191.800000000047
SS1651713128281,CN,CD,focal,Description6,RT,2061.8000000000466
SS1651713128281,CN,CD,context,Description7,RT,7062.09999999986
SS1651713128281,CN,CD,focal,Description0,RT,5792.100000000093
SS1651713128281,CN,CD,context,Description19,RT,4198.100000000093
SS1651713128281,CN,CD,context,Description2,RT,5310.09999999986
SS1651713128281,CN,CD,context,Description3,RT,2477.5999999996275
SS1651713128281,CN,CD,focal,Description5,RT,6406.699999999721
SS1651713128281,CN,CD,focal,Description6,RT,2493.7999999998137
SS1651713128281,CN,CD,context,Description7,RT,2645.2999999998137
SS1651713128281,CN,CD,context,Description1,RT,4229.899999999907
SS1651713128281,CN,CD,context,Description3,RT,2658.7999999998137
SS1651713128281,CN,CD,focal,Description0,RT,6828.899999999907
SS1651713128281,CN,CD,context,Description8,RT,1703.7999999998137
SS1651713128281,CN,CD,context,Description9,RT,4740.799999999814
SS1651713128281,CN,CD,context,Description3,RT,2662.100000000093
SS1651713128281,CN,CD,context,Description8,RT,5581.399999999907
SS1651713128281,CN,CD,context,Description2,RT,3861.9000000003725
SS1651713128281,CN,CD,focal,Description5,RT,3893.7000000001863
SS1651713128281,CN,CD,context,Description2,RT,11477.299999999814
SS1651713128281,CN,CD,focal,Description6,RT,8070.100000000093
SS1651713128281,CN,CD,focal,Description29,RT,1614.1000000000931
SS1651713128281,CN,CD,focal,Description4,RT,18222.299999999814
SS1651713128281,CN,CD,focal,Description0,RT,8829.700000000186
SS1651713128281,CN,CD,focal,Description4,RT,2974.899999999907
SS1651713128281,CN,CD,context,Description7,RT,4701.300000000279
SS1651713128281,CN,CD,context,Description8,RT,28464.100000000093
SS1651713128281,CN,CD,context,Description1,RT,3727.0999999996275
SS1651713128281,CN,CD,focal,Description5,RT,8237.899999999907
SS1651713128281,CN,CD,focal,Description4,RT,6981.5
SS1651721379726,CN,CD,focal,Description0,RT,28797.400000035763
SS1651721379726,CN,CD,context,Description3,RT,30456.100000023842
SS1651721379726,CN,CD,focal,Description0,RT,42606.40000003576
SS1651721379726,CN,CD,focal,Description6,RT,10628.399999976158
SS1651721379726,CN,CD,focal,Description6,RT,12793.5
SS1651721379726,CN,CD,focal,Description6,RT,18208.100000023842
SS1651721379726,CN,CD,context,Description7,RT,12514.199999988079
SS1651721379726,CN,CD,focal,Description0,RT,13897.599999964237
SS1651721379726,CN,CD,focal,Description5,RT,10858.5
SS1651721379726,CN,CD,focal,Description4,RT,8613.199999988079
SS1651721379726,CN,CD,focal,Description29,RT,6344.099999964237
SS1651721379726,CN,CD,context,Description2,RT,5728.900000035763
SS1651721379726,CN,CD,focal,Description4,RT,8737.599999964237
SS1651721379726,CN,CD,context,Description9,RT,12434.699999988079
SS1651721379726,CN,CD,context,Description2,RT,38950.89999997616
SS1651721379726,CN,CD,context,Description3,RT,23453.19999998808
SS1651721379726,CN,CD,focal,Description5,RT,13160.300000011921
SS1651721379726,CN,CD,context,Description7,RT,3328
SS1651721379726,CN,CD,focal,Description4,RT,8433.599999964237
SS1651721379726,CN,CD,focal,Description5,RT,9912.300000011921
SS1651721379726,CN,CD,context,Description7,RT,4206.099999964237
SS1651721379726,CN,CD,context,Description2,RT,6498.900000035763
SS1651721379726,CN,CD,context,Description3,RT,1537.800000011921
SS1651721379726,CN,CD,context,Description19,RT,4320.399999976158
SS1651724542208,CN,CD,context,Description7,RT,7371.70000000298
SS1651724542208,CN,CD,focal,Description6,RT,15044.5
SS1651724542208,CN,CD,context,Description1,RT,7727.4000000059605
SS1651724542208,CN,CD,context,Description1,RT,8301.79999999702
SS1651724542208,CN,CD,context,Description3,RT,6567.5999999940395
SS1651724542208,CN,CD,context,Description7,RT,11456.09999999404
SS1651724542208,CN,CD,focal,Description0,RT,14189.40000000596
SS1651724542208,CN,CD,focal,Description29,RT,8440.5
SS1651724542208,CN,CD,focal,Description4,RT,8061.5999999940395
SS1651724542208,CN,CD,focal,Description6,RT,11160
SS1651724542208,CN,CD,context,Description1,RT,10946.09999999404
SS1651724542208,CN,CD,context,Description3,RT,11899.70000000298
SS1651724542208,CN,CD,focal,Description0,RT,10812.29999999702
SS1651724542208,CN,CD,context,Description7,RT,6931.9000000059605
SS1651724542208,CN,CD,context,Description19,RT,5023.29999999702
SS1651724542208,CN,CD,focal,Description6,RT,6571.79999999702
SS1651724542208,CN,CD,context,Description3,RT,8604.5
SS1651724542208,CN,CD,focal,Description4,RT,11799.5
SS1651724542208,CN,CD,focal,Description0,RT,7720.5
SS1651724542208,CN,CD,focal,Description4,RT,6426.5999999940395
SS1651726203467,CN,CD,focal,Description0,RT,9753.300000071526
SS1651726203467,CN,CD,context,Description2,RT,17923.5
SS1651726203467,CN,CD,context,Description1,RT,7693.099999904633
SS1651726203467,CN,CD,focal,Description4,RT,4184.399999976158
SS1651726203467,CN,CD,context,Description3,RT,6650.399999976158
SS1651726203467,CN,CD,context,Description3,RT,6284.300000071526
SS1651726203467,CN,CD,focal,Description29,RT,3811.3000000715256
SS1651726203467,CN,CD,context,Description8,RT,3932.899999976158
SS1651726203467,CN,CD,focal,Description5,RT,3894.100000023842
SS1651726203467,CN,CD,context,Description3,RT,4386.600000023842
SS1651726203467,CN,CD,context,Description1,RT,3369.0999999046326
SS1651726203467,CN,CD,focal,Description6,RT,9109.399999976158
SS1651726203467,CN,CD,focal,Description5,RT,4336.400000095367
SS1651726203467,CN,CD,context,Description9,RT,39360.5
SS1651726203467,CN,CD,focal,Description4,RT,5930.799999952316
SS1651726203467,CN,CD,focal,Description0,RT,14849.600000023842
SS1651726203467,CN,CD,context,Description7,RT,15100.099999904633
SS1651726203467,CN,CD,context,Description8,RT,21528.100000023842
SS1651726203467,CN,CD,context,Description1,RT,4675.200000047684
SS1651726203467,CN,CD,context,Description7,RT,6571.100000023842
SS1651726203467,CN,CD,focal,Description0,RT,19793.899999976158
SS1651726203467,CN,CD,context,Description2,RT,4978.599999904633
SS1651726203467,CN,CD,context,Description19,RT,7791.399999976158
SS1651726203467,CN,CD,focal,Description6,RT,6892.200000047684
SS1651726203467,CN,CD,focal,Description4,RT,19599.900000095367
SS1651726203467,CN,CD,focal,Description6,RT,9270.899999976158
SS1651726203467,CN,CD,context,Description8,RT,2155.600000023842
SS1651726203467,CN,CD,context,Description2,RT,15510.700000047684
SS1651726203467,CN,CD,context,Description7,RT,31263.600000023842
SS1651726203467,CN,CD,focal,Description5,RT,6445.700000047684
SS1651727116955,CN,CD,context,Description2,RT,4305.164999968838
SS1651727116955,CN,CD,focal,Description6,RT,6403.660000010859
SS1651727116955,CN,CD,context,Description2,RT,20031.98499995051
SS1651727116955,CN,CD,focal,Description29,RT,4155.795000027865
SS1651727116955,CN,CD,focal,Description4,RT,13483.689999964554
SS1651727116955,CN,CD,focal,Description4,RT,5185.9999999869615
SS1651727116955,CN,CD,focal,Description4,RT,19720.91500001261
SS1651727116955,CN,CD,focal,Description5,RT,8195.109999971464
SS1651727116955,CN,CD,context,Description9,RT,16155.719999980647
SS1651727116955,CN,CD,context,Description1,RT,5356.115000031423
SS1651727116955,CN,CD,context,Description2,RT,7696.775000018533
SS1651727116955,CN,CD,context,Description1,RT,5458.685000019614
SS1651727116955,CN,CD,context,Description19,RT,9213.315000000875
SS1651727116955,CN,CD,focal,Description6,RT,10665.26000003796
SS1651727116955,CN,CD,context,Description7,RT,3839.3550000037067
SS1651727116955,CN,CD,context,Description3,RT,6618.335000006482
SS1651727116955,CN,CD,focal,Description5,RT,10594.855000032112
SS1651727116955,CN,CD,focal,Description0,RT,16635.155000025406
SS1651727116955,CN,CD,focal,Description6,RT,7914.530000009108
SS1651727116955,CN,CD,focal,Description5,RT,8916.834999981802
SS1651727116955,CN,CD,context,Description1,RT,10996.065000013914
SS1651727116955,CN,CD,context,Description3,RT,4803.354999981821
SS1651727116955,CN,CD,context,Description3,RT,3635.4999999748543
SS1651727116955,CN,CD,focal,Description0,RT,13749.339999980293
SS1651727116955,CN,CD,focal,Description0,RT,8495.950000011362
SS1651727116955,CN,CD,context,Description7,RT,54307.239999994636
SS1651727116955,CN,CD,context,Description7,RT,7543.36000001058
SS1651727696486,CN,CD,context,Description7,RT,6658.800000000745
SS1651727696486,CN,CD,focal,Description0,RT,12796.300000000745
SS1651727696486,CN,CD,context,Description7,RT,16842
SS1651727696486,CN,CD,focal,Description6,RT,11611
SS1651727696486,CN,CD,focal,Description5,RT,10765.5
SS1651727696486,CN,CD,context,Description3,RT,10036.800000000745
SS1651727696486,CN,CD,focal,Description4,RT,9503.400000000373
SS1651727696486,CN,CD,focal,Description6,RT,10506.099999999627
SS1651727696486,CN,CD,context,Description8,RT,33574.70000000112
SS1651727696486,CN,CD,focal,Description5,RT,15114.10000000149
SS1651727696486,CN,CD,focal,Description0,RT,32226.299999998882
SS1651727696486,CN,CD,context,Description1,RT,11137
SS1651727696486,CN,CD,context,Description8,RT,7900.5
SS1651727696486,CN,CD,context,Description1,RT,2706.10000000149
SS1651727696486,CN,CD,context,Description8,RT,3093.2999999988824
SS1651727696486,CN,CD,context,Description3,RT,6171.300000000745
SS1651727696486,CN,CD,context,Description2,RT,12191.400000000373
SS1651727696486,CN,CD,context,Description7,RT,10496.5
SS1651727696486,CN,CD,context,Description2,RT,13283.099999999627
SS1651727696486,CN,CD,focal,Description4,RT,13350.5
SS1651727696486,CN,CD,focal,Description6,RT,6247.5
SS1651727696486,CN,CD,context,Description1,RT,3046.4000000003725
SS1651727696486,CN,CD,focal,Description0,RT,4071.2999999988824
SS1651727696486,CN,CD,focal,Description5,RT,2503.699999999255
SS1651727696486,CN,CD,focal,Description4,RT,5421.0999999996275
SS1651727696486,CN,CD,context,Description2,RT,3128.0999999996275
SS1651727696486,CN,CD,context,Description3,RT,5985.200000001118
SS1651727696486,CN,CD,focal,Description29,RT,5360
SS1651727696486,CN,CD,context,Description19,RT,4627.9000000003725
SS1651728177417,CN,CD,context,Description2,RT,6014.6049999966635
SS1651728177417,CN,CD,context,Description7,RT,12264.69999999972
SS1651728177417,CN,CD,context,Description2,RT,33502.614999997604
SS1651728177417,CN,CD,context,Description19,RT,23437.02000000485
SS1651728177417,CN,CD,context,Description3,RT,5197.075000003679
SS1651728177417,CN,CD,focal,Description6,RT,34424.13999999553
SS1651728177417,CN,CD,context,Description3,RT,8013.8700000025565
SS1651728177417,CN,CD,focal,Description0,RT,23622.8849999971
SS1651728177417,CN,CD,focal,Description6,RT,11143.684999995516
SS1651728177417,CN,CD,context,Description7,RT,32595.189999999944
SS1651728177417,CN,CD,focal,Description4,RT,18284.350000001723
SS1651728177417,CN,CD,focal,Description4,RT,8808.390000005602
SS1651728177417,CN,CD,focal,Description0,RT,8257.259999998496
SS1651728177417,CN,CD,focal,Description4,RT,36960.0999999966
SS1651728177417,CN,CD,context,Description9,RT,24597.900000000605
SS1651728177417,CN,CD,context,Description1,RT,13319.970000004163
SS1651728177417,CN,CD,focal,Description5,RT,7639.039999994449
SS1651728177417,CN,CD,focal,Description5,RT,24654.505000005942
SS1651728177417,CN,CD,context,Description1,RT,14455.150000001537
SS1651728177417,CN,CD,context,Description3,RT,18177.194999996573
SS1651728177417,CN,CD,context,Description1,RT,8944.794999995851
SS1651728177417,CN,CD,context,Description2,RT,17045.335000002524
SS1651728177417,CN,CD,focal,Description6,RT,10658.454999997048
SS1651728177417,CN,CD,focal,Description5,RT,6757.679999995045
SS1651728177417,CN,CD,focal,Description29,RT,16848.52500000107
SS1651728177417,CN,CD,focal,Description0,RT,11255.014999995241
SS1651728177417,CN,CD,context,Description7,RT,42701.07000000286
SS1651729682124,CN,CD,focal,Description6,RT,10450.900000095367
SS1651729682124,CN,CD,focal,Description6,RT,13936.299999713898
SS1651729682124,CN,CD,context,Description2,RT,24063
SS1651729682124,CN,CD,focal,Description6,RT,12774.199999809265
SS1651729682124,CN,CD,focal,Description0,RT,20279.5
SS1651729682124,CN,CD,context,Description1,RT,12567
SS1651729682124,CN,CD,focal,Description29,RT,7728.300000190735
SS1651729682124,CN,CD,focal,Description5,RT,7855.099999904633
SS1651729682124,CN,CD,context,Description1,RT,9398.099999904633
SS1651729682124,CN,CD,focal,Description5,RT,11250.5
SS1651729682124,CN,CD,context,Description3,RT,11326.89999961853
SS1651729682124,CN,CD,context,Description2,RT,6891.300000190735
SS1651729682124,CN,CD,focal,Description4,RT,10766.200000286102
SS1651729682124,CN,CD,context,Description3,RT,4218.60000038147
SS1651729682124,CN,CD,focal,Description4,RT,8274.5
SS1651729682124,CN,CD,focal,Description0,RT,7552
SS1651729682124,CN,CD,context,Description7,RT,6761.60000038147
SS1651729682124,CN,CD,focal,Description0,RT,6324.299999713898
SS1651729682124,CN,CD,context,Description8,RT,6486
SS1651729682124,CN,CD,context,Description2,RT,16637.599999904633
SS1651729682124,CN,CD,context,Description7,RT,26176.5
SS1651729682124,CN,CD,context,Description1,RT,18630.599999904633
SS1651729682124,CN,CD,context,Description8,RT,6362.10000038147
SS1651729682124,CN,CD,context,Description19,RT,6232.099999904633
SS1651729682124,CN,CD,context,Description7,RT,9570.599999904633
SS1651729682124,CN,CD,context,Description9,RT,29088.699999809265
SS1651729682124,CN,CD,focal,Description5,RT,13575
SS1651729682124,CN,CD,focal,Description4,RT,17408.099999904633
SS1651729682124,CN,CD,context,Description3,RT,6829
SS1651729682124,CN,CD,context,Description8,RT,18121.400000095367
SS1651729792731,CN,CD,context,Description1,RT,11596.899999976158
SS1651729792731,CN,CD,context,Description1,RT,6272.200000017881
SS1651729792731,CN,CD,focal,Description4,RT,10347.399999976158
SS1651729792731,CN,CD,context,Description8,RT,4263.4000000059605
SS1651729792731,CN,CD,focal,Description6,RT,9964.90000000596
SS1651729792731,CN,CD,focal,Description4,RT,8289.800000011921
SS1651729792731,CN,CD,context,Description7,RT,49187.59999999404
SS1651729792731,CN,CD,context,Description9,RT,12562
SS1651729792731,CN,CD,context,Description2,RT,11325.800000011921
SS1651729792731,CN,CD,context,Description8,RT,50085.90000000596
SS1651729792731,CN,CD,focal,Description5,RT,8237.40000000596
SS1651729792731,CN,CD,focal,Description0,RT,2989.699999988079
SS1651729792731,CN,CD,context,Description19,RT,13536.59999999404
SS1651729792731,CN,CD,focal,Description5,RT,6218.0999999940395
SS1651729792731,CN,CD,context,Description2,RT,16395.09999999404
SS1651729792731,CN,CD,focal,Description0,RT,16723.79999998212
SS1651729792731,CN,CD,context,Description2,RT,11592.300000011921
SS1651729792731,CN,CD,context,Description3,RT,5434.5
SS1651729792731,CN,CD,context,Description7,RT,4335.4000000059605
SS1651729792731,CN,CD,context,Description3,RT,6870.700000017881
SS1651729792731,CN,CD,focal,Description29,RT,3803.0999999940395
SS1651729792731,CN,CD,context,Description8,RT,4279
SS1651729792731,CN,CD,focal,Description0,RT,37711.19999998808
SS1651729792731,CN,CD,focal,Description6,RT,4017.9000000059605
SS1651729792731,CN,CD,focal,Description5,RT,9653.09999999404
SS1651729792731,CN,CD,focal,Description6,RT,18215.600000023842
SS1651729792731,CN,CD,context,Description1,RT,5575.800000011921
SS1651729792731,CN,CD,focal,Description4,RT,8259.40000000596
SS1651729792731,CN,CD,context,Description7,RT,6217
SS1651729792731,CN,CD,context,Description3,RT,3226.199999988079
SS1651732296508,CN,CD,focal,Description5,RT,9162.5
SS1651732296508,CN,CD,context,Description7,RT,10330.300000071526
SS1651732296508,CN,CD,focal,Description0,RT,6311.600000023842
SS1651732296508,CN,CD,context,Description2,RT,10316.200000047684
SS1651732296508,CN,CD,focal,Description6,RT,11711.100000023842
SS1651732296508,CN,CD,context,Description7,RT,3817.3000000715256
SS1651732296508,CN,CD,focal,Description29,RT,4405.700000047684
SS1651732296508,CN,CD,context,Description7,RT,2509.2999999523163
SS1651732296508,CN,CD,context,Description2,RT,14808.400000095367
SS1651732296508,CN,CD,context,Description3,RT,11934
SS1651732296508,CN,CD,focal,Description0,RT,10603.100000023842
SS1651732296508,CN,CD,context,Description19,RT,8302.399999976158
SS1651732296508,CN,CD,focal,Description5,RT,8089.700000047684
SS1651732296508,CN,CD,context,Description3,RT,10262.700000047684
SS1651732296508,CN,CD,context,Description2,RT,6458.600000023842
SS1651732296508,CN,CD,focal,Description4,RT,6872.600000023842
SS1651732296508,CN,CD,focal,Description5,RT,8965.899999976158
SS1651732296508,CN,CD,focal,Description4,RT,16611.700000047684
SS1651732296508,CN,CD,focal,Description6,RT,29506.600000023842
SS1651732296508,CN,CD,focal,Description6,RT,7518.199999928474
SS1651732296508,CN,CD,context,Description3,RT,3765.399999976158
SS1651732296508,CN,CD,focal,Description4,RT,19419.800000071526
SS1651732296508,CN,CD,focal,Description0,RT,10520.200000047684
SS1651732296508,CN,CD,context,Description9,RT,6930.099999904633
SS1651734446265,CN,CD,context,Description3,RT,40975.200000047684
SS1651734446265,CN,CD,focal,Description6,RT,11591.100000143051
SS1651734446265,CN,CD,context,Description2,RT,11713.5
SS1651734446265,CN,CD,context,Description3,RT,6002
SS1651734446265,CN,CD,context,Description1,RT,7338.900000095367
SS1651734446265,CN,CD,context,Description19,RT,6988.600000143051
SS1651734446265,CN,CD,focal,Description5,RT,4885.5
SS1651734446265,CN,CD,focal,Description4,RT,8117.799999952316
SS1651734446265,CN,CD,context,Description7,RT,4969
SS1651734446265,CN,CD,focal,Description0,RT,8493.800000190735
SS1651734446265,CN,CD,focal,Description4,RT,12439.5
SS1651734446265,CN,CD,focal,Description4,RT,6079.799999952316
SS1651734446265,CN,CD,focal,Description0,RT,5711.200000047684
SS1651734446265,CN,CD,focal,Description0,RT,7519.5
SS1651734446265,CN,CD,focal,Description5,RT,9187.5
SS1651734446265,CN,CD,context,Description1,RT,3558.100000143051
SS1651734446265,CN,CD,context,Description7,RT,17506.10000014305
SS1651734446265,CN,CD,context,Description2,RT,26824.900000095367
SS1651734446265,CN,CD,context,Description2,RT,9835.900000095367
SS1651734446265,CN,CD,context,Description1,RT,5274.5
SS1651734446265,CN,CD,focal,Description6,RT,11674.900000095367
SS1651734446265,CN,CD,focal,Description6,RT,8075.700000047684
SS1651734446265,CN,CD,focal,Description29,RT,4179.400000095367
SS1651734446265,CN,CD,context,Description3,RT,3793.5
SS1651734446265,CN,CD,focal,Description5,RT,15481.899999856949
SS1651734446265,CN,CD,context,Description7,RT,4960.299999952316
SS1651734446265,CN,CD,context,Description9,RT,10953.900000095367
SS1651737005457,CN,CD,focal,Description6,RT,58466.800000000745
SS1651737005457,CN,CD,focal,Description0,RT,36183.300000000745
SS1651737005457,CN,CD,focal,Description6,RT,9844.300000000745
SS1651737005457,CN,CD,context,Description2,RT,8164.800000000745
SS1651737005457,CN,CD,context,Description7,RT,25608.39999999851
SS1651737005457,CN,CD,context,Description1,RT,7871.10000000149
SS1651737005457,CN,CD,focal,Description4,RT,8742.39999999851
SS1651737005457,CN,CD,focal,Description29,RT,4638.89999999851
SS1651737005457,CN,CD,context,Description9,RT,24813.900000002235
SS1651737005457,CN,CD,context,Description2,RT,27943
SS1651737005457,CN,CD,context,Description3,RT,5997.699999999255
SS1651737005457,CN,CD,focal,Description4,RT,11875.800000000745
SS1651737005457,CN,CD,focal,Description0,RT,21677.199999999255
SS1651737005457,CN,CD,focal,Description6,RT,6926.39999999851
SS1651737005457,CN,CD,context,Description1,RT,12022.20000000298
SS1651737005457,CN,CD,focal,Description0,RT,8177.5
SS1651737005457,CN,CD,context,Description1,RT,8315.300000000745
SS1651737005457,CN,CD,context,Description2,RT,5952.900000002235
SS1651737005457,CN,CD,context,Description7,RT,4804.800000000745
SS1651737005457,CN,CD,context,Description7,RT,14670.10000000149
SS1651737005457,CN,CD,context,Description3,RT,3727.199999999255
SS1651737005457,CN,CD,context,Description19,RT,9560
SS1651737005457,CN,CD,context,Description3,RT,24280.400000002235
SS1651737005457,CN,CD,focal,Description4,RT,4679.89999999851
SS1651739183035,CN,CD,context,Description7,RT,6345.599999904633
SS1651739183035,CN,CD,focal,Description0,RT,1709.2999999523163
SS1651739183035,CN,CD,focal,Description4,RT,3260.7999999523163
SS1651739183035,CN,CD,focal,Description29,RT,1217.0999999046326
SS1651739183035,CN,CD,context,Description8,RT,19712.199999809265
SS1651739183035,CN,CD,focal,Description0,RT,4901.699999809265
SS1651739183035,CN,CD,context,Description3,RT,1571.9000000953674
SS1651739183035,CN,CD,focal,Description4,RT,1618.2999999523163
SS1651739183035,CN,CD,context,Description8,RT,4262.799999952316
SS1651739183035,CN,CD,context,Description8,RT,1317.5
SS1651739183035,CN,CD,context,Description9,RT,5723.5
SS1651739183035,CN,CD,context,Description3,RT,2412.0999999046326
SS1651739183035,CN,CD,focal,Description6,RT,1857.2999999523163
SS1651739183035,CN,CD,context,Description19,RT,2527
SS1651739183035,CN,CD,context,Description2,RT,3941.7000000476837
SS1651739183035,CN,CD,context,Description1,RT,2484
SS1651739183035,CN,CD,context,Description3,RT,2644.7000000476837
SS1651739183035,CN,CD,context,Description2,RT,7045.700000047684
SS1651739183035,CN,CD,context,Description1,RT,4015.2000000476837
SS1651739183035,CN,CD,context,Description7,RT,7844.699999809265
SS1651739183035,CN,CD,focal,Description5,RT,2500.7999999523163
SS1651739183035,CN,CD,focal,Description5,RT,5682.799999952316
SS1651739183035,CN,CD,focal,Description4,RT,7113.200000047684
SS1651739183035,CN,CD,focal,Description0,RT,1957.7999999523163
SS1651739183035,CN,CD,focal,Description6,RT,1615
SS1651739183035,CN,CD,context,Description1,RT,3279.9000000953674
SS1651739183035,CN,CD,focal,Description5,RT,1110.7000000476837
SS1651739183035,CN,CD,focal,Description6,RT,5648.700000047684
SS1651739183035,CN,CD,context,Description7,RT,13583.799999952316
SS1651739183035,CN,CD,context,Description2,RT,4203.299999952316
SS1651743246534,CN,CD,context,Description1,RT,27051.799999998882
SS1651743246534,CN,CD,context,Description7,RT,24947.800000000745
SS1651743246534,CN,CD,context,Description1,RT,4298.0999999996275
SS1651743246534,CN,CD,focal,Description6,RT,18350.599999999627
SS1651743246534,CN,CD,context,Description9,RT,12377.099999999627
SS1651743246534,CN,CD,focal,Description5,RT,7165.5
SS1651743246534,CN,CD,focal,Description29,RT,2570.0999999996275
SS1651743246534,CN,CD,focal,Description6,RT,6820.9000000003725
SS1651743246534,CN,CD,context,Description19,RT,12892.099999999627
SS1651743246534,CN,CD,context,Description3,RT,16687.400000000373
SS1651743246534,CN,CD,context,Description3,RT,5590.699999999255
SS1651743246534,CN,CD,context,Description3,RT,8982.900000000373
SS1651743246534,CN,CD,context,Description2,RT,7568.10000000149
SS1651743246534,CN,CD,context,Description2,RT,18094.89999999851
SS1651743246534,CN,CD,focal,Description5,RT,34674.5
SS1651743246534,CN,CD,focal,Description4,RT,3402.10000000149
SS1651743246534,CN,CD,context,Description7,RT,4379.699999999255
SS1651743246534,CN,CD,focal,Description6,RT,17066.900000000373
SS1651743246534,CN,CD,focal,Description5,RT,13103.900000000373
SS1651743246534,CN,CD,focal,Description0,RT,9744.599999999627
SS1651743246534,CN,CD,focal,Description0,RT,4427.4000000003725
SS1651743246534,CN,CD,focal,Description4,RT,5710.700000001118
SS1651743246534,CN,CD,focal,Description4,RT,4909.5999999996275
SS1651743246534,CN,CD,focal,Description0,RT,7112.5999999996275
SS1651743246534,CN,CD,context,Description1,RT,8316.799999998882
SS1651743246534,CN,CD,context,Description2,RT,23957
SS1651743246534,CN,CD,context,Description7,RT,7873.4000000003725
SS1651744829480,CN,CD,context,Description7,RT,19404.899999976158
SS1651744829480,CN,CD,context,Description3,RT,4069.2999999523163
SS1651744829480,CN,CD,context,Description7,RT,7772.300000011921
SS1651744829480,CN,CD,focal,Description0,RT,9419.300000011921
SS1651744829480,CN,CD,context,Description3,RT,18218.19999998808
SS1651744829480,CN,CD,context,Description1,RT,6636.199999988079
SS1651744829480,CN,CD,focal,Description0,RT,6237.400000035763
SS1651744829480,CN,CD,focal,Description6,RT,4558.599999964237
SS1651744829480,CN,CD,context,Description1,RT,5575.100000023842
SS1651744829480,CN,CD,context,Description7,RT,15282.400000035763
SS1651744829480,CN,CD,focal,Description4,RT,11443.899999976158
SS1651744829480,CN,CD,context,Description3,RT,7093.700000047684
SS1651744829480,CN,CD,context,Description2,RT,21498.899999976158
SS1651744829480,CN,CD,context,Description2,RT,8998.199999988079
SS1651744829480,CN,CD,context,Description19,RT,10735.399999976158
SS1651744829480,CN,CD,focal,Description6,RT,17163.200000047684
SS1651744829480,CN,CD,context,Description9,RT,9553.900000035763
SS1651744829480,CN,CD,focal,Description29,RT,5555.5
SS1651744829480,CN,CD,context,Description1,RT,8854.300000011921
SS1651744829480,CN,CD,focal,Description4,RT,10934.599999964237
SS1651744829480,CN,CD,context,Description2,RT,31734.19999998808
SS1651744829480,CN,CD,focal,Description4,RT,22652.80000001192
SS1651744829480,CN,CD,focal,Description0,RT,6655.699999988079
SS1651744829480,CN,CD,focal,Description6,RT,18696.5
SS1651747335475,CN,CD,context,Description7,RT,12329.599999904633
SS1651747335475,CN,CD,context,Description2,RT,5738.800000190735
SS1651747335475,CN,CD,context,Description8,RT,2585.899999856949
SS1651747335475,CN,CD,context,Description3,RT,2181
SS1651747335475,CN,CD,context,Description1,RT,43500.59999990463
SS1651747335475,CN,CD,focal,Description4,RT,11396.799999952316
SS1651747335475,CN,CD,focal,Description5,RT,6242.399999856949
SS1651747335475,CN,CD,context,Description2,RT,6217.700000047684
SS1651747335475,CN,CD,focal,Description5,RT,7531.599999904633
SS1651747335475,CN,CD,focal,Description6,RT,10895
SS1651747335475,CN,CD,focal,Description0,RT,3775.7000000476837
SS1651747335475,CN,CD,context,Description2,RT,2133.5999999046326
SS1651747335475,CN,CD,focal,Description0,RT,2942.2000000476837
SS1651747335475,CN,CD,context,Description3,RT,4370
SS1651747335475,CN,CD,focal,Description6,RT,25230.599999904633
SS1651747335475,CN,CD,context,Description1,RT,7489.400000095367
SS1651747335475,CN,CD,context,Description8,RT,3128
SS1651747335475,CN,CD,context,Description3,RT,5457.099999904633
SS1651747335475,CN,CD,context,Description8,RT,20835.900000095367
SS1651747335475,CN,CD,context,Description1,RT,8333.099999904633
SS1651747335475,CN,CD,focal,Description6,RT,2932.5999999046326
SS1651747335475,CN,CD,focal,Description0,RT,8313.400000095367
SS1651747335475,CN,CD,focal,Description4,RT,4813.199999809265
SS1651747335475,CN,CD,context,Description19,RT,5583.099999904633
SS1651747335475,CN,CD,focal,Description29,RT,1768.1999998092651
SS1651747335475,CN,CD,focal,Description5,RT,1704.7000000476837
SS1651747335475,CN,CD,context,Description7,RT,2866.699999809265
SS1651747335475,CN,CD,context,Description7,RT,3476.800000190735
SS1651747335475,CN,CD,context,Description9,RT,8739.299999952316
SS1651747335475,CN,CD,focal,Description4,RT,2858.7000000476837
SS1651748703908,CN,CD,context,Description8,RT,2933.9000000059605
SS1651748703908,CN,CD,context,Description1,RT,3573.5999999940395
SS1651748703908,CN,CD,context,Description7,RT,6370.299999982119
SS1651748703908,CN,CD,context,Description3,RT,5586
SS1651748703908,CN,CD,context,Description7,RT,2140.699999988079
SS1651748703908,CN,CD,focal,Description5,RT,11430
SS1651748703908,CN,CD,context,Description7,RT,9256.799999982119
SS1651748703908,CN,CD,context,Description2,RT,7820.199999988079
SS1651748703908,CN,CD,context,Description8,RT,2165
SS1651748703908,CN,CD,context,Description9,RT,8406.90000000596
SS1651748703908,CN,CD,context,Description3,RT,3408.699999988079
SS1651748703908,CN,CD,focal,Description0,RT,11324.200000017881
SS1651748703908,CN,CD,focal,Description6,RT,6237.4000000059605
SS1651748703908,CN,CD,context,Description2,RT,6072.5
SS1651748703908,CN,CD,focal,Description0,RT,5703
SS1651748703908,CN,CD,focal,Description4,RT,11643.59999999404
SS1651748703908,CN,CD,focal,Description4,RT,2533.5
SS1651748703908,CN,CD,context,Description1,RT,4243.5
SS1651748703908,CN,CD,context,Description19,RT,4287.0999999940395
SS1651748703908,CN,CD,focal,Description5,RT,13907.699999988079
SS1651748703908,CN,CD,focal,Description5,RT,4439.0999999940395
SS1651748703908,CN,CD,focal,Description6,RT,3939.199999988079
SS1651748703908,CN,CD,context,Description8,RT,32112.30000001192
SS1651748703908,CN,CD,focal,Description4,RT,6216.800000011921
SS1651748703908,CN,CD,context,Description2,RT,24280.30000001192
SS1651748703908,CN,CD,context,Description3,RT,3109.5
SS1651748703908,CN,CD,focal,Description0,RT,3494
SS1651748703908,CN,CD,focal,Description6,RT,3476.800000011921
SS1651748703908,CN,CD,context,Description1,RT,12305.699999988079
SS1651748703908,CN,CD,focal,Description29,RT,2319.9000000059605
SS1651751338853,CN,CD,focal,Description5,RT,19290.5
SS1651751338853,CN,CD,context,Description3,RT,3458.400000035763
SS1651751338853,CN,CD,focal,Description6,RT,17954.900000035763
SS1651751338853,CN,CD,context,Description7,RT,3815.599999964237
SS1651751338853,CN,CD,focal,Description0,RT,11457.599999964237
SS1651751338853,CN,CD,context,Description7,RT,5706.799999952316
SS1651751338853,CN,CD,context,Description9,RT,10453.899999976158
SS1651751338853,CN,CD,focal,Description4,RT,21578.399999976158
SS1651751338853,CN,CD,context,Description2,RT,24966.600000023842
SS1651751338853,CN,CD,focal,Description5,RT,5082
SS1651751338853,CN,CD,context,Description2,RT,3782.800000011921
SS1651751338853,CN,CD,focal,Description5,RT,6922.399999976158
SS1651751338853,CN,CD,context,Description3,RT,4234
SS1651751338853,CN,CD,context,Description19,RT,3947.5
SS1651751338853,CN,CD,focal,Description29,RT,2786.7999999523163
SS1651751338853,CN,CD,focal,Description6,RT,5305.100000023842
SS1651751338853,CN,CD,focal,Description6,RT,9615.100000023842
SS1651751338853,CN,CD,context,Description3,RT,12798.300000011921
SS1651751338853,CN,CD,focal,Description0,RT,16308.800000011921
SS1651751338853,CN,CD,context,Description2,RT,27245
SS1651751338853,CN,CD,focal,Description0,RT,9896.5
SS1651751338853,CN,CD,focal,Description4,RT,4841.300000011921
SS1651751338853,CN,CD,context,Description7,RT,14449.5
SS1651751338853,CN,CD,focal,Description4,RT,4813.399999976158
SS1651751579584,CN,CD,focal,Description4,RT,8307
SS1651751579584,CN,CD,focal,Description5,RT,8613.5
SS1651751579584,CN,CD,context,Description9,RT,13453.60000000149
SS1651751579584,CN,CD,focal,Description4,RT,7034
SS1651751579584,CN,CD,focal,Description0,RT,2407.9000000003725
SS1651751579584,CN,CD,context,Description3,RT,6796.299999998882
SS1651751579584,CN,CD,context,Description3,RT,2226
SS1651751579584,CN,CD,focal,Description6,RT,4980.5999999996275
SS1651751579584,CN,CD,focal,Description5,RT,12591.599999999627
SS1651751579584,CN,CD,context,Description2,RT,7718.5
SS1651751579584,CN,CD,focal,Description5,RT,6342.5
SS1651751579584,CN,CD,context,Description19,RT,5608.5999999996275
SS1651751579584,CN,CD,context,Description1,RT,2358
SS1651751579584,CN,CD,context,Description7,RT,15297.89999999851
SS1651751579584,CN,CD,focal,Description0,RT,8790.400000000373
SS1651751579584,CN,CD,context,Description2,RT,2274.199999999255
SS1651751579584,CN,CD,context,Description2,RT,6149.5999999996275
SS1651751579584,CN,CD,focal,Description6,RT,6326.5
SS1651751579584,CN,CD,focal,Description0,RT,4465.39999999851
SS1651751579584,CN,CD,context,Description3,RT,3669.800000000745
SS1651751579584,CN,CD,context,Description7,RT,3592.7000000011176
SS1651751579584,CN,CD,focal,Description4,RT,6371
SS1651751579584,CN,CD,focal,Description6,RT,3042.9000000003725
SS1651751579584,CN,CD,context,Description1,RT,4962.4000000003725
SS1651751579584,CN,CD,focal,Description29,RT,2447
SS1651751579584,CN,CD,context,Description1,RT,4504.699999999255
SS1651751579584,CN,CD,context,Description7,RT,2386.800000000745
SS1651761786814,CN,CD,context,Description9,RT,4196
SS1651761786814,CN,CD,context,Description19,RT,3502.9000000003725
SS1651761786814,CN,CD,context,Description2,RT,1212.5999999996275
SS1651761786814,CN,CD,focal,Description5,RT,777.4000000003725
SS1651761786814,CN,CD,focal,Description5,RT,1067.7999999998137
SS1651761786814,CN,CD,context,Description7,RT,833.2999999998137
SS1651761786814,CN,CD,focal,Description6,RT,1085.6000000005588
SS1651761786814,CN,CD,focal,Description0,RT,874.9000000003725
SS1651761786814,CN,CD,context,Description7,RT,1520.4000000003725
SS1651761786814,CN,CD,context,Description7,RT,660.2999999998137
SS1651761786814,CN,CD,focal,Description4,RT,649.2999999998137
SS1651761786814,CN,CD,context,Description2,RT,1105
SS1651761786814,CN,CD,context,Description2,RT,1328.6000000005588
SS1651761786814,CN,CD,focal,Description0,RT,1295.2999999998137
SS1651761786814,CN,CD,context,Description3,RT,599.1000000005588
SS1651761786814,CN,CD,focal,Description4,RT,1021.6000000005588
SS1651761786814,CN,CD,focal,Description0,RT,705.7999999998137
SS1651761786814,CN,CD,focal,Description29,RT,611.5999999996275
SS1651761786814,CN,CD,focal,Description5,RT,724.2999999998137
SS1651761786814,CN,CD,focal,Description6,RT,1029.0999999996275
SS1651761786814,CN,CD,context,Description1,RT,981.5
SS1651761786814,CN,CD,context,Description1,RT,696.8999999994412
SS1651761786814,CN,CD,focal,Description6,RT,1575.300000000745
SS1651761786814,CN,CD,context,Description3,RT,1408.0999999996275
SS1651761786814,CN,CD,context,Description1,RT,2335.5
SS1651761786814,CN,CD,context,Description3,RT,3122.0999999996275
SS1651761786814,CN,CD,focal,Description4,RT,2307.7999999998137
SS1651762141455,CN,CD,context,Description9,RT,9447.699999928474
SS1651762141455,CN,CD,focal,Description0,RT,7753.400000095367
SS1651762141455,CN,CD,context,Description2,RT,5343.5
SS1651762141455,CN,CD,context,Description7,RT,5768.400000095367
SS1651762141455,CN,CD,focal,Description5,RT,5313.799999952316
SS1651762141455,CN,CD,focal,Description6,RT,1826.1999999284744
SS1651762141455,CN,CD,focal,Description0,RT,26588.700000047684
SS1651762141455,CN,CD,focal,Description0,RT,7698.700000047684
SS1651762141455,CN,CD,focal,Description5,RT,8180.600000023842
SS1651762141455,CN,CD,focal,Description4,RT,6705.5
SS1651762141455,CN,CD,context,Description7,RT,3506.2000000476837
SS1651762141455,CN,CD,focal,Description29,RT,2506.7999999523163
SS1651762141455,CN,CD,context,Description7,RT,31911.400000095367
SS1651762141455,CN,CD,focal,Description6,RT,5782.399999976158
SS1651762141455,CN,CD,context,Description1,RT,1808
SS1651762141455,CN,CD,context,Description2,RT,1460.1999999284744
SS1651762141455,CN,CD,context,Description1,RT,3312.5
SS1651762141455,CN,CD,context,Description19,RT,3498.899999976158
SS1651762141455,CN,CD,focal,Description4,RT,2308.899999976158
SS1651762141455,CN,CD,context,Description2,RT,3617.1999999284744
SS1651762141455,CN,CD,context,Description3,RT,2757.2999999523163
SS1651762141455,CN,CD,context,Description3,RT,1443.5
SS1651762141455,CN,CD,focal,Description6,RT,3621.7000000476837
SS1651762141455,CN,CD,context,Description1,RT,6297.399999976158
SS1651762141455,CN,CD,focal,Description4,RT,27213.700000047684
SS1651762141455,CN,CD,context,Description3,RT,10262.300000071526
SS1651762141455,CN,CD,focal,Description5,RT,4364.100000023842
SS1651763037034,CN,CD,context,Description3,RT,3085.5999999996275
SS1651763037034,CN,CD,focal,Description5,RT,914
SS1651763037034,CN,CD,context,Description1,RT,633.7999999998137
SS1651763037034,CN,CD,context,Description2,RT,849
SS1651763037034,CN,CD,focal,Description4,RT,741.5999999996275
SS1651763037034,CN,CD,focal,Description0,RT,722.9000000003725
SS1651763037034,CN,CD,context,Description2,RT,912.3999999994412
SS1651763037034,CN,CD,context,Description1,RT,873.8000000007451
SS1651763037034,CN,CD,context,Description9,RT,987
SS1651763037034,CN,CD,context,Description2,RT,897.3999999994412
SS1651763037034,CN,CD,context,Description7,RT,917.9000000003725
SS1651763037034,CN,CD,focal,Description5,RT,677.2000000001863
SS1651763037034,CN,CD,context,Description19,RT,668.6999999992549
SS1651763037034,CN,CD,focal,Description6,RT,841.2999999998137
SS1651763037034,CN,CD,context,Description1,RT,1124.2999999998137
SS1651763037034,CN,CD,context,Description3,RT,561.9000000003725
SS1651763037034,CN,CD,focal,Description29,RT,560.7999999998137
SS1651763037034,CN,CD,context,Description7,RT,941.1000000005588
SS1651763037034,CN,CD,focal,Description4,RT,657.5999999996275
SS1651763037034,CN,CD,focal,Description6,RT,1109.7999999998137
SS1651763037034,CN,CD,focal,Description4,RT,2311.7000000001863
SS1651763037034,CN,CD,focal,Description6,RT,984.2999999998137
SS1651763037034,CN,CD,context,Description7,RT,623.3000000007451
SS1651763037034,CN,CD,focal,Description0,RT,1418.5999999996275
SS1651763037034,CN,CD,focal,Description5,RT,1013.2999999998137
SS1651763037034,CN,CD,context,Description3,RT,857.7999999998137
SS1651763037034,CN,CD,focal,Description0,RT,944.2000000001863
SS1651764193629,CN,CD,context,Description7,RT,1562.7000000001863
SS1651764193629,CN,CD,context,Description1,RT,1830.2999999998137
SS1651764193629,CN,CD,context,Description19,RT,1033.5
SS1651764193629,CN,CD,focal,Description4,RT,13299.600000000559
SS1651764193629,CN,CD,context,Description7,RT,670.9000000003725
SS1651764193629,CN,CD,focal,Description29,RT,600.7999999998137
SS1651764193629,CN,CD,focal,Description4,RT,704.2999999998137
SS1651764193629,CN,CD,focal,Description5,RT,818.7000000001863
SS1651764193629,CN,CD,context,Description3,RT,725.7999999998137
SS1651764193629,CN,CD,focal,Description5,RT,1261.5
SS1651764193629,CN,CD,focal,Description0,RT,796
SS1651764193629,CN,CD,focal,Description0,RT,558.7999999998137
SS1651764193629,CN,CD,context,Description3,RT,890.5
SS1651764193629,CN,CD,context,Description1,RT,590.7000000001863
SS1651764193629,CN,CD,focal,Description6,RT,889
SS1651764193629,CN,CD,context,Description9,RT,925.5
SS1651764193629,CN,CD,focal,Description5,RT,711.7000000001863
SS1651764193629,CN,CD,focal,Description6,RT,773.2999999998137
SS1651764193629,CN,CD,focal,Description4,RT,1588.5
SS1651764193629,CN,CD,context,Description2,RT,858
SS1651764193629,CN,CD,context,Description2,RT,1088.7000000001863
SS1651764193629,CN,CD,focal,Description0,RT,1082.2999999998137
SS1651764193629,CN,CD,context,Description7,RT,773.7000000001863
SS1651764193629,CN,CD,context,Description1,RT,1150.2999999998137
SS1651764193629,CN,CD,focal,Description6,RT,850.2999999998137
SS1651764193629,CN,CD,context,Description2,RT,2498.2000000001863
SS1651764193629,CN,CD,context,Description3,RT,811.7999999998137
SS1651765169248,CN,CD,focal,Description4,RT,8976.849999999162
SS1651765169248,CN,CD,context,Description3,RT,19841.365000000224
SS1651765169248,CN,CD,context,Description2,RT,1989.7699999928009
SS1651765169248,CN,CD,focal,Description0,RT,2154.41000000271
SS1651765169248,CN,CD,context,Description2,RT,4929.544999998994
SS1651765169248,CN,CD,focal,Description6,RT,4200.504999993369
SS1651765169248,CN,CD,context,Description1,RT,1593.1799999964423
SS1651765169248,CN,CD,context,Description3,RT,3456.9150000025984
SS1651765169248,CN,CD,context,Description3,RT,2261.379999996396
SS1651765169248,CN,CD,context,Description9,RT,7068.449999998789
SS1651765169248,CN,CD,context,Description2,RT,4974.909999997355
SS1651765169248,CN,CD,focal,Description0,RT,5504.37499999674
SS1651765169248,CN,CD,context,Description7,RT,1573.065000004135
SS1651765169248,CN,CD,focal,Description5,RT,2518.6199999952223
SS1651765169248,CN,CD,context,Description7,RT,4314.415000000736
SS1651765169248,CN,CD,focal,Description4,RT,9480.040000002133
SS1651765169248,CN,CD,context,Description7,RT,null
SS1651765169248,CN,CD,context,Description1,RT,44809.67499999679
SS1651765169248,CN,CD,focal,Description4,RT,2721.165000002831
SS1651765169248,CN,CD,focal,Description5,RT,4914.655000000494
SS1651765169248,CN,CD,focal,Description6,RT,4439.214999998454
SS1651765169248,CN,CD,focal,Description0,RT,5021.9599999981
SS1651765169248,CN,CD,context,Description1,RT,1783.6200000019744
SS1651765169248,CN,CD,focal,Description5,RT,5493.459999997867
SS1651765169248,CN,CD,focal,Description6,RT,9604.425000004936
SS1651765169248,CN,CD,focal,Description29,RT,1410.815000002971
SS1651765894743,CN,CD,focal,Description5,RT,19348.799999999814
SS1651765894743,CN,CD,focal,Description4,RT,33203
SS1651765894743,CN,CD,context,Description2,RT,8261.19999999972
SS1651765894743,CN,CD,context,Description1,RT,4101.200000000186
SS1651765894743,CN,CD,focal,Description5,RT,10356.299999999814
SS1651765894743,CN,CD,context,Description1,RT,3669.2999999998137
SS1651765894743,CN,CD,focal,Description4,RT,10741.200000000186
SS1651765894743,CN,CD,context,Description9,RT,8740.799999999814
SS1651765894743,CN,CD,focal,Description4,RT,10708.899999999907
SS1651765894743,CN,CD,focal,Description6,RT,2829.2000000001863
SS1651765894743,CN,CD,context,Description3,RT,2140.2000000001863
SS1651765894743,CN,CD,context,Description7,RT,4237.200000000186
SS1651765894743,CN,CD,focal,Description0,RT,5572.600000000093
SS1651765894743,CN,CD,focal,Description0,RT,2637
SS1651765894743,CN,CD,focal,Description5,RT,5045.200000000186
SS1651765894743,CN,CD,focal,Description29,RT,1700.8999999999069
SS1651765894743,CN,CD,context,Description8,RT,3341.5
SS1651765894743,CN,CD,focal,Description6,RT,5500.5
SS1651765894743,CN,CD,context,Description3,RT,5212.9000000003725
SS1651765894743,CN,CD,context,Description8,RT,10517.100000000093
SS1651765894743,CN,CD,context,Description3,RT,1677.2999999998137
SS1651765894743,CN,CD,context,Description2,RT,2780.7000000001863
SS1651765894743,CN,CD,context,Description7,RT,2855
SS1651765894743,CN,CD,context,Description19,RT,2565.2999999998137
SS1651765894743,CN,CD,context,Description8,RT,2125.0999999996275
SS1651765894743,CN,CD,focal,Description0,RT,11292.100000000093
SS1651765894743,CN,CD,context,Description2,RT,5980.199999999721
SS1651765894743,CN,CD,context,Description1,RT,3549.8000000002794
SS1651765894743,CN,CD,focal,Description6,RT,3684.899999999907
SS1651765894743,CN,CD,context,Description7,RT,3364.8000000002794
SS1651765911820,CN,CD,context,Description1,RT,42469.08499998972
SS1651765911820,CN,CD,focal,Description5,RT,43780.245000030845
SS1651765911820,CN,CD,context,Description1,RT,23212.55499997642
SS1651765911820,CN,CD,focal,Description29,RT,12343.370000016876
SS1651765911820,CN,CD,focal,Description6,RT,15806.050000013784
SS1651765911820,CN,CD,context,Description3,RT,7702.270000008866
SS1651765911820,CN,CD,context,Description8,RT,10158.105000038631
SS1651765911820,CN,CD,context,Description8,RT,8245.504999998957
SS1651765911820,CN,CD,focal,Description0,RT,13636.965000070632
SS1651765911820,CN,CD,context,Description1,RT,13856.885000015609
SS1651765911820,CN,CD,context,Description7,RT,8118.39499999769
SS1651765911820,CN,CD,focal,Description6,RT,13444.755000062287
SS1651765911820,CN,CD,focal,Description4,RT,10197.630000067875
SS1651765911820,CN,CD,context,Description3,RT,15717.360000009649
SS1651765911820,CN,CD,focal,Description5,RT,17213.214999996126
SS1651765911820,CN,CD,context,Description8,RT,16124.599999981001
SS1651765911820,CN,CD,context,Description9,RT,17084.875000058673
SS1651765911820,CN,CD,focal,Description4,RT,17980.72500003036
SS1651765911820,CN,CD,focal,Description4,RT,15157.319999998435
SS1651765911820,CN,CD,focal,Description5,RT,10612.184999976307
SS1651765911820,CN,CD,context,Description7,RT,10669.394999975339
SS1651765911820,CN,CD,focal,Description6,RT,22341.664999956265
SS1651765911820,CN,CD,focal,Description0,RT,19837.549999938346
SS1651765911820,CN,CD,context,Description3,RT,9683.07500006631
SS1651765911820,CN,CD,context,Description2,RT,16892.2550000716
SS1651765911820,CN,CD,context,Description7,RT,35588.26999994926
SS1651765911820,CN,CD,context,Description2,RT,14188.889999990351
SS1651765911820,CN,CD,focal,Description0,RT,7452.075000037439
SS1651765911820,CN,CD,context,Description2,RT,10426.789999939501
SS1651767555827,CN,CD,focal,Description5,RT,29105.299999999814
SS1651767555827,CN,CD,context,Description2,RT,12698.100000000093
SS1651767555827,CN,CD,context,Description2,RT,null
SS1651767555827,CN,CD,context,Description3,RT,13938
SS1651767555827,CN,CD,focal,Description0,RT,18530.100000000093
SS1651767555827,CN,CD,focal,Description5,RT,30585.599999999627
SS1651767555827,CN,CD,focal,Description29,RT,8808.80000000028
SS1651767555827,CN,CD,focal,Description6,RT,14113.19999999972
SS1651767555827,CN,CD,context,Description9,RT,40593.5
SS1651767555827,CN,CD,context,Description3,RT,15601.5
SS1651767555827,CN,CD,focal,Description5,RT,29497.700000000186
SS1651767555827,CN,CD,focal,Description4,RT,10825.600000000093
SS1651767555827,CN,CD,focal,Description6,RT,10873.899999999907
SS1651767555827,CN,CD,context,Description1,RT,19800.799999999814
SS1651767555827,CN,CD,context,Description1,RT,22136.600000000093
SS1651767555827,CN,CD,focal,Description0,RT,27544.899999999907
SS1651767555827,CN,CD,focal,Description4,RT,20928.30000000028
SS1651767555827,CN,CD,context,Description1,RT,11737.399999999907
SS1651767555827,CN,CD,focal,Description0,RT,12296.899999999907
SS1651767555827,CN,CD,context,Description7,RT,23592.600000000093
SS1651767555827,CN,CD,focal,Description4,RT,12121.299999999814
SS1651767555827,CN,CD,context,Description3,RT,8112.699999999721
SS1651767555827,CN,CD,focal,Description6,RT,10672.899999999441
SS1651767555827,CN,CD,context,Description2,RT,12664.299999999814
SS1651767555827,CN,CD,context,Description7,RT,11680.599999999627
SS1651767555827,CN,CD,context,Description19,RT,4848.899999999441
SS1651767555827,CN,CD,context,Description7,RT,9912.699999999255
SS1651769304707,CN,CD,focal,Description5,RT,39257.459999999846
SS1651769304707,CN,CD,context,Description2,RT,25443.574999999953
SS1651769304707,CN,CD,context,Description9,RT,29496.090000000084
SS1651769304707,CN,CD,focal,Description0,RT,18869.14500000025
SS1651769304707,CN,CD,focal,Description6,RT,24105.014999999898
SS1651769304707,CN,CD,context,Description2,RT,19943.834999999963
SS1651769304707,CN,CD,context,Description1,RT,19454.649999999907
SS1651769304707,CN,CD,context,Description7,RT,6068.530000000028
SS1651769304707,CN,CD,context,Description3,RT,41727.314999999944
SS1651769304707,CN,CD,focal,Description29,RT,27937.134999999776
SS1651769304707,CN,CD,focal,Description5,RT,11282.084999999963
SS1651769304707,CN,CD,focal,Description4,RT,56946.570000000065
SS1651769304707,CN,CD,context,Description3,RT,6055.7050000000745
SS1651769304707,CN,CD,focal,Description5,RT,14702.334999999963
SS1651769304707,CN,CD,focal,Description0,RT,7458.250000000233
SS1651769304707,CN,CD,context,Description1,RT,23303.40000000014
SS1651769304707,CN,CD,context,Description7,RT,null
SS1651769304707,CN,CD,focal,Description6,RT,20114.860000000335
SS1651769304707,CN,CD,context,Description3,RT,35714.22999999998
SS1651769304707,CN,CD,context,Description1,RT,13339.209999999963
SS1651769304707,CN,CD,focal,Description4,RT,10528.714999999851
SS1651769304707,CN,CD,context,Description7,RT,9614.755000000121
SS1651769304707,CN,CD,context,Description19,RT,11260.764999999898
SS1651769304707,CN,CD,focal,Description6,RT,26306.955000000075
SS1651769304707,CN,CD,context,Description2,RT,14173.690000000177
SS1651769304707,CN,CD,focal,Description4,RT,11494.925000000047
SS1651769304707,CN,CD,focal,Description0,RT,18220.144999999786
SS1651771465459,CN,CD,focal,Description0,RT,19196.73499999987
SS1651771465459,CN,CD,context,Description7,RT,13571.649999999907
SS1651771465459,CN,CD,focal,Description4,RT,8801.869999999646
SS1651771465459,CN,CD,context,Description2,RT,37732.70499999961
SS1651771465459,CN,CD,focal,Description0,RT,23055.24999999907
SS1651771465459,CN,CD,focal,Description6,RT,3379.630000000354
SS1651771465459,CN,CD,focal,Description6,RT,8539.18499999959
SS1651771465459,CN,CD,focal,Description4,RT,18467.419999999925
SS1651771465459,CN,CD,context,Description3,RT,7504.779999999329
SS1651771465459,CN,CD,focal,Description29,RT,4330.860000000335
SS1651771465459,CN,CD,focal,Description5,RT,11942.084999999497
SS1651771465459,CN,CD,context,Description7,RT,12138.539999999572
SS1651771465459,CN,CD,context,Description2,RT,16097.209999999963
SS1651771465459,CN,CD,focal,Description4,RT,16858.81500000041
SS1651771465459,CN,CD,context,Description1,RT,6048.730000000447
SS1651771465459,CN,CD,context,Description1,RT,6323.460000000894
SS1651771465459,CN,CD,focal,Description5,RT,8998.53000000026
SS1651771465459,CN,CD,context,Description19,RT,16290.769999999553
SS1651771465459,CN,CD,context,Description3,RT,6012.7249999996275
SS1651771465459,CN,CD,context,Description9,RT,26702.334999999963
SS1651771465459,CN,CD,focal,Description0,RT,6599.869999999646
SS1651771465459,CN,CD,context,Description7,RT,32737.99999999907
SS1651771465459,CN,CD,context,Description3,RT,12725.089999999851
SS1651771465459,CN,CD,context,Description2,RT,6704.9900000002235
SS1651771465459,CN,CD,focal,Description5,RT,10015.629999999888
SS1651771465459,CN,CD,focal,Description6,RT,7272.604999999981
SS1651771465459,CN,CD,context,Description1,RT,8809.305000000633
SS1651783487150,CN,CD,context,Description3,RT,3921
SS1651783487150,CN,CD,focal,Description4,RT,9601.5
SS1651783487150,CN,CD,context,Description9,RT,3994.9000000000233
SS1651783487150,CN,CD,context,Description2,RT,2699
SS1651783487150,CN,CD,context,Description7,RT,1301.5
SS1651783487150,CN,CD,focal,Description5,RT,4132.599999999977
SS1651783487150,CN,CD,context,Description7,RT,4291.800000000047
SS1651783487150,CN,CD,context,Description3,RT,1607.5
SS1651783487150,CN,CD,focal,Description0,RT,1537.9000000000233
SS1651783487150,CN,CD,focal,Description5,RT,3355.5999999999767
SS1651783487150,CN,CD,focal,Description6,RT,3553.5999999999767
SS1651783487150,CN,CD,focal,Description6,RT,2882.79999999993
SS1651783487150,CN,CD,focal,Description4,RT,7807.400000000023
SS1651783487150,CN,CD,focal,Description6,RT,1626.9000000000233
SS1651783487150,CN,CD,context,Description2,RT,2213.1999999999534
SS1651783487150,CN,CD,focal,Description0,RT,2789
SS1651783487150,CN,CD,context,Description3,RT,5240.79999999993
SS1651783487150,CN,CD,context,Description19,RT,6029.5
SS1651783487150,CN,CD,context,Description1,RT,7993.5
SS1651783487150,CN,CD,context,Description1,RT,2672.1999999999534
SS1651783487150,CN,CD,context,Description2,RT,4034.4000000000233
SS1651783487150,CN,CD,focal,Description5,RT,4378.79999999993
SS1651783487150,CN,CD,context,Description1,RT,1969.5999999999767
SS1651783487150,CN,CD,focal,Description4,RT,1981.6999999999534
SS1651783487150,CN,CD,focal,Description29,RT,2401.79999999993
SS1651783487150,CN,CD,context,Description7,RT,6647.099999999977
SS1651783487150,CN,CD,focal,Description0,RT,1717.5999999999767
SS1651798074227,CN,CD,context,Description1,RT,2385
SS1651798074227,CN,CD,focal,Description5,RT,811
SS1651798074227,CN,CD,context,Description3,RT,457
SS1651798074227,CN,CD,context,Description2,RT,1031.2000000029802
SS1651798074227,CN,CD,focal,Description4,RT,655.2999999970198
SS1651798074227,CN,CD,context,Description7,RT,1430.1000000014901
SS1651798074227,CN,CD,focal,Description4,RT,2173.39999999851
SS1651798074227,CN,CD,focal,Description4,RT,12929.39999999851
SS1651798074227,CN,CD,context,Description8,RT,35050.39999999851
SS1651798074227,CN,CD,focal,Description5,RT,1080.6000000014901
SS1651798074227,CN,CD,focal,Description0,RT,980.1999999955297
SS1651798074227,CN,CD,context,Description2,RT,974.3999999985099
SS1651798074227,CN,CD,focal,Description5,RT,989.6000000014901
SS1651798074227,CN,CD,context,Description3,RT,1004.6000000014901
SS1651798074227,CN,CD,focal,Description6,RT,1210.7999999970198
SS1651798074227,CN,CD,focal,Description0,RT,1215.1999999955297
SS1651798074227,CN,CD,context,Description8,RT,2329.89999999851
SS1651798074227,CN,CD,context,Description7,RT,1489.4000000059605
SS1651798074227,CN,CD,context,Description1,RT,1629
SS1651798074227,CN,CD,context,Description2,RT,1589.9000000059605
SS1651798074227,CN,CD,focal,Description6,RT,1534.6000000014901
SS1651798074227,CN,CD,context,Description7,RT,982.8000000044703
SS1651798074227,CN,CD,context,Description9,RT,2380.89999999851
SS1651798074227,CN,CD,context,Description3,RT,1441.8000000044703
SS1651798074227,CN,CD,focal,Description0,RT,1397.6999999955297
SS1651798074227,CN,CD,focal,Description6,RT,1176.7000000029802
SS1651798074227,CN,CD,context,Description8,RT,814.1000000014901
SS1651798074227,CN,CD,focal,Description29,RT,1111.1000000014901
SS1651798074227,CN,CD,context,Description1,RT,1525.8999999985099
SS1651799596238,CN,CD,focal,Description29,RT,6668.799999982119
SS1651799596238,CN,CD,focal,Description4,RT,9421.5
SS1651799596238,CN,CD,focal,Description0,RT,6562.5999999940395
SS1651799596238,CN,CD,focal,Description0,RT,12798.09999999404
SS1651799596238,CN,CD,focal,Description4,RT,16699.70000001788
SS1651799596238,CN,CD,context,Description7,RT,9515.40000000596
SS1651799596238,CN,CD,focal,Description6,RT,11513.09999999404
SS1651799596238,CN,CD,focal,Description5,RT,7450
SS1651799596238,CN,CD,focal,Description4,RT,5549.300000011921
SS1651799596238,CN,CD,context,Description9,RT,12371.200000017881
SS1651799596238,CN,CD,context,Description1,RT,4339.699999988079
SS1651799596238,CN,CD,context,Description3,RT,5999.4000000059605
SS1651799596238,CN,CD,context,Description19,RT,5645.9000000059605
SS1651799596238,CN,CD,context,Description2,RT,16439.70000001788
SS1651799596238,CN,CD,context,Description2,RT,9692.90000000596
SS1651799596238,CN,CD,focal,Description0,RT,6248.4000000059605
SS1651799596238,CN,CD,focal,Description5,RT,11198.90000000596
SS1651799596238,CN,CD,context,Description1,RT,3198.399999976158
SS1651799596238,CN,CD,focal,Description6,RT,5706
SS1651799596238,CN,CD,context,Description7,RT,8112.5999999940395
SS1651799596238,CN,CD,context,Description2,RT,6686.9000000059605
SS1651799596238,CN,CD,focal,Description5,RT,9072.699999988079
SS1651799596238,CN,CD,context,Description1,RT,11671
SS1651799596238,CN,CD,context,Description7,RT,3743.5
SS1651799596238,CN,CD,focal,Description6,RT,11399.300000011921
SS1651799596238,CN,CD,context,Description3,RT,2161.0999999940395
SS1651799596238,CN,CD,context,Description3,RT,4929.9000000059605
SS1651802919199,CN,CD,focal,Description29,RT,4133.400000095367
SS1651802919199,CN,CD,focal,Description5,RT,9401.599999904633
SS1651802919199,CN,CD,focal,Description5,RT,11674.5
SS1651802919199,CN,CD,context,Description1,RT,9060.400000095367
SS1651802919199,CN,CD,focal,Description6,RT,26315.099999904633
SS1651802919199,CN,CD,focal,Description5,RT,8036.400000095367
SS1651802919199,CN,CD,focal,Description6,RT,10876.200000047684
SS1651802919199,CN,CD,context,Description1,RT,5356.400000095367
SS1651802919199,CN,CD,context,Description3,RT,10700.5
SS1651802919199,CN,CD,focal,Description6,RT,9435.5
SS1651802919199,CN,CD,context,Description1,RT,6916.299999952316
SS1651802919199,CN,CD,context,Description3,RT,9068
SS1651802919199,CN,CD,context,Description2,RT,10786.599999904633
SS1651802919199,CN,CD,context,Description2,RT,2371.7000000476837
SS1651802919199,CN,CD,focal,Description4,RT,13379.599999904633
SS1651802919199,CN,CD,context,Description2,RT,15907
SS1651802919199,CN,CD,context,Description7,RT,3491.899999856949
SS1651802919199,CN,CD,context,Description7,RT,6963.200000047684
SS1651802919199,CN,CD,context,Description3,RT,2154.2999999523163
SS1651802919199,CN,CD,focal,Description0,RT,10867.700000047684
SS1651802919199,CN,CD,focal,Description4,RT,11923.700000047684
SS1651802919199,CN,CD,focal,Description4,RT,8747.900000095367
SS1651802919199,CN,CD,context,Description7,RT,15307.299999952316
SS1651802919199,CN,CD,focal,Description0,RT,8314.299999952316
SS1651802919199,CN,CD,context,Description19,RT,9466.900000095367
SS1651802919199,CN,CD,focal,Description0,RT,5185.199999809265
SS1651802919199,CN,CD,context,Description9,RT,15187.199999809265
SS1651804378273,CN,CD,focal,Description4,RT,35935.799999952316
SS1651804378273,CN,CD,context,Description1,RT,22262.200000047684
SS1651804378273,CN,CD,focal,Description6,RT,38638
SS1651804378273,CN,CD,context,Description19,RT,40645.699999809265
SS1651804378273,CN,CD,focal,Description4,RT,19774.299999952316
SS1651804378273,CN,CD,context,Description3,RT,10182.5
SS1651804378273,CN,CD,focal,Description0,RT,19636.10000014305
SS1651804378273,CN,CD,context,Description9,RT,11703
SS1651804378273,CN,CD,context,Description7,RT,6278.699999809265
SS1651804378273,CN,CD,context,Description2,RT,11543.099999904633
SS1651804378273,CN,CD,context,Description1,RT,5950.400000095367
SS1651804378273,CN,CD,focal,Description6,RT,8101.600000143051
SS1651804378273,CN,CD,context,Description3,RT,5302.700000047684
SS1651804378273,CN,CD,context,Description1,RT,5397.900000095367
SS1651804378273,CN,CD,focal,Description6,RT,6085.5
SS1651804378273,CN,CD,focal,Description0,RT,17238.60000014305
SS1651804378273,CN,CD,context,Description3,RT,4773.600000143051
SS1651804378273,CN,CD,focal,Description4,RT,12281.700000047684
SS1651804378273,CN,CD,context,Description2,RT,20517.89999985695
SS1651804378273,CN,CD,focal,Description29,RT,2239.2999999523163
SS1651804378273,CN,CD,context,Description7,RT,6366.799999952316
SS1651804378273,CN,CD,context,Description2,RT,19997.200000047684
SS1651804378273,CN,CD,focal,Description0,RT,35790.200000047684
SS1651804378273,CN,CD,context,Description7,RT,19478.299999952316
SS1651804768520,CN,CD,context,Description2,RT,23807.199999999953
SS1651804768520,CN,CD,focal,Description4,RT,17267.699999999953
SS1651804768520,CN,CD,focal,Description0,RT,4519.300000000047
SS1651804768520,CN,CD,context,Description3,RT,8310.100000000093
SS1651804768520,CN,CD,context,Description1,RT,12408.099999999627
SS1651804768520,CN,CD,focal,Description5,RT,12031.5
SS1651804768520,CN,CD,context,Description7,RT,34071.40000000037
SS1651804768520,CN,CD,focal,Description6,RT,6269.600000000093
SS1651804768520,CN,CD,context,Description3,RT,5923.299999999814
SS1651804768520,CN,CD,focal,Description0,RT,7609
SS1651804768520,CN,CD,focal,Description5,RT,8890.899999999907
SS1651804768520,CN,CD,context,Description19,RT,8948
SS1651804768520,CN,CD,context,Description8,RT,6833.299999999814
SS1651804768520,CN,CD,focal,Description4,RT,3549.7999999998137
SS1651804768520,CN,CD,context,Description8,RT,3656.5999999996275
SS1651804768520,CN,CD,focal,Description4,RT,10123.799999999814
SS1651804768520,CN,CD,focal,Description0,RT,10924
SS1651804768520,CN,CD,context,Description7,RT,4205.5
SS1651804768520,CN,CD,context,Description1,RT,10415.200000000186
SS1651804768520,CN,CD,focal,Description6,RT,14967.5
SS1651804768520,CN,CD,context,Description7,RT,8784.80000000028
SS1651804768520,CN,CD,context,Description1,RT,6012.5
SS1651804768520,CN,CD,context,Description2,RT,4772.399999999907
SS1651804768520,CN,CD,focal,Description6,RT,7816.399999999907
SS1651804768520,CN,CD,focal,Description29,RT,4766.600000000093
SS1651804768520,CN,CD,focal,Description5,RT,3473.3000000002794
SS1651804768520,CN,CD,context,Description2,RT,4472.199999999721
SS1651804768520,CN,CD,context,Description3,RT,2405.3000000002794
SS1651804768520,CN,CD,context,Description8,RT,7002.100000000093
SS1651804768520,CN,CD,context,Description9,RT,7579.799999999814
SS1651806183814,CN,CD,context,Description1,RT,15792.899999976158
SS1651806183814,CN,CD,focal,Description29,RT,5494.700000047684
SS1651806183814,CN,CD,context,Description1,RT,13317.200000047684
SS1651806183814,CN,CD,focal,Description0,RT,12784.799999952316
SS1651806183814,CN,CD,context,Description7,RT,25359.100000023842
SS1651806183814,CN,CD,focal,Description5,RT,10657.600000023842
SS1651806183814,CN,CD,context,Description7,RT,5146.299999952316
SS1651806183814,CN,CD,context,Description3,RT,10457.400000095367
SS1651806183814,CN,CD,context,Description1,RT,6631.900000095367
SS1651806183814,CN,CD,context,Description3,RT,5702.199999928474
SS1651806183814,CN,CD,context,Description7,RT,5798.299999952316
SS1651806183814,CN,CD,context,Description3,RT,5430.099999904633
SS1651806183814,CN,CD,context,Description2,RT,8732.399999976158
SS1651806183814,CN,CD,focal,Description0,RT,6892
SS1651806183814,CN,CD,focal,Description5,RT,3019.5
SS1651806183814,CN,CD,context,Description19,RT,6114.100000023842
SS1651806183814,CN,CD,focal,Description4,RT,6711.299999952316
SS1651806183814,CN,CD,focal,Description6,RT,10512.899999976158
SS1651806183814,CN,CD,context,Description2,RT,8184.300000071526
SS1651806183814,CN,CD,focal,Description0,RT,9345.700000047684
SS1651806183814,CN,CD,focal,Description4,RT,6881
SS1651806183814,CN,CD,context,Description2,RT,3031
SS1651806183814,CN,CD,focal,Description5,RT,8326.800000071526
SS1651806183814,CN,CD,focal,Description6,RT,10134.399999976158
SS1651806183814,CN,CD,focal,Description4,RT,8701.799999952316
SS1651806183814,CN,CD,focal,Description6,RT,15269.200000047684
SS1651806183814,CN,CD,context,Description9,RT,30842.299999952316
SS1651807227958,CN,CD,context,Description8,RT,4563
SS1651807227958,CN,CD,focal,Description5,RT,36762
SS1651807227958,CN,CD,context,Description9,RT,33205
SS1651807227958,CN,CD,focal,Description6,RT,5682
SS1651807227958,CN,CD,focal,Description0,RT,2880
SS1651807227958,CN,CD,focal,Description29,RT,4328
SS1651807227958,CN,CD,focal,Description0,RT,4201
SS1651807227958,CN,CD,focal,Description5,RT,16843
SS1651807227958,CN,CD,context,Description3,RT,3181
SS1651807227958,CN,CD,context,Description3,RT,2827
SS1651807227958,CN,CD,focal,Description6,RT,3088
SS1651807227958,CN,CD,context,Description7,RT,3109
SS1651807227958,CN,CD,focal,Description4,RT,22059
SS1651807227958,CN,CD,context,Description8,RT,1708
SS1651807227958,CN,CD,context,Description19,RT,13367
SS1651807227958,CN,CD,context,Description2,RT,5080
SS1651807227958,CN,CD,context,Description7,RT,31708
SS1651807227958,CN,CD,context,Description2,RT,13990
SS1651807227958,CN,CD,focal,Description5,RT,4449
SS1651807227958,CN,CD,context,Description8,RT,43374
SS1651807227958,CN,CD,context,Description1,RT,5148
SS1651807227958,CN,CD,context,Description1,RT,5513
SS1651807227958,CN,CD,focal,Description6,RT,4923
SS1651807227958,CN,CD,context,Description3,RT,10440
SS1651807227958,CN,CD,context,Description2,RT,13757
SS1651807227958,CN,CD,context,Description1,RT,3702
SS1651807227958,CN,CD,focal,Description4,RT,9515
SS1651807227958,CN,CD,focal,Description4,RT,6202
SS1651807227958,CN,CD,focal,Description0,RT,16197
SS1651807227958,CN,CD,context,Description7,RT,5904
SS1651807671427,CN,CD,context,Description1,RT,3439.5
SS1651807671427,CN,CD,focal,Description4,RT,1702
SS1651807671427,CN,CD,focal,Description0,RT,3969.5
SS1651807671427,CN,CD,focal,Description4,RT,3241.399999856949
SS1651807671427,CN,CD,context,Description2,RT,2374.100000143051
SS1651807671427,CN,CD,context,Description2,RT,3111.0999999046326
SS1651807671427,CN,CD,context,Description3,RT,1143
SS1651807671427,CN,CD,context,Description7,RT,8192.399999856949
SS1651807671427,CN,CD,context,Description19,RT,2336.100000143051
SS1651807671427,CN,CD,focal,Description5,RT,3481.2000000476837
SS1651807671427,CN,CD,focal,Description4,RT,2341.9000000953674
SS1651807671427,CN,CD,context,Description9,RT,4087.9000000953674
SS1651807671427,CN,CD,context,Description2,RT,994.2999999523163
SS1651807671427,CN,CD,focal,Description0,RT,2395.899999856949
SS1651807671427,CN,CD,context,Description3,RT,2028.7999999523163
SS1651807671427,CN,CD,focal,Description29,RT,1068.1999998092651
SS1651807671427,CN,CD,focal,Description5,RT,1444.0999999046326
SS1651807671427,CN,CD,context,Description7,RT,1855.8000001907349
SS1651807671427,CN,CD,focal,Description0,RT,6564.899999856949
SS1651807671427,CN,CD,focal,Description6,RT,1915.5
SS1651807671427,CN,CD,context,Description1,RT,3709.5
SS1651807671427,CN,CD,context,Description3,RT,1710.5
SS1651807671427,CN,CD,focal,Description6,RT,2807.5
SS1651807671427,CN,CD,focal,Description5,RT,2269.2999999523163
SS1651807671427,CN,CD,context,Description7,RT,1424.2000000476837
SS1651807671427,CN,CD,focal,Description6,RT,1277.5
SS1651807671427,CN,CD,context,Description1,RT,2570.5999999046326
SS1651809674248,CN,CD,focal,Description0,RT,28613.63999999594
SS1651809674248,CN,CD,context,Description3,RT,7023.860000015702
SS1651809674248,CN,CD,context,Description2,RT,27191.60499999998
SS1651809674248,CN,CD,focal,Description5,RT,13228.709999995772
SS1651809674248,CN,CD,context,Description1,RT,4569.935000035912
SS1651809674248,CN,CD,context,Description19,RT,17341.70999994967
SS1651809674248,CN,CD,context,Description2,RT,7419.08500000136
SS1651809674248,CN,CD,focal,Description5,RT,5145.85500000976
SS1651809674248,CN,CD,focal,Description6,RT,5135.240000032354
SS1651809674248,CN,CD,context,Description1,RT,3914.82999996515
SS1651809674248,CN,CD,context,Description3,RT,5899.64499999769
SS1651809674248,CN,CD,focal,Description0,RT,25869.204999995418
SS1651809674248,CN,CD,focal,Description5,RT,8786.565000016708
SS1651809674248,CN,CD,focal,Description0,RT,1883.2650000113063
SS1651809674248,CN,CD,focal,Description4,RT,15687.385000055656
SS1651809674248,CN,CD,context,Description9,RT,4918.774999969173
SS1651809674248,CN,CD,context,Description2,RT,12020.729999989271
SS1651809674248,CN,CD,context,Description1,RT,4333.180000016
SS1651809674248,CN,CD,context,Description7,RT,5231.079999997746
SS1651809674248,CN,CD,focal,Description4,RT,4070.5050000105985
SS1651809674248,CN,CD,focal,Description6,RT,9347.829999984242
SS1651809674248,CN,CD,focal,Description6,RT,10115.585000021383
SS1651809674248,CN,CD,context,Description7,RT,4443.72999999905
SS1651809674248,CN,CD,focal,Description4,RT,4386.339999968186
SS1651809674248,CN,CD,context,Description3,RT,13758.084999979474
SS1651809674248,CN,CD,context,Description7,RT,3244.654999987688
SS1651809674248,CN,CD,focal,Description29,RT,2062.3800000175834
SS1651810536901,CN,CD,focal,Description6,RT,9732.200000047684
SS1651810536901,CN,CD,focal,Description5,RT,10701.300000011921
SS1651810536901,CN,CD,context,Description2,RT,21140.100000023842
SS1651810536901,CN,CD,focal,Description0,RT,8727.300000011921
SS1651810536901,CN,CD,context,Description3,RT,11855.699999988079
SS1651810536901,CN,CD,context,Description7,RT,25554.700000047684
SS1651810536901,CN,CD,focal,Description6,RT,19557.69999998808
SS1651810536901,CN,CD,context,Description2,RT,21174.19999998808
SS1651810536901,CN,CD,focal,Description4,RT,31090.80000001192
SS1651810536901,CN,CD,context,Description2,RT,14941.599999964237
SS1651810536901,CN,CD,context,Description19,RT,12975.399999976158
SS1651810536901,CN,CD,context,Description3,RT,12029.400000035763
SS1651810536901,CN,CD,focal,Description4,RT,13467.800000011921
SS1651810536901,CN,CD,focal,Description6,RT,7955.099999964237
SS1651810536901,CN,CD,focal,Description5,RT,24448.19999998808
SS1651810536901,CN,CD,context,Description7,RT,21697.700000047684
SS1651810536901,CN,CD,context,Description1,RT,10417.100000023842
SS1651810536901,CN,CD,focal,Description0,RT,17286.30000001192
SS1651810536901,CN,CD,context,Description1,RT,5956.199999988079
SS1651810536901,CN,CD,focal,Description5,RT,5966.600000023842
SS1651810536901,CN,CD,context,Description3,RT,10902.600000023842
SS1651810536901,CN,CD,focal,Description0,RT,16407.5
SS1651810536901,CN,CD,context,Description1,RT,25119.30000001192
SS1651810536901,CN,CD,focal,Description4,RT,43247.30000001192
SS1651810536901,CN,CD,context,Description9,RT,26583.19999998808
SS1651810536901,CN,CD,focal,Description29,RT,2185.399999976158
SS1651810536901,CN,CD,context,Description7,RT,5672
SS1651810766684,CN,CD,context,Description2,RT,3000.5
SS1651810766684,CN,CD,focal,Description6,RT,2650.2999999523163
SS1651810766684,CN,CD,context,Description2,RT,4248
SS1651810766684,CN,CD,context,Description1,RT,7063.799999952316
SS1651810766684,CN,CD,context,Description3,RT,3562.7999999523163
SS1651810766684,CN,CD,context,Description2,RT,22134.799999952316
SS1651810766684,CN,CD,context,Description7,RT,1666.5
SS1651810766684,CN,CD,context,Description7,RT,3154.0999999046326
SS1651810766684,CN,CD,focal,Description6,RT,10772.099999904633
SS1651810766684,CN,CD,focal,Description0,RT,3203.0999999046326
SS1651810766684,CN,CD,context,Description7,RT,21173.900000095367
SS1651810766684,CN,CD,focal,Description5,RT,2398.2000000476837
SS1651810766684,CN,CD,focal,Description4,RT,6180.799999952316
SS1651810766684,CN,CD,context,Description9,RT,13082.899999856949
SS1651810766684,CN,CD,focal,Description5,RT,5878
SS1651810766684,CN,CD,focal,Description29,RT,2612
SS1651810766684,CN,CD,context,Description19,RT,3857.5999999046326
SS1651810766684,CN,CD,focal,Description0,RT,5368.599999904633
SS1651810766684,CN,CD,focal,Description5,RT,1451.4000000953674
SS1651810766684,CN,CD,context,Description1,RT,2744.899999856949
SS1651810766684,CN,CD,focal,Description4,RT,1719.4000000953674
SS1651810766684,CN,CD,context,Description3,RT,2422.7999999523163
SS1651810766684,CN,CD,context,Description1,RT,5497
SS1651810766684,CN,CD,context,Description3,RT,1715.1000001430511
SS1651810766684,CN,CD,focal,Description6,RT,9435.900000095367
SS1651810766684,CN,CD,focal,Description0,RT,3022.0999999046326
SS1651810766684,CN,CD,focal,Description4,RT,2463.2999999523163
SS1651811217708,CN,CD,focal,Description0,RT,20856.82000000088
SS1651811217708,CN,CD,context,Description3,RT,27752.650000000373
SS1651811217708,CN,CD,focal,Description4,RT,53184.79499999923
SS1651811217708,CN,CD,focal,Description6,RT,16561.63500000001
SS1651811217708,CN,CD,context,Description7,RT,20857.259999998845
SS1651811217708,CN,CD,focal,Description0,RT,16729.10500000033
SS1651811217708,CN,CD,focal,Description5,RT,48273.1100000001
SS1651811217708,CN,CD,focal,Description6,RT,19798.20999999903
SS1651811217708,CN,CD,focal,Description5,RT,49255.00000000093
SS1651811217708,CN,CD,context,Description2,RT,27513.300000000512
SS1651811217708,CN,CD,context,Description9,RT,31022.605000000214
SS1651811217708,CN,CD,focal,Description6,RT,22857.340000000317
SS1651811217708,CN,CD,context,Description1,RT,23414.114999999525
SS1651811217708,CN,CD,context,Description7,RT,9521.409999999218
SS1651811217708,CN,CD,context,Description2,RT,12184.250000000233
SS1651811217708,CN,CD,context,Description2,RT,57920.51000000001
SS1651811217708,CN,CD,focal,Description5,RT,15360.244999999646
SS1651811217708,CN,CD,focal,Description4,RT,23056.35000000079
SS1651811217708,CN,CD,context,Description1,RT,25288.669999999693
SS1651811217708,CN,CD,context,Description19,RT,19848.425000000047
SS1651811217708,CN,CD,focal,Description0,RT,18455.75000000093
SS1651811217708,CN,CD,focal,Description4,RT,23430.650000000373
SS1651811217708,CN,CD,focal,Description29,RT,6520.4550000014715
SS1651811217708,CN,CD,context,Description1,RT,8574.41000000108
SS1651811217708,CN,CD,context,Description3,RT,29615.275000000373
SS1651811217708,CN,CD,context,Description7,RT,14248.285000001546
SS1651811217708,CN,CD,context,Description3,RT,12640.930000001565
SS1651812084324,CN,CD,context,Description1,RT,4851.525000005495
SS1651812084324,CN,CD,focal,Description0,RT,3081.194999977015
SS1651812084324,CN,CD,focal,Description6,RT,3650.729999993928
SS1651812084324,CN,CD,context,Description2,RT,17556.815000018105
SS1651812084324,CN,CD,focal,Description6,RT,2748.1449999613687
SS1651812084324,CN,CD,context,Description2,RT,2961.0500000417233
SS1651812084324,CN,CD,context,Description9,RT,7335.350000008475
SS1651812084324,CN,CD,context,Description7,RT,29677.16500000097
SS1651812084324,CN,CD,focal,Description0,RT,32019.269999989774
SS1651812084324,CN,CD,context,Description19,RT,13215.61000001384
SS1651812084324,CN,CD,context,Description1,RT,9144.06500000041
SS1651812084324,CN,CD,focal,Description4,RT,4436.054999998305
SS1651812084324,CN,CD,context,Description7,RT,5077.700000023469
SS1651812084324,CN,CD,focal,Description0,RT,10028.679999988526
SS1651812084324,CN,CD,focal,Description6,RT,4480.4699999513105
SS1651812084324,CN,CD,focal,Description4,RT,6171.619999979157
SS1651812084324,CN,CD,focal,Description4,RT,7725.474999984726
SS1651812084324,CN,CD,context,Description2,RT,22711.85500000138
SS1651812084324,CN,CD,context,Description1,RT,1820.6050000153482
SS1651812084324,CN,CD,focal,Description29,RT,1698.2149999821559
SS1651812084324,CN,CD,context,Description7,RT,9212.544999958482
SS1651813057402,CN,CD,focal,Description4,RT,13276
SS1651813057402,CN,CD,focal,Description5,RT,3768
SS1651813057402,CN,CD,context,Description9,RT,1583.7000000476837
SS1651813057402,CN,CD,context,Description7,RT,4039.7999999523163
SS1651813057402,CN,CD,context,Description19,RT,12376.799999952316
SS1651813057402,CN,CD,context,Description3,RT,2219.5999999046326
SS1651813057402,CN,CD,context,Description2,RT,4443.700000047684
SS1651813057402,CN,CD,focal,Description0,RT,3950.7000000476837
SS1651813057402,CN,CD,context,Description8,RT,3288.7000000476837
SS1651813057402,CN,CD,focal,Description0,RT,3388.4000000953674
SS1651813057402,CN,CD,focal,Description29,RT,1157.2999999523163
SS1651813057402,CN,CD,context,Description8,RT,4032.0999999046326
SS1651813057402,CN,CD,focal,Description4,RT,2082.600000143051
SS1651813057402,CN,CD,context,Description8,RT,1598.7000000476837
SS1651813057402,CN,CD,context,Description1,RT,3019.600000143051
SS1651813057402,CN,CD,focal,Description0,RT,4877.900000095367
SS1651813057402,CN,CD,context,Description2,RT,7216.100000143051
SS1651813057402,CN,CD,focal,Description6,RT,1669.2000000476837
SS1651813057402,CN,CD,context,Description7,RT,1474.4000000953674
SS1651813057402,CN,CD,context,Description2,RT,2647.100000143051
SS1651813057402,CN,CD,context,Description3,RT,2145.600000143051
SS1651813057402,CN,CD,context,Description1,RT,2797.5
SS1651813057402,CN,CD,context,Description3,RT,2066.4000000953674
SS1651813057402,CN,CD,focal,Description6,RT,3169.4000000953674
SS1651813057402,CN,CD,focal,Description5,RT,1616.0999999046326
SS1651813057402,CN,CD,focal,Description4,RT,1452.2999999523163
SS1651813057402,CN,CD,focal,Description5,RT,8013.599999904633
SS1651813057402,CN,CD,context,Description7,RT,10235.700000047684
SS1651813057402,CN,CD,focal,Description6,RT,8635.100000143051
SS1651813057402,CN,CD,context,Description1,RT,2012.0999999046326
SS1651813633535,CN,CD,context,Description7,RT,15233
SS1651813633535,CN,CD,context,Description1,RT,6320
SS1651813633535,CN,CD,focal,Description0,RT,21655
SS1651813633535,CN,CD,context,Description2,RT,24075
SS1651813633535,CN,CD,context,Description9,RT,20849
SS1651813633535,CN,CD,focal,Description0,RT,9711
SS1651813633535,CN,CD,focal,Description5,RT,20218
SS1651813633535,CN,CD,focal,Description6,RT,14729
SS1651813633535,CN,CD,context,Description1,RT,10697
SS1651813633535,CN,CD,focal,Description5,RT,6706
SS1651813633535,CN,CD,context,Description3,RT,5870
SS1651813633535,CN,CD,focal,Description0,RT,10903
SS1651813633535,CN,CD,context,Description3,RT,7552
SS1651813633535,CN,CD,focal,Description4,RT,10902
SS1651813633535,CN,CD,focal,Description6,RT,9176
SS1651813633535,CN,CD,context,Description19,RT,11714
SS1651813633535,CN,CD,focal,Description6,RT,12632
SS1651813633535,CN,CD,focal,Description29,RT,8503
SS1651813633535,CN,CD,context,Description3,RT,7041
SS1651813633535,CN,CD,context,Description1,RT,10896
SS1651813633535,CN,CD,focal,Description4,RT,36162
SS1651813633535,CN,CD,focal,Description5,RT,4821
SS1651813633535,CN,CD,context,Description2,RT,10748
SS1651813633535,CN,CD,context,Description2,RT,11041
SS1651813633535,CN,CD,context,Description7,RT,4390
SS1651813633535,CN,CD,context,Description7,RT,17643
SS1651813633535,CN,CD,focal,Description4,RT,9704
SS1651818877028,CN,CD,focal,Description0,RT,6873.299999952316
SS1651818877028,CN,CD,context,Description3,RT,4977.700000047684
SS1651818877028,CN,CD,context,Description7,RT,11438.900000095367
SS1651818877028,CN,CD,focal,Description5,RT,8072.900000095367
SS1651818877028,CN,CD,focal,Description6,RT,2929.0999999046326
SS1651818877028,CN,CD,context,Description1,RT,2147.100000143051
SS1651818877028,CN,CD,context,Description9,RT,8947.299999952316
SS1651818877028,CN,CD,focal,Description6,RT,5412.400000095367
SS1651818877028,CN,CD,focal,Description5,RT,15598.699999809265
SS1651818877028,CN,CD,context,Description1,RT,5676.199999809265
SS1651818877028,CN,CD,focal,Description0,RT,27550
SS1651818877028,CN,CD,context,Description7,RT,6862
SS1651818877028,CN,CD,context,Description3,RT,3795.9000000953674
SS1651818877028,CN,CD,context,Description7,RT,1670
SS1651818877028,CN,CD,focal,Description0,RT,2838.5999999046326
SS1651818877028,CN,CD,focal,Description4,RT,4432.899999856949
SS1651818877028,CN,CD,focal,Description4,RT,4702.699999809265
SS1651818877028,CN,CD,context,Description3,RT,2249.899999856949
SS1651818877028,CN,CD,context,Description2,RT,5411.799999952316
SS1651818877028,CN,CD,context,Description2,RT,24300.10000014305
SS1651818877028,CN,CD,context,Description19,RT,6097.799999952316
SS1651818877028,CN,CD,focal,Description5,RT,6948.300000190735
SS1651818877028,CN,CD,context,Description1,RT,6079
SS1651818877028,CN,CD,focal,Description6,RT,2422.2999999523163
SS1651818877028,CN,CD,focal,Description4,RT,17855
SS1651818877028,CN,CD,focal,Description29,RT,1568.4000000953674
SS1651818877028,CN,CD,context,Description2,RT,4996.900000095367
SS1651821991579,CN,CD,focal,Description6,RT,7984.349999998813
SS1651821991579,CN,CD,context,Description3,RT,3587.6449999996694
SS1651821991579,CN,CD,context,Description1,RT,4441.249999999767
SS1651821991579,CN,CD,context,Description19,RT,6189.604999999516
SS1651821991579,CN,CD,context,Description7,RT,4512.190000001341
SS1651821991579,CN,CD,context,Description3,RT,3046.3049999998184
SS1651821991579,CN,CD,focal,Description6,RT,15393.424999998417
SS1651821991579,CN,CD,focal,Description4,RT,4067.1950000032084
SS1651821991579,CN,CD,focal,Description0,RT,3814.200000000652
SS1651821991579,CN,CD,focal,Description5,RT,4695.540000000619
SS1651821991579,CN,CD,context,Description2,RT,3176.470000002184
SS1651821991579,CN,CD,focal,Description0,RT,13008.150000001537
SS1651821991579,CN,CD,focal,Description5,RT,6002.28000000061
SS1651821991579,CN,CD,context,Description3,RT,10169.67999999912
SS1651821991579,CN,CD,focal,Description5,RT,4756.530000002473
SS1651821991579,CN,CD,context,Description1,RT,4830.000000001746
SS1651821991579,CN,CD,focal,Description29,RT,2082.105000001262
SS1651821991579,CN,CD,context,Description2,RT,6614.9899999982445
SS1651821991579,CN,CD,focal,Description0,RT,10409.0499999983
SS1651821991579,CN,CD,context,Description1,RT,7599.725000000093
SS1651821991579,CN,CD,context,Description2,RT,4403.0450000027195
SS1651821991579,CN,CD,context,Description7,RT,5361.969999998109
SS1651821991579,CN,CD,focal,Description4,RT,4978.879999998724
SS1651821991579,CN,CD,focal,Description6,RT,6824.200000002747
SS1651821991579,CN,CD,focal,Description4,RT,6020.860000000568
SS1651821991579,CN,CD,context,Description7,RT,3285.6250000004657
SS1651821991579,CN,CD,context,Description9,RT,7971.750000000466
SS1651822926317,CN,CD,context,Description7,RT,12793.5
SS1651822926317,CN,CD,focal,Description0,RT,30816.5
SS1651822926317,CN,CD,context,Description8,RT,5980.600000023842
SS1651822926317,CN,CD,focal,Description5,RT,14365.400000035763
SS1651822926317,CN,CD,focal,Description5,RT,33526
SS1651822926317,CN,CD,focal,Description4,RT,18813.30000001192
SS1651822926317,CN,CD,context,Description7,RT,6910.5
SS1651822926317,CN,CD,context,Description7,RT,18937.899999976158
SS1651822926317,CN,CD,context,Description1,RT,10177.899999976158
SS1651822926317,CN,CD,context,Description2,RT,10613.100000023842
SS1651822926317,CN,CD,context,Description1,RT,17194.100000023842
SS1651822926317,CN,CD,focal,Description4,RT,8096.5
SS1651822926317,CN,CD,focal,Description6,RT,57780.69999998808
SS1651822926317,CN,CD,focal,Description5,RT,11949.399999976158
SS1651822926317,CN,CD,focal,Description6,RT,5270.699999988079
SS1651822926317,CN,CD,context,Description8,RT,29302.399999976158
SS1651822926317,CN,CD,context,Description3,RT,4274.300000011921
SS1651822926317,CN,CD,focal,Description4,RT,20733.599999964237
SS1651822926317,CN,CD,focal,Description0,RT,23220.30000001192
SS1651822926317,CN,CD,focal,Description6,RT,9367
SS1651822926317,CN,CD,context,Description8,RT,3940.5
SS1651822926317,CN,CD,context,Description2,RT,4178.900000035763
SS1651822926317,CN,CD,context,Description3,RT,9434.5
SS1651822926317,CN,CD,context,Description1,RT,8718.399999976158
SS1651822926317,CN,CD,context,Description19,RT,4720.899999976158
SS1651822926317,CN,CD,context,Description2,RT,14765.199999988079
SS1651822926317,CN,CD,context,Description3,RT,16556.400000035763
SS1651822926317,CN,CD,focal,Description29,RT,2158.800000011921
SS1651822926317,CN,CD,focal,Description0,RT,7476.699999988079
SS1651822926317,CN,CD,context,Description9,RT,29291.69999998808
SS1651827681410,CN,CD,focal,Description0,RT,7240.799999952316
SS1651827681410,CN,CD,focal,Description5,RT,4083.7999999523163
SS1651827681410,CN,CD,context,Description1,RT,4435.5
SS1651827681410,CN,CD,context,Description3,RT,2609.100000023842
SS1651827681410,CN,CD,context,Description2,RT,2914.2999999523163
SS1651827681410,CN,CD,context,Description1,RT,6894.5
SS1651827681410,CN,CD,context,Description2,RT,10493.899999976158
SS1651827681410,CN,CD,context,Description1,RT,6295.599999904633
SS1651827681410,CN,CD,focal,Description4,RT,3099.2000000476837
SS1651827681410,CN,CD,context,Description7,RT,1724.8999999761581
SS1651827681410,CN,CD,focal,Description6,RT,6854.100000023842
SS1651827681410,CN,CD,focal,Description0,RT,16822.799999952316
SS1651827681410,CN,CD,context,Description2,RT,12159.199999928474
SS1651827681410,CN,CD,focal,Description5,RT,8171.300000071526
SS1651827681410,CN,CD,focal,Description6,RT,19454.700000047684
SS1651827681410,CN,CD,context,Description8,RT,1768.7999999523163
SS1651827681410,CN,CD,context,Description8,RT,6377
SS1651827681410,CN,CD,focal,Description6,RT,4205.900000095367
SS1651827681410,CN,CD,focal,Description4,RT,3732.7000000476837
SS1651827681410,CN,CD,context,Description3,RT,2275.3000000715256
SS1651827681410,CN,CD,context,Description8,RT,3603.7000000476837
SS1651827681410,CN,CD,focal,Description5,RT,1713
SS1651827681410,CN,CD,focal,Description29,RT,1564.4000000953674
SS1651827681410,CN,CD,context,Description7,RT,6761
SS1651827681410,CN,CD,focal,Description0,RT,2530.3000000715256
SS1651827681410,CN,CD,context,Description3,RT,3768.600000023842
SS1651827681410,CN,CD,context,Description19,RT,5534.200000047684
SS1651827681410,CN,CD,focal,Description4,RT,2397.600000023842
SS1651827681410,CN,CD,context,Description9,RT,6174.600000023842
SS1651827681410,CN,CD,context,Description7,RT,10218.5
SS1651828791480,CN,CD,focal,Description5,RT,1929.5
SS1651828791480,CN,CD,context,Description7,RT,2504.199999809265
SS1651828791480,CN,CD,focal,Description0,RT,3493.2999999523163
SS1651828791480,CN,CD,focal,Description5,RT,3213.2000000476837
SS1651828791480,CN,CD,context,Description3,RT,1809.2999999523163
SS1651828791480,CN,CD,context,Description7,RT,4915.799999952316
SS1651828791480,CN,CD,context,Description2,RT,2140.9000000953674
SS1651828791480,CN,CD,context,Description2,RT,3678.2999999523163
SS1651828791480,CN,CD,focal,Description4,RT,2608.100000143051
SS1651828791480,CN,CD,focal,Description4,RT,1935.2000000476837
SS1651828791480,CN,CD,focal,Description6,RT,1555.5
SS1651828791480,CN,CD,focal,Description6,RT,4328.799999952316
SS1651828791480,CN,CD,context,Description9,RT,2563.7999999523163
SS1651828791480,CN,CD,focal,Description5,RT,1554.6999998092651
SS1651828791480,CN,CD,context,Description2,RT,4607.099999904633
SS1651828791480,CN,CD,focal,Description0,RT,3597.4000000953674
SS1651828791480,CN,CD,focal,Description0,RT,2486.2000000476837
SS1651828791480,CN,CD,context,Description1,RT,2091.7000000476837
SS1651828791480,CN,CD,context,Description1,RT,2442
SS1651828791480,CN,CD,context,Description19,RT,3136.9000000953674
SS1651828791480,CN,CD,focal,Description29,RT,1462.5
SS1651828791480,CN,CD,focal,Description6,RT,2159.600000143051
SS1651828791480,CN,CD,context,Description3,RT,2073.9000000953674
SS1651828791480,CN,CD,context,Description7,RT,2621.600000143051
SS1651828791480,CN,CD,context,Description3,RT,2035.2000000476837
SS1651828791480,CN,CD,context,Description1,RT,2225.7000000476837
SS1651828791480,CN,CD,focal,Description4,RT,1956.5999999046326
SS1651835352625,CN,CD,context,Description3,RT,53702.545000007376
SS1651835352625,CN,CD,context,Description3,RT,8899.414999992587
SS1651835352625,CN,CD,focal,Description4,RT,7046.0950000124285
SS1651835352625,CN,CD,focal,Description5,RT,7247.3900000040885
SS1651835352625,CN,CD,context,Description19,RT,6636.979999995674
SS1651835352625,CN,CD,focal,Description5,RT,7295.010000001639
SS1651835352625,CN,CD,focal,Description6,RT,8916.314999994938
SS1651835352625,CN,CD,context,Description7,RT,21393.02499999758
SS1651835352625,CN,CD,context,Description2,RT,5177.639999994426
SS1651835352625,CN,CD,focal,Description29,RT,2195.095000002766
SS1651835352625,CN,CD,context,Description2,RT,22445.709999999963
SS1651835352625,CN,CD,context,Description1,RT,4821.6800000082
SS1651835352625,CN,CD,context,Description7,RT,4825.60999999987
SS1651835352625,CN,CD,context,Description2,RT,7270.355000000563
SS1651835352625,CN,CD,focal,Description4,RT,7862.804999997024
SS1651835352625,CN,CD,context,Description1,RT,6947.4000000045635
SS1651835352625,CN,CD,focal,Description0,RT,4170.0200000050245
SS1651835352625,CN,CD,focal,Description5,RT,7876.665000003413
SS1651835352625,CN,CD,context,Description7,RT,3096.4049999893177
SS1651835352625,CN,CD,focal,Description0,RT,20833.94500000577
SS1651835352625,CN,CD,context,Description3,RT,5353.885000004084
SS1651835352625,CN,CD,context,Description9,RT,9205.535000000964
SS1651835352625,CN,CD,context,Description1,RT,4230.0300000060815
SS1651835352625,CN,CD,focal,Description6,RT,18015.44499999727
SS1651835352625,CN,CD,focal,Description4,RT,8589.294999997946
SS1651835352625,CN,CD,focal,Description0,RT,7926.470000005793
SS1651835352625,CN,CD,focal,Description6,RT,5713.469999987865
SS1651837328638,CN,CD,context,Description2,RT,871.2999999523163
SS1651837328638,CN,CD,context,Description1,RT,1016.4000000953674
SS1651837328638,CN,CD,focal,Description6,RT,824.7999999523163
SS1651837328638,CN,CD,focal,Description5,RT,1062.5
SS1651837328638,CN,CD,focal,Description6,RT,1511.6000001430511
SS1651837328638,CN,CD,context,Description19,RT,1147.5999999046326
SS1651837328638,CN,CD,focal,Description5,RT,827.4000000953674
SS1651837328638,CN,CD,focal,Description6,RT,1268.1000001430511
SS1651837328638,CN,CD,focal,Description4,RT,735.1000001430511
SS1651837328638,CN,CD,context,Description1,RT,1676.7999999523163
SS1651837328638,CN,CD,context,Description3,RT,1085.6000001430511
SS1651837328638,CN,CD,context,Description3,RT,1018.0999999046326
SS1651837328638,CN,CD,focal,Description4,RT,1353.7999999523163
SS1651837328638,CN,CD,focal,Description4,RT,927.7999999523163
SS1651837328638,CN,CD,context,Description9,RT,1223.7000000476837
SS1651837328638,CN,CD,context,Description2,RT,815.5999999046326
SS1651837328638,CN,CD,focal,Description29,RT,784.2999999523163
SS1651837328638,CN,CD,context,Description2,RT,727.8999998569489
SS1651837328638,CN,CD,context,Description3,RT,886.6000001430511
SS1651837328638,CN,CD,context,Description7,RT,755.9000000953674
SS1651837328638,CN,CD,context,Description7,RT,968.2000000476837
SS1651837328638,CN,CD,context,Description7,RT,927.5999999046326
SS1651837328638,CN,CD,context,Description1,RT,1214.7999999523163
SS1651837328638,CN,CD,focal,Description5,RT,754
SS1651837445397,CN,CD,context,Description8,RT,4727.600000008941
SS1651837445397,CN,CD,context,Description8,RT,966.6000000089407
SS1651837445397,CN,CD,context,Description2,RT,832.5
SS1651837445397,CN,CD,context,Description9,RT,889.8000000119209
SS1651837445397,CN,CD,focal,Description5,RT,827.8999999910593
SS1651837445397,CN,CD,focal,Description6,RT,1382.800000011921
SS1651837445397,CN,CD,focal,Description5,RT,755.4000000059605
SS1651837445397,CN,CD,context,Description7,RT,634.8999999910593
SS1651837445397,CN,CD,context,Description19,RT,905.5999999940395
SS1651837445397,CN,CD,context,Description8,RT,1233.2000000029802
SS1651837445397,CN,CD,context,Description1,RT,624.2999999970198
SS1651837445397,CN,CD,context,Description1,RT,551.7000000029802
SS1651837445397,CN,CD,focal,Description4,RT,7250
SS1651837445397,CN,CD,focal,Description4,RT,970.1000000089407
SS1651837445397,CN,CD,context,Description2,RT,1308.9000000059605
SS1651837445397,CN,CD,context,Description7,RT,1266.5
SS1651837445397,CN,CD,context,Description3,RT,848.2000000029802
SS1651837445397,CN,CD,context,Description7,RT,843.5
SS1651837445397,CN,CD,focal,Description29,RT,573.3999999910593
SS1651837445397,CN,CD,focal,Description6,RT,3369.7000000029802
SS1651837445397,CN,CD,focal,Description6,RT,1975.6000000089407
SS1651837445397,CN,CD,context,Description2,RT,2183.2999999970198
SS1651837445397,CN,CD,focal,Description5,RT,1528.800000011921
SS1651837445397,CN,CD,context,Description3,RT,2915.7000000029802
SS1651837445397,CN,CD,focal,Description4,RT,1447.4000000059605
SS1651837445397,CN,CD,context,Description1,RT,812.2000000029802
SS1651837445397,CN,CD,context,Description3,RT,688.7000000029802
SS1651837683659,CN,CD,focal,Description29,RT,6184
SS1651837683659,CN,CD,context,Description1,RT,6899
SS1651837683659,CN,CD,focal,Description6,RT,5601
SS1651837683659,CN,CD,focal,Description5,RT,7627
SS1651837683659,CN,CD,focal,Description4,RT,8122
SS1651837683659,CN,CD,focal,Description6,RT,11651
SS1651837683659,CN,CD,focal,Description4,RT,5812
SS1651837683659,CN,CD,focal,Description0,RT,6222
SS1651837683659,CN,CD,context,Description7,RT,5697
SS1651837683659,CN,CD,context,Description1,RT,5309
SS1651837683659,CN,CD,focal,Description5,RT,4813
SS1651837683659,CN,CD,context,Description3,RT,20474
SS1651837683659,CN,CD,context,Description2,RT,7602
SS1651837683659,CN,CD,context,Description3,RT,9465
SS1651837683659,CN,CD,focal,Description4,RT,9493
SS1651837683659,CN,CD,context,Description2,RT,7125
SS1651837683659,CN,CD,context,Description2,RT,10353
SS1651837683659,CN,CD,focal,Description0,RT,7657
SS1651837683659,CN,CD,context,Description9,RT,15513
SS1651837683659,CN,CD,context,Description8,RT,4309
SS1651837683659,CN,CD,focal,Description6,RT,7797
SS1651837683659,CN,CD,context,Description1,RT,7739
SS1651837683659,CN,CD,context,Description3,RT,4325
SS1651837683659,CN,CD,focal,Description0,RT,8349
SS1651837683659,CN,CD,context,Description7,RT,4301
SS1651837683659,CN,CD,focal,Description5,RT,17129
SS1651837683659,CN,CD,context,Description19,RT,5091
SS1651837683659,CN,CD,context,Description8,RT,22291
SS1651837683659,CN,CD,context,Description7,RT,25063
SS1651837683659,CN,CD,context,Description8,RT,6979
SS1651839455332,CN,CD,focal,Description5,RT,1134
SS1651839455332,CN,CD,context,Description2,RT,937.5
SS1651839455332,CN,CD,focal,Description0,RT,758.5
SS1651839455332,CN,CD,context,Description3,RT,740.6000000089407
SS1651839455332,CN,CD,focal,Description4,RT,1437.2000000029802
SS1651839455332,CN,CD,context,Description2,RT,999.9000000059605
SS1651839455332,CN,CD,focal,Description6,RT,1009
SS1651839455332,CN,CD,focal,Description4,RT,1214.5
SS1651839455332,CN,CD,focal,Description4,RT,1573.300000011921
SS1651839455332,CN,CD,focal,Description6,RT,882.7999999970198
SS1651839455332,CN,CD,focal,Description6,RT,2797.7000000029802
SS1651839455332,CN,CD,context,Description2,RT,1089.3999999910593
SS1651839455332,CN,CD,context,Description3,RT,1335.7999999970198
SS1651839455332,CN,CD,context,Description7,RT,3730.2000000029802
SS1651839455332,CN,CD,focal,Description5,RT,1098.5999999940395
SS1651839455332,CN,CD,context,Description19,RT,6656.29999999702
SS1651839455332,CN,CD,context,Description8,RT,703.5
SS1651839455332,CN,CD,context,Description1,RT,2417.7999999970198
SS1651839455332,CN,CD,context,Description1,RT,3845.3999999910593
SS1651839455332,CN,CD,context,Description7,RT,783.0999999940395
SS1651839455332,CN,CD,focal,Description0,RT,5596.399999991059
SS1651839455332,CN,CD,focal,Description0,RT,743.4000000059605
SS1651839455332,CN,CD,context,Description8,RT,1160.2000000029802
SS1651839455332,CN,CD,focal,Description29,RT,728.4000000059605
SS1651839455332,CN,CD,focal,Description5,RT,945
SS1651839455332,CN,CD,context,Description3,RT,666.7000000029802
SS1651839455332,CN,CD,context,Description7,RT,1358.2000000029802
SS1651839455332,CN,CD,context,Description1,RT,1653.6000000089407
SS1651839455332,CN,CD,context,Description8,RT,5460.70000000298
SS1651839455332,CN,CD,context,Description9,RT,984
SS1651840732818,CN,CD,focal,Description6,RT,12172
SS1651840732818,CN,CD,context,Description1,RT,9205
SS1651840732818,CN,CD,focal,Description4,RT,8415
SS1651840732818,CN,CD,focal,Description0,RT,21817
SS1651840732818,CN,CD,context,Description3,RT,2983
SS1651840732818,CN,CD,focal,Description5,RT,5956
SS1651840732818,CN,CD,focal,Description0,RT,2875
SS1651840732818,CN,CD,context,Description3,RT,9230
SS1651840732818,CN,CD,focal,Description29,RT,2694
SS1651840732818,CN,CD,focal,Description5,RT,4721
SS1651840732818,CN,CD,context,Description2,RT,7272
SS1651840732818,CN,CD,context,Description1,RT,5746
SS1651840732818,CN,CD,context,Description7,RT,15901
SS1651840732818,CN,CD,context,Description2,RT,3932
SS1651840732818,CN,CD,focal,Description6,RT,4909
SS1651840732818,CN,CD,focal,Description6,RT,12358
SS1651840732818,CN,CD,context,Description2,RT,13444
SS1651840732818,CN,CD,focal,Description4,RT,20101
SS1651840732818,CN,CD,context,Description1,RT,2989
SS1651840732818,CN,CD,context,Description19,RT,4499
SS1651840732818,CN,CD,focal,Description4,RT,5452
SS1651840732818,CN,CD,context,Description7,RT,4272
SS1651840732818,CN,CD,focal,Description5,RT,13184
SS1651840732818,CN,CD,context,Description3,RT,2955
SS1651840732818,CN,CD,context,Description7,RT,3130
SS1651840732818,CN,CD,context,Description9,RT,5738
SS1651840732818,CN,CD,focal,Description0,RT,7166
SS1651840989750,CN,CD,context,Description3,RT,3420.2999999970198
SS1651840989750,CN,CD,context,Description1,RT,889
SS1651840989750,CN,CD,focal,Description6,RT,1294.6000000089407
SS1651840989750,CN,CD,context,Description8,RT,753.7000000029802
SS1651840989750,CN,CD,focal,Description6,RT,656.5
SS1651840989750,CN,CD,focal,Description0,RT,679.5
SS1651840989750,CN,CD,context,Description7,RT,712.3000000119209
SS1651840989750,CN,CD,focal,Description5,RT,740.9000000059605
SS1651840989750,CN,CD,context,Description2,RT,832.5
SS1651840989750,CN,CD,context,Description2,RT,1047.2999999970198
SS1651840989750,CN,CD,focal,Description0,RT,729.4000000059605
SS1651840989750,CN,CD,context,Description1,RT,785.7000000029802
SS1651840989750,CN,CD,context,Description3,RT,855.7000000029802
SS1651840989750,CN,CD,context,Description3,RT,1070.7000000029802
SS1651840989750,CN,CD,context,Description7,RT,1931.7999999970198
SS1651840989750,CN,CD,context,Description8,RT,1262.2000000029802
SS1651840989750,CN,CD,context,Description1,RT,754.2000000029802
SS1651840989750,CN,CD,focal,Description5,RT,723.9000000059605
SS1651840989750,CN,CD,context,Description7,RT,698
SS1651840989750,CN,CD,focal,Description6,RT,854.2999999970198
SS1651840989750,CN,CD,context,Description8,RT,1131
SS1651840989750,CN,CD,focal,Description29,RT,688
SS1651840989750,CN,CD,focal,Description4,RT,818.2999999970198
SS1651840989750,CN,CD,focal,Description5,RT,919.5999999940395
SS1651840989750,CN,CD,focal,Description4,RT,1501.2999999970198
SS1651840989750,CN,CD,focal,Description4,RT,2154.5
SS1651840989750,CN,CD,context,Description19,RT,1098.2999999970198
SS1651840989750,CN,CD,focal,Description0,RT,1004.7999999970198
SS1651840989750,CN,CD,context,Description2,RT,914
SS1651840989750,CN,CD,context,Description9,RT,865.5999999940395
SS1651842824466,CN,CD,focal,Description4,RT,14023.200000047684
SS1651842824466,CN,CD,focal,Description4,RT,9707.799999952316
SS1651842824466,CN,CD,focal,Description0,RT,10438
SS1651842824466,CN,CD,context,Description19,RT,10066.800000071526
SS1651842824466,CN,CD,context,Description1,RT,3247.100000023842
SS1651842824466,CN,CD,focal,Description6,RT,18411.600000023842
SS1651842824466,CN,CD,focal,Description6,RT,1868.6000000238419
SS1651842824466,CN,CD,focal,Description4,RT,9985.399999976158
SS1651842824466,CN,CD,context,Description2,RT,1617.9000000953674
SS1651842824466,CN,CD,context,Description2,RT,20952.700000047684
SS1651842824466,CN,CD,focal,Description5,RT,4854.700000047684
SS1651842824466,CN,CD,focal,Description0,RT,9974.200000047684
SS1651842824466,CN,CD,context,Description2,RT,3461.2999999523163
SS1651842824466,CN,CD,context,Description8,RT,28208
SS1651842824466,CN,CD,focal,Description0,RT,8696.100000023842
SS1651842824466,CN,CD,context,Description1,RT,2984.899999976158
SS1651842824466,CN,CD,context,Description8,RT,1588.1999999284744
SS1651842824466,CN,CD,focal,Description5,RT,6769.5
SS1651842824466,CN,CD,focal,Description6,RT,2406.5
SS1651842824466,CN,CD,context,Description9,RT,8675
SS1651842824466,CN,CD,focal,Description5,RT,7540.900000095367
SS1651842824466,CN,CD,context,Description1,RT,3531.600000023842
SS1651842824466,CN,CD,context,Description8,RT,2313.600000023842
SS1651842824466,CN,CD,focal,Description29,RT,6177.700000047684
SS1651844131204,CN,CD,focal,Description5,RT,3883.199999988079
SS1651844131204,CN,CD,context,Description3,RT,6250.300000011921
SS1651844131204,CN,CD,context,Description7,RT,36312.30000001192
SS1651844131204,CN,CD,context,Description1,RT,3738.5
SS1651844131204,CN,CD,focal,Description6,RT,6287.800000011921
SS1651844131204,CN,CD,focal,Description0,RT,19760.09999999404
SS1651844131204,CN,CD,focal,Description6,RT,7043.799999982119
SS1651844131204,CN,CD,focal,Description0,RT,15772.90000000596
SS1651844131204,CN,CD,context,Description2,RT,24851.5
SS1651844131204,CN,CD,context,Description1,RT,9646
SS1651844131204,CN,CD,context,Description2,RT,1885.4000000059605
SS1651844131204,CN,CD,context,Description19,RT,7179.700000017881
SS1651844131204,CN,CD,focal,Description6,RT,16296.90000000596
SS1651844131204,CN,CD,focal,Description5,RT,1952.699999988079
SS1651844131204,CN,CD,context,Description3,RT,14877.299999982119
SS1651844131204,CN,CD,context,Description7,RT,8968.799999982119
SS1651844131204,CN,CD,focal,Description4,RT,5155.699999988079
SS1651844131204,CN,CD,focal,Description29,RT,44602.59999999404
SS1651844131204,CN,CD,focal,Description0,RT,3694.9000000059605
SS1651844131204,CN,CD,focal,Description4,RT,4723.5
SS1651844131204,CN,CD,context,Description3,RT,3925.5999999940395
SS1651844131204,CN,CD,context,Description1,RT,9493
SS1651844131204,CN,CD,context,Description2,RT,10512
SS1651844131204,CN,CD,context,Description7,RT,26770.80000001192
SS1651844131204,CN,CD,context,Description9,RT,21788.40000000596
SS1651844131204,CN,CD,focal,Description4,RT,17029.69999998808
SS1651844131204,CN,CD,focal,Description5,RT,6770.0999999940395
SS1651845522237,CN,CD,focal,Description0,RT,9790.40000000596
SS1651845522237,CN,CD,context,Description1,RT,2747.1000000089407
SS1651845522237,CN,CD,context,Description7,RT,6039.0999999940395
SS1651845522237,CN,CD,context,Description7,RT,3494.4000000059605
SS1651845522237,CN,CD,context,Description19,RT,7918.0999999940395
SS1651845522237,CN,CD,focal,Description0,RT,5981.5999999940395
SS1651845522237,CN,CD,context,Description1,RT,5790.4000000059605
SS1651845522237,CN,CD,context,Description2,RT,5870.5
SS1651845522237,CN,CD,context,Description7,RT,22281.40000000596
SS1651845522237,CN,CD,focal,Description4,RT,8332.20000000298
SS1651845522237,CN,CD,context,Description2,RT,15888.29999999702
SS1651845522237,CN,CD,focal,Description6,RT,7950.29999999702
SS1651845522237,CN,CD,context,Description2,RT,5845.20000000298
SS1651845522237,CN,CD,focal,Description4,RT,11229.20000000298
SS1651845522237,CN,CD,context,Description8,RT,2427.6000000089407
SS1651845522237,CN,CD,focal,Description4,RT,6590.0999999940395
SS1651845522237,CN,CD,focal,Description6,RT,14521.60000000894
SS1651845522237,CN,CD,focal,Description5,RT,12019.60000000894
SS1651845522237,CN,CD,context,Description9,RT,13405.09999999404
SS1651845522237,CN,CD,focal,Description29,RT,2765.199999988079
SS1651845522237,CN,CD,context,Description8,RT,15209.20000000298
SS1651845522237,CN,CD,focal,Description5,RT,11876.09999999404
SS1651845522237,CN,CD,focal,Description6,RT,7315.300000011921
SS1651845522237,CN,CD,focal,Description5,RT,4648.0999999940395
SS1651845522237,CN,CD,context,Description8,RT,7387.399999991059
SS1651845522237,CN,CD,context,Description1,RT,4162.100000008941
SS1651845522237,CN,CD,focal,Description0,RT,4900.29999999702
SS1651845673245,CN,CD,focal,Description6,RT,17104
SS1651845673245,CN,CD,focal,Description0,RT,6376
SS1651845673245,CN,CD,focal,Description4,RT,9446
SS1651845673245,CN,CD,context,Description1,RT,6139
SS1651845673245,CN,CD,focal,Description4,RT,9758
SS1651845673245,CN,CD,focal,Description5,RT,8817
SS1651845673245,CN,CD,context,Description7,RT,6562
SS1651845673245,CN,CD,context,Description2,RT,10024
SS1651845673245,CN,CD,focal,Description5,RT,5736
SS1651845673245,CN,CD,context,Description9,RT,16795
SS1651845673245,CN,CD,focal,Description4,RT,10854
SS1651845673245,CN,CD,context,Description3,RT,4976
SS1651845673245,CN,CD,focal,Description29,RT,24726
SS1651845673245,CN,CD,context,Description7,RT,6268
SS1651845673245,CN,CD,focal,Description0,RT,4981
SS1651845673245,CN,CD,context,Description7,RT,38596
SS1651845673245,CN,CD,context,Description1,RT,16932
SS1651845673245,CN,CD,focal,Description6,RT,7657
SS1651845673245,CN,CD,context,Description2,RT,7128
SS1651845673245,CN,CD,focal,Description0,RT,8913
SS1651845673245,CN,CD,context,Description2,RT,3682
SS1651845673245,CN,CD,context,Description3,RT,5477
SS1651845673245,CN,CD,focal,Description6,RT,14688
SS1651845673245,CN,CD,context,Description1,RT,7034
SS1651845673245,CN,CD,context,Description3,RT,4602
SS1651845673245,CN,CD,context,Description19,RT,4955
SS1651845673245,CN,CD,focal,Description5,RT,9332
SS1651847391324,CN,CD,focal,Description6,RT,4921.800000190735
SS1651847391324,CN,CD,focal,Description6,RT,26621
SS1651847391324,CN,CD,focal,Description4,RT,5149
SS1651847391324,CN,CD,focal,Description6,RT,27145.400000095367
SS1651847391324,CN,CD,focal,Description29,RT,2485.2999999523163
SS1651847391324,CN,CD,context,Description8,RT,3454.100000143051
SS1651847391324,CN,CD,context,Description1,RT,6208.900000095367
SS1651847391324,CN,CD,context,Description3,RT,59644.299999952316
SS1651847391324,CN,CD,context,Description1,RT,32727.799999952316
SS1651847391324,CN,CD,context,Description3,RT,8248
SS1651847391324,CN,CD,focal,Description5,RT,27031.599999904633
SS1651847391324,CN,CD,focal,Description4,RT,6293.299999952316
SS1651847391324,CN,CD,context,Description7,RT,51951.09999990463
SS1651847391324,CN,CD,context,Description7,RT,12982.400000095367
SS1651847391324,CN,CD,context,Description3,RT,2826
SS1651847391324,CN,CD,context,Description1,RT,9765.100000143051
SS1651847391324,CN,CD,context,Description8,RT,null
SS1651847391324,CN,CD,context,Description7,RT,3242.9000000953674
SS1651847391324,CN,CD,context,Description19,RT,6627.300000190735
SS1651847391324,CN,CD,context,Description8,RT,40958.300000190735
SS1651847391324,CN,CD,focal,Description4,RT,9631.700000047684
SS1651847391324,CN,CD,focal,Description5,RT,16411.299999952316
SS1651847391324,CN,CD,focal,Description5,RT,49614.200000047684
SS1651849043017,CN,CD,focal,Description0,RT,19846.59999999404
SS1651849043017,CN,CD,context,Description2,RT,28298.19999998808
SS1651849043017,CN,CD,context,Description7,RT,56658.79999998212
SS1651849043017,CN,CD,context,Description1,RT,6962.9000000059605
SS1651849043017,CN,CD,context,Description1,RT,19325.5
SS1651849043017,CN,CD,focal,Description5,RT,22739.90000000596
SS1651849043017,CN,CD,focal,Description4,RT,22896
SS1651849043017,CN,CD,focal,Description29,RT,22194
SS1651849043017,CN,CD,focal,Description6,RT,22459.80000001192
SS1651849043017,CN,CD,context,Description7,RT,11549
SS1651849043017,CN,CD,context,Description7,RT,8648.200000017881
SS1651849043017,CN,CD,focal,Description0,RT,21247.29999998212
SS1651849043017,CN,CD,focal,Description6,RT,19488.30000001192
SS1651849043017,CN,CD,context,Description3,RT,11813.300000011921
SS1651849043017,CN,CD,context,Description3,RT,8721.40000000596
SS1651849043017,CN,CD,context,Description2,RT,9160.59999999404
SS1651849043017,CN,CD,focal,Description4,RT,14129.5
SS1651849043017,CN,CD,context,Description2,RT,8829.09999999404
SS1651849043017,CN,CD,context,Description9,RT,8104.300000011921
SS1651849043017,CN,CD,context,Description1,RT,10848.799999982119
SS1651849043017,CN,CD,focal,Description5,RT,5755.4000000059605
SS1651849043017,CN,CD,focal,Description6,RT,53808.30000001192
SS1651849043017,CN,CD,focal,Description4,RT,10999
SS1651849043017,CN,CD,focal,Description0,RT,27428.90000000596
SS1651849043017,CN,CD,focal,Description5,RT,5040.699999988079
SS1651849043017,CN,CD,context,Description3,RT,6368.799999982119
SS1651849043017,CN,CD,context,Description19,RT,9786
SS1651849550334,CN,CD,focal,Description5,RT,10967.200000047684
SS1651849550334,CN,CD,focal,Description6,RT,33347.09999990463
SS1651849550334,CN,CD,focal,Description4,RT,16573.299999952316
SS1651849550334,CN,CD,context,Description2,RT,13815.200000047684
SS1651849550334,CN,CD,focal,Description4,RT,10266.400000095367
SS1651849550334,CN,CD,focal,Description29,RT,5437.700000047684
SS1651849550334,CN,CD,context,Description1,RT,5065.399999856949
SS1651849550334,CN,CD,context,Description7,RT,7154
SS1651849550334,CN,CD,focal,Description0,RT,4390.399999856949
SS1651849550334,CN,CD,focal,Description4,RT,7679.299999952316
SS1651849550334,CN,CD,context,Description9,RT,58657.799999952316
SS1651849550334,CN,CD,focal,Description5,RT,6373.299999952316
SS1651849550334,CN,CD,context,Description2,RT,5317.900000095367
SS1651849550334,CN,CD,context,Description3,RT,9812.099999904633
SS1651849550334,CN,CD,context,Description8,RT,3502.7999999523163
SS1651849550334,CN,CD,focal,Description6,RT,3541.5
SS1651849550334,CN,CD,focal,Description5,RT,10192.699999809265
SS1651849550334,CN,CD,focal,Description0,RT,54353
SS1651849550334,CN,CD,focal,Description0,RT,3291.7999999523163
SS1651849550334,CN,CD,context,Description2,RT,10490.200000047684
SS1651849550334,CN,CD,context,Description7,RT,null
SS1651849550334,CN,CD,context,Description3,RT,48631.39999985695
SS1651849550334,CN,CD,context,Description3,RT,4448.700000047684
SS1651849550334,CN,CD,context,Description8,RT,19728.200000047684
SS1651849550334,CN,CD,context,Description7,RT,11020.799999952316
SS1651849550334,CN,CD,focal,Description6,RT,9986.799999952316
SS1651849550334,CN,CD,context,Description19,RT,6865.200000047684
SS1651849550334,CN,CD,context,Description1,RT,4480.400000095367
SS1651849550334,CN,CD,context,Description1,RT,8124.099999904633
SS1651849550334,CN,CD,context,Description8,RT,9634.300000190735
SS1651890985414,CN,CD,context,Description19,RT,3559.899999976158
SS1651890985414,CN,CD,context,Description3,RT,3357.8000000715256
SS1651890985414,CN,CD,focal,Description29,RT,1639.9000000953674
SS1651890985414,CN,CD,focal,Description6,RT,7288.399999976158
SS1651890985414,CN,CD,focal,Description5,RT,3523
SS1651890985414,CN,CD,focal,Description6,RT,6149.299999952316
SS1651890985414,CN,CD,context,Description2,RT,9543.100000023842
SS1651890985414,CN,CD,focal,Description4,RT,10676.600000023842
SS1651890985414,CN,CD,context,Description7,RT,6431.600000023842
SS1651890985414,CN,CD,focal,Description6,RT,16745.100000023842
SS1651890985414,CN,CD,context,Description7,RT,1883.6999999284744
SS1651890985414,CN,CD,focal,Description5,RT,2938.5
SS1651890985414,CN,CD,context,Description2,RT,9571
SS1651890985414,CN,CD,context,Description3,RT,2201.5999999046326
SS1651890985414,CN,CD,focal,Description4,RT,5923.200000047684
SS1651890985414,CN,CD,focal,Description4,RT,7009.699999928474
SS1651890985414,CN,CD,context,Description7,RT,5945.899999976158
SS1651890985414,CN,CD,context,Description3,RT,2292.5
SS1651890985414,CN,CD,context,Description9,RT,5984.299999952316
SS1651890985414,CN,CD,focal,Description5,RT,5030.799999952316
SS1651890985414,CN,CD,context,Description2,RT,2073.600000023842
SS1651891187280,CN,CD,focal,Description0,RT,33525.5
SS1651891187280,CN,CD,context,Description2,RT,6805.5
SS1651891187280,CN,CD,context,Description1,RT,5622.699999809265
SS1651891187280,CN,CD,focal,Description0,RT,7297.299999952316
SS1651891187280,CN,CD,focal,Description0,RT,5815.900000095367
SS1651891187280,CN,CD,context,Description7,RT,6458
SS1651891187280,CN,CD,focal,Description4,RT,16071.799999952316
SS1651891187280,CN,CD,focal,Description4,RT,13263.299999952316
SS1651891187280,CN,CD,context,Description1,RT,3337.5
SS1651891187280,CN,CD,context,Description7,RT,16290.200000047684
SS1651891187280,CN,CD,focal,Description29,RT,10323.600000143051
SS1651891187280,CN,CD,focal,Description4,RT,3979.0999999046326
SS1651891187280,CN,CD,context,Description2,RT,8290.599999904633
SS1651891187280,CN,CD,context,Description2,RT,5206.900000095367
SS1651891187280,CN,CD,context,Description1,RT,4014
SS1651891187280,CN,CD,context,Description19,RT,6583.800000190735
SS1651891187280,CN,CD,context,Description7,RT,2109.2000000476837
SS1651897042062,CN,CD,focal,Description5,RT,15270
SS1651897042062,CN,CD,focal,Description4,RT,7725.699999988079
SS1651897042062,CN,CD,focal,Description4,RT,9547.5
SS1651897042062,CN,CD,focal,Description29,RT,6060.5999999940395
SS1651897042062,CN,CD,context,Description1,RT,12918.70000000298
SS1651897042062,CN,CD,context,Description3,RT,5339.5999999940395
SS1651897042062,CN,CD,context,Description2,RT,12327.79999999702
SS1651897042062,CN,CD,context,Description2,RT,11465.79999999702
SS1651897042062,CN,CD,context,Description1,RT,10668
SS1651897042062,CN,CD,context,Description19,RT,15697.70000000298
SS1651897042062,CN,CD,focal,Description6,RT,6620.4000000059605
SS1651897042062,CN,CD,focal,Description6,RT,20652.40000000596
SS1651897042062,CN,CD,focal,Description5,RT,9147.60000000894
SS1651897042062,CN,CD,context,Description9,RT,14515.20000000298
SS1651897042062,CN,CD,focal,Description0,RT,10711.60000000894
SS1651897042062,CN,CD,context,Description7,RT,12908.39999999106
SS1651897042062,CN,CD,context,Description7,RT,13302.90000000596
SS1651897042062,CN,CD,context,Description7,RT,null
SS1651897042062,CN,CD,focal,Description5,RT,10682.39999999106
SS1651897042062,CN,CD,context,Description3,RT,7392.9000000059605
SS1651897042062,CN,CD,context,Description2,RT,25227.90000000596
SS1651897042062,CN,CD,focal,Description6,RT,30511.5
SS1651897042062,CN,CD,context,Description1,RT,5551.899999991059
SS1651897042062,CN,CD,focal,Description4,RT,8347.79999999702
SS1651897042062,CN,CD,focal,Description0,RT,13470.20000000298
SS1651897042062,CN,CD,focal,Description0,RT,13402.20000000298
SS1651897042062,CN,CD,context,Description3,RT,10707.29999999702
SS1651901964830,CN,CD,context,Description2,RT,33046.300000000745
SS1651901964830,CN,CD,context,Description1,RT,25203.300000000745
SS1651901964830,CN,CD,focal,Description4,RT,20174.39999999851
SS1651901964830,CN,CD,context,Description1,RT,16611.70000000298
SS1651901964830,CN,CD,context,Description3,RT,16966.800000000745
SS1651901964830,CN,CD,focal,Description5,RT,23072.5
SS1651901964830,CN,CD,focal,Description6,RT,8048.29999999702
SS1651901964830,CN,CD,focal,Description4,RT,9684.79999999702
SS1651901964830,CN,CD,context,Description3,RT,4759.39999999851
SS1651901964830,CN,CD,focal,Description6,RT,6527.599999997765
SS1651901964830,CN,CD,context,Description2,RT,5869.800000000745
SS1651901964830,CN,CD,focal,Description6,RT,32125.60000000149
SS1651901964830,CN,CD,context,Description3,RT,21886.89999999851
SS1651901964830,CN,CD,focal,Description0,RT,25367.800000000745
SS1651901964830,CN,CD,focal,Description4,RT,33199.70000000298
SS1651901964830,CN,CD,context,Description2,RT,8429.699999999255
SS1651901964830,CN,CD,focal,Description29,RT,2539.300000000745
SS1651901964830,CN,CD,focal,Description5,RT,12019.79999999702
SS1651901964830,CN,CD,focal,Description0,RT,15039.199999999255
SS1651901964830,CN,CD,focal,Description5,RT,9418.89999999851
SS1651901964830,CN,CD,context,Description9,RT,31812.599999997765
SS1651901964830,CN,CD,context,Description19,RT,31717.5
SS1651901964830,CN,CD,focal,Description0,RT,44271.5
SS1651901964830,CN,CD,context,Description1,RT,19398.099999997765
SS1651905218784,CN,CD,context,Description7,RT,null
SS1651905218784,CN,CD,context,Description1,RT,13503.480000072159
SS1651905218784,CN,CD,focal,Description0,RT,9816.220000036992
SS1651905218784,CN,CD,context,Description2,RT,4245.615000021644
SS1651905218784,CN,CD,context,Description1,RT,2319.054999970831
SS1651905218784,CN,CD,context,Description3,RT,3584.6700000111014
SS1651905218784,CN,CD,focal,Description0,RT,5256.850000005215
SS1651905218784,CN,CD,focal,Description4,RT,10209.715000004508
SS1651905218784,CN,CD,context,Description2,RT,11483.849999960512
SS1651905218784,CN,CD,focal,Description29,RT,1835.480000008829
SS1651905218784,CN,CD,context,Description19,RT,9650.81999998074
SS1651905218784,CN,CD,context,Description1,RT,5814.190000062808
SS1651905218784,CN,CD,focal,Description4,RT,18767.38000009209
SS1651905218784,CN,CD,context,Description8,RT,2963.4199999272823
SS1651905218784,CN,CD,context,Description3,RT,6466.215000022203
SS1651905218784,CN,CD,context,Description8,RT,2308.6249999469146
SS1651905218784,CN,CD,focal,Description5,RT,7711.709999945015
SS1651905218784,CN,CD,context,Description3,RT,5091.435000067577
SS1651905218784,CN,CD,focal,Description6,RT,7449.254999984987
SS1651905218784,CN,CD,context,Description7,RT,30706.34999999311
SS1651905218784,CN,CD,focal,Description5,RT,18335.265000001527
SS1651905218784,CN,CD,context,Description9,RT,19771.970000001602
SS1651905218784,CN,CD,focal,Description5,RT,5229.255000012927
SS1651905218784,CN,CD,focal,Description6,RT,4658.934999955818
SS1651905218784,CN,CD,focal,Description4,RT,11340.730000054464
SS1651905218784,CN,CD,context,Description2,RT,2903.0900000361726
SS1651905218784,CN,CD,focal,Description6,RT,5622.91500007268
SS1651905218784,CN,CD,focal,Description0,RT,5697.135000023991
SS1651905218784,CN,CD,context,Description8,RT,12466.99499990791
SS1651905218784,CN,CD,context,Description7,RT,8435.69000007119
SS1651906129454,CN,CD,context,Description1,RT,6972.390000009909
SS1651906129454,CN,CD,context,Description9,RT,14441.974999965169
SS1651906129454,CN,CD,focal,Description5,RT,12363.559999968857
SS1651906129454,CN,CD,focal,Description6,RT,16678.184999967925
SS1651906129454,CN,CD,context,Description3,RT,12485.970000037923
SS1651906129454,CN,CD,focal,Description6,RT,7189.784999936819
SS1651906129454,CN,CD,context,Description1,RT,4161.910000024363
SS1651906129454,CN,CD,context,Description3,RT,2418.2000000728294
SS1651906129454,CN,CD,context,Description19,RT,18193.809999967925
SS1651906129454,CN,CD,focal,Description6,RT,26514.30999999866
SS1651906129454,CN,CD,context,Description2,RT,5376.000000047497
SS1651906129454,CN,CD,context,Description3,RT,3404.495000024326
SS1651906129454,CN,CD,focal,Description4,RT,13891.72499999404
SS1651906129454,CN,CD,focal,Description29,RT,1991.2400000030175
SS1651906129454,CN,CD,focal,Description5,RT,11984.195000026375
SS1651906129454,CN,CD,context,Description7,RT,11582.53000001423
SS1651906129454,CN,CD,context,Description8,RT,14044.434999930672
SS1651906129454,CN,CD,context,Description7,RT,10554.374999948777
SS1651906129454,CN,CD,focal,Description0,RT,4726.454999996349
SS1651906129454,CN,CD,context,Description7,RT,13796.029999968596
SS1651906129454,CN,CD,context,Description2,RT,26785.61499994248
SS1651906129454,CN,CD,context,Description8,RT,6313.679999904707
SS1651906129454,CN,CD,focal,Description0,RT,2385.57500008028
SS1651906129454,CN,CD,focal,Description5,RT,13879.589999909513
SS1651906129454,CN,CD,focal,Description4,RT,2522.0350000308827
SS1651906129454,CN,CD,focal,Description4,RT,15724.184999940917
SS1651906129454,CN,CD,context,Description1,RT,4684.654999990016
SS1651906129454,CN,CD,context,Description8,RT,33016.195000032894
SS1651906129454,CN,CD,focal,Description0,RT,40928.32499998622
SS1651906129454,CN,CD,context,Description2,RT,13632.77000002563
SS1651906591158,CN,CD,context,Description1,RT,7333
SS1651906591158,CN,CD,focal,Description0,RT,8243
SS1651906591158,CN,CD,focal,Description5,RT,5754
SS1651906591158,CN,CD,context,Description1,RT,9133
SS1651906591158,CN,CD,focal,Description4,RT,13772
SS1651906591158,CN,CD,focal,Description29,RT,2592
SS1651906591158,CN,CD,context,Description2,RT,9421
SS1651906591158,CN,CD,context,Description1,RT,5400
SS1651906591158,CN,CD,context,Description9,RT,14257
SS1651906591158,CN,CD,context,Description3,RT,2315
SS1651906591158,CN,CD,context,Description19,RT,5707
SS1651906591158,CN,CD,focal,Description0,RT,4323
SS1651906591158,CN,CD,focal,Description5,RT,4967
SS1651906591158,CN,CD,context,Description3,RT,3859
SS1651906591158,CN,CD,focal,Description4,RT,5169
SS1651906591158,CN,CD,focal,Description5,RT,10487
SS1651906591158,CN,CD,context,Description2,RT,4950
SS1651906591158,CN,CD,context,Description3,RT,3169
SS1651906591158,CN,CD,focal,Description0,RT,3506
SS1651906591158,CN,CD,context,Description2,RT,6225
SS1651906591158,CN,CD,focal,Description4,RT,16255
SS1651906687128,CN,CD,context,Description8,RT,2937.4600000155624
SS1651906687128,CN,CD,focal,Description0,RT,43706.709999998566
SS1651906687128,CN,CD,focal,Description4,RT,6829.150000005029
SS1651906687128,CN,CD,focal,Description6,RT,18036.944999999832
SS1651906687128,CN,CD,context,Description3,RT,10818.109999992885
SS1651906687128,CN,CD,context,Description3,RT,16366.399999998976
SS1651906687128,CN,CD,context,Description19,RT,7678.42500002007
SS1651906687128,CN,CD,context,Description3,RT,11559.124999999767
SS1651906687128,CN,CD,focal,Description5,RT,9430.839999986347
SS1651906687128,CN,CD,focal,Description0,RT,7466.0299999814015
SS1651906687128,CN,CD,context,Description7,RT,8876.680000015767
SS1651906687128,CN,CD,focal,Description4,RT,16947.06999999471
SS1651906687128,CN,CD,context,Description9,RT,19272.215000004508
SS1651906687128,CN,CD,focal,Description29,RT,6848.31000000122
SS1651906687128,CN,CD,context,Description7,RT,4133.460000011837
SS1651906687128,CN,CD,context,Description7,RT,21362.659999984317
SS1651906687128,CN,CD,focal,Description5,RT,16743.235000001732
SS1651906687128,CN,CD,focal,Description4,RT,7441.755000007106
SS1651906687128,CN,CD,context,Description2,RT,10242.119999980787
SS1651906687128,CN,CD,context,Description2,RT,12777.63500000583
SS1651906687128,CN,CD,context,Description2,RT,null
SS1651906687128,CN,CD,focal,Description6,RT,11431.520000012824
SS1651906687128,CN,CD,context,Description8,RT,20607.660000008764
SS1651906687128,CN,CD,context,Description8,RT,5869.6449999988545
SS1651906687128,CN,CD,focal,Description0,RT,8716.634999989765
SS1651906687128,CN,CD,focal,Description6,RT,18018.04500000435
SS1651906687128,CN,CD,focal,Description5,RT,5523.415000003297
SS1651907106845,CN,CD,context,Description3,RT,10672
SS1651907106845,CN,CD,focal,Description0,RT,41366.699999809265
SS1651907106845,CN,CD,focal,Description5,RT,5968.100000143051
SS1651907106845,CN,CD,context,Description1,RT,8224.700000047684
SS1651907106845,CN,CD,context,Description3,RT,11679.5
SS1651907106845,CN,CD,focal,Description29,RT,3142.5999999046326
SS1651907106845,CN,CD,focal,Description4,RT,5663.199999809265
SS1651907106845,CN,CD,context,Description7,RT,44799.39999985695
SS1651907106845,CN,CD,focal,Description5,RT,11304.700000047684
SS1651907106845,CN,CD,context,Description2,RT,10555.900000095367
SS1651907106845,CN,CD,context,Description1,RT,8001.799999952316
SS1651907106845,CN,CD,context,Description3,RT,8545
SS1651907106845,CN,CD,focal,Description4,RT,19881.599999904633
SS1651907106845,CN,CD,context,Description1,RT,8883
SS1651907106845,CN,CD,focal,Description0,RT,2906.5999999046326
SS1651907106845,CN,CD,context,Description7,RT,8680.599999904633
SS1651907106845,CN,CD,focal,Description5,RT,9556.799999952316
SS1651907106845,CN,CD,focal,Description4,RT,5395.100000143051
SS1651907106845,CN,CD,context,Description19,RT,8112
SS1651907106845,CN,CD,focal,Description0,RT,12803.200000047684
SS1651907106845,CN,CD,context,Description2,RT,13410.300000190735
SS1651907106845,CN,CD,context,Description9,RT,26636.5
SS1651907106845,CN,CD,context,Description2,RT,15307.400000095367
SS1651907106845,CN,CD,context,Description7,RT,4948.299999952316
SS1651910974793,CN,CD,focal,Description4,RT,19412.799999952316
SS1651910974793,CN,CD,context,Description19,RT,19630.199999928474
SS1651910974793,CN,CD,context,Description2,RT,13371
SS1651910974793,CN,CD,context,Description8,RT,28965.400000095367
SS1651910974793,CN,CD,focal,Description0,RT,8764.200000047684
SS1651910974793,CN,CD,context,Description3,RT,16869.5
SS1651910974793,CN,CD,focal,Description6,RT,4446.100000023842
SS1651910974793,CN,CD,focal,Description0,RT,32239.899999976158
SS1651910974793,CN,CD,context,Description2,RT,30047.200000047684
SS1651910974793,CN,CD,focal,Description5,RT,12328.299999952316
SS1651910974793,CN,CD,focal,Description4,RT,17516.100000023842
SS1651910974793,CN,CD,context,Description1,RT,6386.5
SS1651910974793,CN,CD,context,Description8,RT,2983.0999999046326
SS1651910974793,CN,CD,context,Description3,RT,7244.399999976158
SS1651910974793,CN,CD,focal,Description5,RT,14734.299999952316
SS1651910974793,CN,CD,context,Description7,RT,10106
SS1651910974793,CN,CD,context,Description3,RT,12132.599999904633
SS1651910974793,CN,CD,focal,Description0,RT,6804.100000023842
SS1651910974793,CN,CD,context,Description1,RT,12245.800000071526
SS1651910974793,CN,CD,focal,Description6,RT,7061.299999952316
SS1651910974793,CN,CD,context,Description9,RT,14072.699999928474
SS1651910974793,CN,CD,context,Description7,RT,6188
SS1651910974793,CN,CD,context,Description1,RT,12226.699999928474
SS1651910974793,CN,CD,focal,Description6,RT,7189.200000047684
SS1651910974793,CN,CD,context,Description8,RT,1928.5
SS1651910974793,CN,CD,context,Description2,RT,12991
SS1651910974793,CN,CD,focal,Description5,RT,5736.5
SS1651910974793,CN,CD,focal,Description4,RT,18690.800000071526
SS1651910974793,CN,CD,context,Description7,RT,57078
SS1651910974793,CN,CD,focal,Description29,RT,5722.700000047684
SS1651912088419,CN,CD,focal,Description6,RT,16395
SS1651912088419,CN,CD,context,Description8,RT,4528
SS1651912088419,CN,CD,focal,Description6,RT,12975
SS1651912088419,CN,CD,context,Description8,RT,6261
SS1651912088419,CN,CD,context,Description1,RT,7598
SS1651912088419,CN,CD,focal,Description4,RT,3723
SS1651912088419,CN,CD,context,Description7,RT,4304
SS1651912088419,CN,CD,focal,Description6,RT,7896
SS1651912088419,CN,CD,focal,Description5,RT,8388
SS1651912088419,CN,CD,context,Description1,RT,8168
SS1651912088419,CN,CD,context,Description2,RT,8487
SS1651912088419,CN,CD,focal,Description0,RT,9284
SS1651912088419,CN,CD,focal,Description5,RT,15918
SS1651912088419,CN,CD,context,Description2,RT,4834
SS1651912088419,CN,CD,context,Description2,RT,7421
SS1651912088419,CN,CD,focal,Description5,RT,3111
SS1651912088419,CN,CD,focal,Description4,RT,11519
SS1651912088419,CN,CD,context,Description7,RT,21739
SS1651912088419,CN,CD,context,Description1,RT,5862
SS1651912088419,CN,CD,focal,Description4,RT,3793
SS1651912088419,CN,CD,context,Description19,RT,7703
SS1651912088419,CN,CD,context,Description3,RT,3525
SS1651912088419,CN,CD,focal,Description0,RT,9242
SS1651912088419,CN,CD,context,Description3,RT,12942
SS1651912088419,CN,CD,context,Description3,RT,5796
SS1651912088419,CN,CD,context,Description8,RT,3278
SS1651912088419,CN,CD,context,Description7,RT,3639
SS1651912088419,CN,CD,focal,Description29,RT,4045
SS1651912088419,CN,CD,focal,Description0,RT,7682
SS1651912088419,CN,CD,context,Description9,RT,8332
SS1651915236922,CN,CD,focal,Description0,RT,2760.3249999228865
SS1651915236922,CN,CD,focal,Description29,RT,2527.845000033267
SS1651915236922,CN,CD,context,Description3,RT,2950.2749999519438
SS1651915236922,CN,CD,focal,Description0,RT,3202.015000046231
SS1651915236922,CN,CD,context,Description7,RT,1845.8100000862032
SS1651915236922,CN,CD,context,Description8,RT,2811.195000074804
SS1651915236922,CN,CD,context,Description9,RT,4177.369999932125
SS1651915236922,CN,CD,context,Description3,RT,3057.5849999440834
SS1651915236922,CN,CD,context,Description2,RT,5735.859999898821
SS1651915236922,CN,CD,focal,Description5,RT,1764.8899999912828
SS1651915236922,CN,CD,context,Description7,RT,2178.2000000821427
SS1651915236922,CN,CD,focal,Description5,RT,4275.339999934658
SS1651915236922,CN,CD,focal,Description6,RT,5447.814999963157
SS1651915236922,CN,CD,focal,Description4,RT,3517.1949999639764
SS1651915236922,CN,CD,context,Description8,RT,7233.549999888055
SS1651915236922,CN,CD,focal,Description6,RT,null
SS1651915236922,CN,CD,context,Description2,RT,3156.760000041686
SS1651915236922,CN,CD,focal,Description6,RT,3283.625000040047
SS1651915236922,CN,CD,context,Description1,RT,3652.500000083819
SS1651915236922,CN,CD,context,Description1,RT,2375.2650000387803
SS1651915236922,CN,CD,focal,Description5,RT,4702.525000087917
SS1651915236922,CN,CD,focal,Description4,RT,2449.064999935217
SS1651915236922,CN,CD,context,Description2,RT,2324.819999979809
SS1651915236922,CN,CD,context,Description3,RT,10672.855000011623
SS1651915236922,CN,CD,context,Description7,RT,4604.41999998875
SS1651915236922,CN,CD,focal,Description4,RT,5760.7500000158325
SS1651915236922,CN,CD,context,Description8,RT,2162.2450000140816
SS1651915236922,CN,CD,focal,Description0,RT,5288.074999931268
SS1651915236922,CN,CD,context,Description19,RT,13336.394999991171
SS1651915236922,CN,CD,context,Description1,RT,2050.74999993667
SS1651918483229,CN,CD,context,Description8,RT,24923.100000000093
SS1651918483229,CN,CD,focal,Description29,RT,10503.299999999814
SS1651918483229,CN,CD,context,Description2,RT,8453.399999999907
SS1651918483229,CN,CD,context,Description19,RT,4303.800000000279
SS1651918483229,CN,CD,context,Description9,RT,9628.899999999907
SS1651918483229,CN,CD,context,Description2,RT,4731.700000000186
SS1651918483229,CN,CD,context,Description1,RT,9165.200000000186
SS1651918483229,CN,CD,context,Description7,RT,4093.7000000001863
SS1651918483229,CN,CD,context,Description8,RT,10273
SS1651918483229,CN,CD,context,Description2,RT,10454.900000000373
SS1651918483229,CN,CD,context,Description1,RT,4533.0999999996275
SS1651918483229,CN,CD,context,Description7,RT,3956.899999999907
SS1651918483229,CN,CD,context,Description8,RT,3521.399999999907
SS1651918483229,CN,CD,context,Description1,RT,8348.5
SS1651918483229,CN,CD,context,Description7,RT,16818.30000000028
SS1651919285907,CN,CD,focal,Description6,RT,5403.699999928474
SS1651919285907,CN,CD,focal,Description6,RT,5521.600000023842
SS1651919285907,CN,CD,context,Description3,RT,6231.5
SS1651919285907,CN,CD,context,Description19,RT,9455.300000071526
SS1651919285907,CN,CD,context,Description2,RT,7183.700000047684
SS1651919285907,CN,CD,focal,Description0,RT,12507
SS1651919285907,CN,CD,focal,Description5,RT,7950.300000071526
SS1651919285907,CN,CD,focal,Description4,RT,9958.699999928474
SS1651919285907,CN,CD,focal,Description5,RT,11713.100000023842
SS1651919285907,CN,CD,context,Description3,RT,7066.5
SS1651919285907,CN,CD,context,Description1,RT,8344.800000071526
SS1651919285907,CN,CD,focal,Description5,RT,7999.399999976158
SS1651919285907,CN,CD,context,Description8,RT,8219.299999952316
SS1651919285907,CN,CD,context,Description8,RT,3777.600000023842
SS1651919285907,CN,CD,focal,Description4,RT,23998.5
SS1651919285907,CN,CD,focal,Description6,RT,15882.699999928474
SS1651919285907,CN,CD,focal,Description4,RT,5619.399999976158
SS1651919285907,CN,CD,context,Description7,RT,10366.299999952316
SS1651919285907,CN,CD,context,Description7,RT,5998.900000095367
SS1651919285907,CN,CD,context,Description9,RT,20109.199999928474
SS1651919285907,CN,CD,context,Description7,RT,27487.399999976158
SS1651919285907,CN,CD,context,Description8,RT,5750.5
SS1651919285907,CN,CD,focal,Description0,RT,5349.5
SS1651919285907,CN,CD,context,Description3,RT,21714.5
SS1651919285907,CN,CD,context,Description1,RT,9832.100000023842
SS1651919285907,CN,CD,context,Description2,RT,11933.799999952316
SS1651919285907,CN,CD,focal,Description29,RT,6255
SS1651919285907,CN,CD,focal,Description0,RT,7274.799999952316
SS1651919285907,CN,CD,context,Description1,RT,7053.100000023842
SS1651919285907,CN,CD,context,Description2,RT,11746.799999952316
SS1651921503296,CN,CD,context,Description1,RT,4579.89999999851
SS1651921503296,CN,CD,context,Description8,RT,3743.5
SS1651921503296,CN,CD,focal,Description0,RT,10129.5
SS1651921503296,CN,CD,context,Description3,RT,2356.39999999851
SS1651921503296,CN,CD,context,Description8,RT,7659.39999999851
SS1651921503296,CN,CD,focal,Description29,RT,3188.10000000149
SS1651921503296,CN,CD,context,Description8,RT,3408.89999999851
SS1651921503296,CN,CD,focal,Description5,RT,7731.60000000149
SS1651921503296,CN,CD,context,Description2,RT,3596.39999999851
SS1651921503296,CN,CD,context,Description2,RT,2784.7999999970198
SS1651921503296,CN,CD,context,Description19,RT,5883.69999999553
SS1651921503296,CN,CD,focal,Description4,RT,16344.29999999702
SS1651921503296,CN,CD,context,Description1,RT,14674.19999999553
SS1651921503296,CN,CD,focal,Description0,RT,3907.7999999970198
SS1651921503296,CN,CD,focal,Description6,RT,7545.89999999851
SS1651921503296,CN,CD,context,Description3,RT,1818.7999999970198
SS1651921503296,CN,CD,context,Description9,RT,6235.5
SS1651921503296,CN,CD,focal,Description6,RT,8358.39999999851
SS1651921503296,CN,CD,context,Description7,RT,1558
SS1651921503296,CN,CD,context,Description3,RT,11514.60000000149
SS1651921503296,CN,CD,context,Description7,RT,1746.5
SS1651921503296,CN,CD,context,Description7,RT,2788.60000000149
SS1651921503296,CN,CD,focal,Description0,RT,8050.19999999553
SS1651921503296,CN,CD,context,Description2,RT,5197
SS1651921503296,CN,CD,focal,Description5,RT,4857.60000000149
SS1651921503296,CN,CD,focal,Description4,RT,3515.2999999970198
SS1651921503296,CN,CD,focal,Description5,RT,3429.9000000059605
SS1651921503296,CN,CD,focal,Description4,RT,10352.70000000298
SS1651921503296,CN,CD,context,Description1,RT,2620.10000000149
SS1651921503296,CN,CD,focal,Description6,RT,8099.30000000447
SS1651922816094,CN,CD,focal,Description0,RT,5570.19999999553
SS1651922816094,CN,CD,context,Description3,RT,3106.10000000149
SS1651922816094,CN,CD,context,Description2,RT,11346.5
SS1651922816094,CN,CD,focal,Description6,RT,15113.20000000298
SS1651922816094,CN,CD,context,Description8,RT,6512.89999999851
SS1651922816094,CN,CD,context,Description1,RT,5764.89999999851
SS1651922816094,CN,CD,context,Description9,RT,20923.20000000298
SS1651922816094,CN,CD,focal,Description4,RT,4382.10000000149
SS1651922816094,CN,CD,focal,Description6,RT,5783.10000000149
SS1651922816094,CN,CD,focal,Description6,RT,7974.69999999553
SS1651922816094,CN,CD,focal,Description5,RT,10920.90000000596
SS1651922816094,CN,CD,focal,Description4,RT,7360.10000000149
SS1651922816094,CN,CD,context,Description3,RT,8741.39999999851
SS1651922816094,CN,CD,context,Description8,RT,4710.5
SS1651922816094,CN,CD,context,Description1,RT,7021.10000000149
SS1651922816094,CN,CD,context,Description19,RT,4905.79999999702
SS1651922816094,CN,CD,context,Description7,RT,5834.10000000149
SS1651922816094,CN,CD,focal,Description29,RT,6259
SS1651922816094,CN,CD,focal,Description4,RT,21155.70000000298
SS1651922816094,CN,CD,focal,Description0,RT,17195.29999999702
SS1651922816094,CN,CD,focal,Description5,RT,6899.10000000149
SS1651922816094,CN,CD,focal,Description5,RT,15158.60000000149
SS1651922816094,CN,CD,context,Description8,RT,47079.19999999553
SS1651922816094,CN,CD,context,Description7,RT,3357.2999999970198
SS1651922816094,CN,CD,context,Description2,RT,7614.60000000149
SS1651922816094,CN,CD,context,Description3,RT,8470.29999999702
SS1651922816094,CN,CD,focal,Description0,RT,6249.89999999851
SS1651922816094,CN,CD,context,Description2,RT,6089.5
SS1651922816094,CN,CD,context,Description7,RT,12233.30000000447
SS1651922816094,CN,CD,context,Description1,RT,3850.1999999955297
SS1651924494966,CN,CD,context,Description3,RT,4387.4000000003725
SS1651924494966,CN,CD,context,Description19,RT,12461.300000000745
SS1651924494966,CN,CD,focal,Description5,RT,9051.400000000373
SS1651924494966,CN,CD,focal,Description0,RT,6616.9000000003725
SS1651924494966,CN,CD,focal,Description6,RT,3464.300000000745
SS1651924494966,CN,CD,context,Description1,RT,9083.5
SS1651924494966,CN,CD,focal,Description6,RT,4185.299999998882
SS1651924494966,CN,CD,context,Description7,RT,17507.099999999627
SS1651924494966,CN,CD,context,Description3,RT,12418.5
SS1651924494966,CN,CD,focal,Description4,RT,7426.4000000003725
SS1651924494966,CN,CD,context,Description1,RT,4862.39999999851
SS1651924494966,CN,CD,focal,Description0,RT,14004.800000000745
SS1651924494966,CN,CD,context,Description1,RT,14735.699999999255
SS1651924494966,CN,CD,focal,Description4,RT,7391.0999999996275
SS1651924494966,CN,CD,context,Description2,RT,9319.599999999627
SS1651924494966,CN,CD,context,Description9,RT,9604.700000001118
SS1651924494966,CN,CD,context,Description2,RT,6435.799999998882
SS1651924494966,CN,CD,focal,Description5,RT,7850.89999999851
SS1651924494966,CN,CD,context,Description8,RT,20355.10000000149
SS1651924494966,CN,CD,focal,Description5,RT,8507.299999998882
SS1651924494966,CN,CD,focal,Description4,RT,9928.5
SS1651924494966,CN,CD,context,Description8,RT,4497.9000000003725
SS1651924494966,CN,CD,context,Description8,RT,11600.300000000745
SS1651924494966,CN,CD,focal,Description29,RT,2445.7999999988824
SS1651924494966,CN,CD,context,Description7,RT,12902.39999999851
SS1651924494966,CN,CD,context,Description2,RT,5384.60000000149
SS1651924494966,CN,CD,context,Description3,RT,2493.699999999255
SS1651924494966,CN,CD,focal,Description6,RT,8855.5
SS1651924494966,CN,CD,context,Description7,RT,4045.7999999988824
SS1651924494966,CN,CD,focal,Description0,RT,6403.4000000003725
SS1651926576151,CN,CD,focal,Description6,RT,13307
SS1651926576151,CN,CD,context,Description2,RT,5252.699999988079
SS1651926576151,CN,CD,context,Description2,RT,16160.600000023842
SS1651926576151,CN,CD,context,Description9,RT,18472
SS1651926576151,CN,CD,focal,Description4,RT,2922
SS1651926576151,CN,CD,focal,Description5,RT,12109.900000035763
SS1651926576151,CN,CD,focal,Description0,RT,7403.800000011921
SS1651926576151,CN,CD,focal,Description6,RT,13607.599999964237
SS1651926576151,CN,CD,context,Description8,RT,2303.899999976158
SS1651926576151,CN,CD,context,Description8,RT,9407.5
SS1651926576151,CN,CD,focal,Description0,RT,18629.600000023842
SS1651926576151,CN,CD,context,Description8,RT,5851
SS1651926576151,CN,CD,context,Description2,RT,6018.300000011921
SS1651926576151,CN,CD,focal,Description5,RT,5094.399999976158
SS1651926576151,CN,CD,focal,Description6,RT,5204
SS1651926576151,CN,CD,context,Description1,RT,13756.699999988079
SS1651926576151,CN,CD,focal,Description0,RT,4273.600000023842
SS1651926576151,CN,CD,focal,Description4,RT,12372.300000011921
SS1651926576151,CN,CD,focal,Description4,RT,13493.899999976158
SS1651926576151,CN,CD,focal,Description29,RT,2334.7999999523163
SS1651926576151,CN,CD,context,Description1,RT,6191
SS1651926576151,CN,CD,focal,Description5,RT,11087.800000011921
SS1651926576151,CN,CD,context,Description7,RT,5678.900000035763
SS1651926576151,CN,CD,context,Description7,RT,7606.300000011921
SS1651926576151,CN,CD,context,Description1,RT,1900.2000000476837
SS1651926576151,CN,CD,context,Description7,RT,17026.30000001192
SS1651926576151,CN,CD,context,Description19,RT,4378.199999988079
SS1651926856493,CN,CD,context,Description7,RT,1478.6699999822304
SS1651926856493,CN,CD,focal,Description0,RT,5311.854999978095
SS1651926856493,CN,CD,context,Description3,RT,1870.1550000114366
SS1651926856493,CN,CD,focal,Description4,RT,2229.0700000012293
SS1651926856493,CN,CD,focal,Description6,RT,1552.2799999453127
SS1651926856493,CN,CD,focal,Description6,RT,4235.3649999713525
SS1651926856493,CN,CD,context,Description7,RT,3495.299999951385
SS1651926856493,CN,CD,context,Description8,RT,4693.719999981113
SS1651926856493,CN,CD,focal,Description5,RT,1720.7949999719858
SS1651926856493,CN,CD,focal,Description29,RT,2205.2099999273196
SS1651926856493,CN,CD,focal,Description4,RT,2182.0000000298023
SS1651926856493,CN,CD,context,Description8,RT,2403.965000063181
SS1651926856493,CN,CD,focal,Description6,RT,3286.060000071302
SS1651926856493,CN,CD,focal,Description5,RT,2146.584999980405
SS1651926856493,CN,CD,context,Description2,RT,2819.755000062287
SS1651926856493,CN,CD,context,Description3,RT,1502.7449999470264
SS1651926856493,CN,CD,context,Description3,RT,2131.694999989122
SS1651926856493,CN,CD,context,Description2,RT,2042.9400000721216
SS1651926856493,CN,CD,focal,Description0,RT,2074.320000014268
SS1651926856493,CN,CD,context,Description19,RT,2372.92500003241
SS1651926856493,CN,CD,context,Description2,RT,4325.670000049286
SS1651926856493,CN,CD,context,Description1,RT,5348.5149999614805
SS1651926856493,CN,CD,focal,Description4,RT,2250.334999989718
SS1651926856493,CN,CD,context,Description1,RT,2105.5299999425188
SS1651926856493,CN,CD,context,Description8,RT,2131.569999968633
SS1651926856493,CN,CD,context,Description1,RT,2094.1049999091774
SS1651926856493,CN,CD,focal,Description5,RT,2299.064999911934
SS1651926856493,CN,CD,context,Description7,RT,1675.1999999396503
SS1651926856493,CN,CD,focal,Description0,RT,1497.4650000222027
SS1651926856493,CN,CD,context,Description9,RT,2772.0200000330806
SS1651928385240,CN,CD,focal,Description6,RT,10621.27500000014
SS1651928385240,CN,CD,context,Description2,RT,7109.330000000307
SS1651928385240,CN,CD,context,Description2,RT,7827.625
SS1651928385240,CN,CD,context,Description8,RT,22000.00499999989
SS1651928385240,CN,CD,context,Description8,RT,5111.360000000335
SS1651928385240,CN,CD,focal,Description29,RT,5342.460000000196
SS1651928385240,CN,CD,focal,Description5,RT,17740.955000000075
SS1651928385240,CN,CD,context,Description1,RT,11783.335000000196
SS1651928385240,CN,CD,focal,Description4,RT,15701.40500000026
SS1651928385240,CN,CD,focal,Description6,RT,21193.11999999988
SS1651928385240,CN,CD,focal,Description4,RT,14080.75
SS1651928385240,CN,CD,focal,Description0,RT,5444.894999999553
SS1651928385240,CN,CD,context,Description8,RT,8601.500000000233
SS1651928385240,CN,CD,context,Description1,RT,5646.714999999851
SS1651928385240,CN,CD,context,Description1,RT,10530.675000000047
SS1651928385240,CN,CD,focal,Description4,RT,10239.770000000251
SS1651928385240,CN,CD,context,Description7,RT,9093.229999999981
SS1651928385240,CN,CD,context,Description2,RT,1679.059999999823
SS1651928385240,CN,CD,focal,Description0,RT,23769.625
SS1651928385240,CN,CD,focal,Description0,RT,7954.8650000002235
SS1651928385240,CN,CD,context,Description7,RT,2934.7549999998882
SS1651928385240,CN,CD,focal,Description5,RT,9521.300000000047
SS1651928385240,CN,CD,focal,Description6,RT,6062.524999999674
SS1651928385240,CN,CD,focal,Description5,RT,5560.215000000084
SS1651928385240,CN,CD,context,Description7,RT,2810.4250000000466
SS1651932416698,CN,CD,context,Description2,RT,9763
SS1651932416698,CN,CD,context,Description3,RT,9347
SS1651932416698,CN,CD,focal,Description5,RT,14115
SS1651932416698,CN,CD,focal,Description5,RT,17091
SS1651932416698,CN,CD,focal,Description6,RT,15473
SS1651932416698,CN,CD,context,Description9,RT,12456
SS1651932416698,CN,CD,focal,Description6,RT,9055
SS1651932416698,CN,CD,focal,Description0,RT,8032
SS1651932416698,CN,CD,focal,Description4,RT,9032
SS1651932416698,CN,CD,context,Description1,RT,10408
SS1651932416698,CN,CD,focal,Description6,RT,8895
SS1651932416698,CN,CD,focal,Description5,RT,13100
SS1651932416698,CN,CD,context,Description7,RT,13460
SS1651932416698,CN,CD,context,Description2,RT,6176
SS1651932416698,CN,CD,context,Description7,RT,30069
SS1651932416698,CN,CD,context,Description1,RT,7613
SS1651932416698,CN,CD,context,Description3,RT,4050
SS1651932416698,CN,CD,context,Description7,RT,4154
SS1651932416698,CN,CD,focal,Description29,RT,7517
SS1651932416698,CN,CD,focal,Description0,RT,3874
SS1651932416698,CN,CD,focal,Description4,RT,8185
SS1651932416698,CN,CD,focal,Description4,RT,21170
SS1651932416698,CN,CD,context,Description2,RT,7628
SS1651932416698,CN,CD,context,Description19,RT,7072
SS1651932416698,CN,CD,context,Description3,RT,4142
SS1651932416698,CN,CD,focal,Description0,RT,23635
SS1651932416698,CN,CD,context,Description1,RT,12262
SS1651934015946,CN,CD,context,Description7,RT,6942.199999999255
SS1651934015946,CN,CD,context,Description2,RT,24505.699999999255
SS1651934015946,CN,CD,focal,Description4,RT,19254.400000000373
SS1651934015946,CN,CD,context,Description1,RT,3589.2000000011176
SS1651934015946,CN,CD,context,Description8,RT,15666.199999999255
SS1651934015946,CN,CD,focal,Description29,RT,4410.5999999996275
SS1651934015946,CN,CD,focal,Description4,RT,7773.9000000003725
SS1651934015946,CN,CD,context,Description3,RT,3467
SS1651934015946,CN,CD,focal,Description0,RT,5761.9000000003725
SS1651934015946,CN,CD,focal,Description5,RT,10836.599999999627
SS1651934015946,CN,CD,focal,Description6,RT,9343.299999998882
SS1651934015946,CN,CD,context,Description9,RT,10117.199999999255
SS1651934015946,CN,CD,context,Description2,RT,4309.799999998882
SS1651934015946,CN,CD,context,Description7,RT,13117.300000000745
SS1651934015946,CN,CD,focal,Description0,RT,10841.599999999627
SS1651934015946,CN,CD,context,Description19,RT,5886.299999998882
SS1651934015946,CN,CD,focal,Description5,RT,8051.200000001118
SS1651934015946,CN,CD,context,Description8,RT,4736.699999999255
SS1651934015946,CN,CD,focal,Description6,RT,17085.300000000745
SS1651934015946,CN,CD,context,Description3,RT,2952.0999999996275
SS1651934015946,CN,CD,context,Description1,RT,7691.799999998882
SS1651934015946,CN,CD,context,Description1,RT,5568.39999999851
SS1651934015946,CN,CD,focal,Description5,RT,5408.4000000003725
SS1651934015946,CN,CD,context,Description2,RT,7647.199999999255
SS1651934015946,CN,CD,context,Description3,RT,2582.699999999255
SS1651934015946,CN,CD,context,Description7,RT,39503
SS1651934015946,CN,CD,context,Description8,RT,4409.60000000149
SS1651934015946,CN,CD,focal,Description4,RT,2924
SS1651934015946,CN,CD,focal,Description0,RT,10044.39999999851
SS1651934015946,CN,CD,focal,Description6,RT,12011
SS1651616817210,US,CA,personal,personal3,likert_rating,3
SS1651616817210,US,CA,personal,personal1,likert_rating,2
SS1651616817210,US,CA,personal,personal5,likert_rating,2
SS1651616817210,US,CA,personal,personal4,likert_rating,2
SS1651616817210,US,CA,personal,personal0,likert_rating,2
SS1651616817210,US,CA,personal,personal2,likert_rating,3
SS1651616817210,US,CA,situational,situational0,likert_rating,0
SS1651616817210,US,CA,situational,situational1,likert_rating,1
SS1651616817210,US,CA,situational,situational2,likert_rating,2
SS1651616817210,US,CA,situational,situational3,likert_rating,1
SS1651616817210,US,CA,situational,situational4,likert_rating,2
SS1651616817210,US,CA,situational,situational5,likert_rating,NA
SS1651616819170,US,CA,personal,personal3,likert_rating,4
SS1651616819170,US,CA,personal,personal1,likert_rating,5
SS1651616819170,US,CA,personal,personal5,likert_rating,5
SS1651616819170,US,CA,personal,personal4,likert_rating,6
SS1651616819170,US,CA,personal,personal0,likert_rating,5
SS1651616819170,US,CA,personal,personal2,likert_rating,5
SS1651616819170,US,CA,situational,situational0,likert_rating,0
SS1651616819170,US,CA,situational,situational1,likert_rating,0
SS1651616819170,US,CA,situational,situational2,likert_rating,1
SS1651616819170,US,CA,situational,situational3,likert_rating,0
SS1651616819170,US,CA,situational,situational4,likert_rating,0
SS1651616819170,US,CA,situational,situational5,likert_rating,NA
SS1651616821119,US,CA,personal,personal3,likert_rating,3
SS1651616821119,US,CA,personal,personal1,likert_rating,2
SS1651616821119,US,CA,personal,personal5,likert_rating,2
SS1651616821119,US,CA,personal,personal4,likert_rating,2
SS1651616821119,US,CA,personal,personal0,likert_rating,2
SS1651616821119,US,CA,personal,personal2,likert_rating,3
SS1651616821119,US,CA,situational,situational0,likert_rating,2
SS1651616821119,US,CA,situational,situational1,likert_rating,1
SS1651616821119,US,CA,situational,situational2,likert_rating,2
SS1651616821119,US,CA,situational,situational3,likert_rating,1
SS1651616821119,US,CA,situational,situational4,likert_rating,1
SS1651616821119,US,CA,situational,situational5,likert_rating,3
SS1651616823657,US,CA,personal,personal3,likert_rating,2
SS1651616823657,US,CA,personal,personal1,likert_rating,2
SS1651616823657,US,CA,personal,personal5,likert_rating,2
SS1651616823657,US,CA,personal,personal4,likert_rating,2
SS1651616823657,US,CA,personal,personal0,likert_rating,1
SS1651616823657,US,CA,personal,personal2,likert_rating,3
SS1651616823657,US,CA,situational,situational0,likert_rating,1
SS1651616823657,US,CA,situational,situational1,likert_rating,1
SS1651616823657,US,CA,situational,situational2,likert_rating,5
SS1651616823657,US,CA,situational,situational3,likert_rating,0
SS1651616823657,US,CA,situational,situational4,likert_rating,0
SS1651616823657,US,CA,situational,situational5,likert_rating,1
SS1651616824013,US,CA,personal,personal3,likert_rating,1
SS1651616824013,US,CA,personal,personal1,likert_rating,2
SS1651616824013,US,CA,personal,personal5,likert_rating,3
SS1651616824013,US,CA,personal,personal4,likert_rating,2
SS1651616824013,US,CA,personal,personal0,likert_rating,1
SS1651616824013,US,CA,personal,personal2,likert_rating,2
SS1651616824013,US,CA,situational,situational0,likert_rating,3
SS1651616824013,US,CA,situational,situational1,likert_rating,3
SS1651616824013,US,CA,situational,situational2,likert_rating,5
SS1651616824013,US,CA,situational,situational3,likert_rating,2
SS1651616824013,US,CA,situational,situational4,likert_rating,4
SS1651616824013,US,CA,situational,situational5,likert_rating,2
SS1651616824013,US,CA,personal,personal3,likert_rating,NA
SS1651616824013,US,CA,personal,personal1,likert_rating,NA
SS1651616824013,US,CA,personal,personal5,likert_rating,NA
SS1651616824013,US,CA,personal,personal4,likert_rating,NA
SS1651616824013,US,CA,personal,personal0,likert_rating,NA
SS1651616824013,US,CA,personal,personal2,likert_rating,NA
SS1651616824013,US,CA,situational,situational0,likert_rating,NA
SS1651616824013,US,CA,situational,situational1,likert_rating,NA
SS1651616824013,US,CA,situational,situational2,likert_rating,NA
SS1651616824013,US,CA,situational,situational3,likert_rating,NA
SS1651616824013,US,CA,situational,situational4,likert_rating,NA
SS1651616824013,US,CA,situational,situational5,likert_rating,NA
SS1651616829561,US,CA,personal,personal3,likert_rating,2
SS1651616829561,US,CA,personal,personal1,likert_rating,2
SS1651616829561,US,CA,personal,personal5,likert_rating,2
SS1651616829561,US,CA,personal,personal4,likert_rating,2
SS1651616829561,US,CA,personal,personal0,likert_rating,2
SS1651616829561,US,CA,personal,personal2,likert_rating,2
SS1651616829561,US,CA,situational,situational0,likert_rating,1
SS1651616829561,US,CA,situational,situational1,likert_rating,0
SS1651616829561,US,CA,situational,situational2,likert_rating,1
SS1651616829561,US,CA,situational,situational3,likert_rating,1
SS1651616829561,US,CA,situational,situational4,likert_rating,0
SS1651616829561,US,CA,situational,situational5,likert_rating,NA
SS1651616834023,US,CA,personal,personal3,likert_rating,1
SS1651616834023,US,CA,personal,personal1,likert_rating,1
SS1651616834023,US,CA,personal,personal5,likert_rating,2
SS1651616834023,US,CA,personal,personal4,likert_rating,5
SS1651616834023,US,CA,personal,personal0,likert_rating,1
SS1651616834023,US,CA,personal,personal2,likert_rating,2
SS1651616834023,US,CA,situational,situational0,likert_rating,2
SS1651616834023,US,CA,situational,situational1,likert_rating,4
SS1651616834023,US,CA,situational,situational2,likert_rating,1
SS1651616834023,US,CA,situational,situational3,likert_rating,0
SS1651616834023,US,CA,situational,situational4,likert_rating,1
SS1651616834023,US,CA,situational,situational5,likert_rating,NA
SS1651616835091,US,CA,personal,personal3,likert_rating,6
SS1651616835091,US,CA,personal,personal1,likert_rating,2
SS1651616835091,US,CA,personal,personal5,likert_rating,2
SS1651616835091,US,CA,personal,personal4,likert_rating,1
SS1651616835091,US,CA,personal,personal0,likert_rating,3
SS1651616835091,US,CA,personal,personal2,likert_rating,4
SS1651616835091,US,CA,situational,situational0,likert_rating,2
SS1651616835091,US,CA,situational,situational1,likert_rating,2
SS1651616835091,US,CA,situational,situational2,likert_rating,2
SS1651616835091,US,CA,situational,situational3,likert_rating,2
SS1651616835091,US,CA,situational,situational4,likert_rating,2
SS1651616835091,US,CA,situational,situational5,likert_rating,2
SS1651616837719,US,CA,personal,personal3,likert_rating,5
SS1651616837719,US,CA,personal,personal1,likert_rating,2
SS1651616837719,US,CA,personal,personal5,likert_rating,2
SS1651616837719,US,CA,personal,personal4,likert_rating,3
SS1651616837719,US,CA,personal,personal0,likert_rating,4
SS1651616837719,US,CA,personal,personal2,likert_rating,2
SS1651616837719,US,CA,situational,situational0,likert_rating,0
SS1651616837719,US,CA,situational,situational1,likert_rating,0
SS1651616837719,US,CA,situational,situational2,likert_rating,2
SS1651616837719,US,CA,situational,situational3,likert_rating,1
SS1651616837719,US,CA,situational,situational4,likert_rating,0
SS1651616837719,US,CA,situational,situational5,likert_rating,NA
SS1651616838947,US,CA,personal,personal3,likert_rating,0
SS1651616838947,US,CA,personal,personal1,likert_rating,1
SS1651616838947,US,CA,personal,personal5,likert_rating,2
SS1651616838947,US,CA,personal,personal4,likert_rating,4
SS1651616838947,US,CA,personal,personal0,likert_rating,3
SS1651616838947,US,CA,personal,personal2,likert_rating,2
SS1651616838947,US,CA,situational,situational0,likert_rating,2
SS1651616838947,US,CA,situational,situational1,likert_rating,2
SS1651616838947,US,CA,situational,situational2,likert_rating,3
SS1651616838947,US,CA,situational,situational3,likert_rating,0
SS1651616838947,US,CA,situational,situational4,likert_rating,0
SS1651616838947,US,CA,situational,situational5,likert_rating,3
SS1651616839031,US,CA,personal,personal3,likert_rating,4
SS1651616839031,US,CA,personal,personal1,likert_rating,4
SS1651616839031,US,CA,personal,personal5,likert_rating,5
SS1651616839031,US,CA,personal,personal4,likert_rating,4
SS1651616839031,US,CA,personal,personal0,likert_rating,5
SS1651616839031,US,CA,personal,personal2,likert_rating,5
SS1651616839031,US,CA,situational,situational0,likert_rating,0
SS1651616839031,US,CA,situational,situational1,likert_rating,0
SS1651616839031,US,CA,situational,situational2,likert_rating,1
SS1651616839031,US,CA,situational,situational3,likert_rating,1
SS1651616839031,US,CA,situational,situational4,likert_rating,2
SS1651616839031,US,CA,situational,situational5,likert_rating,NA
SS1651616839120,US,CA,personal,personal3,likert_rating,3
SS1651616839120,US,CA,personal,personal1,likert_rating,2
SS1651616839120,US,CA,personal,personal5,likert_rating,3
SS1651616839120,US,CA,personal,personal4,likert_rating,3
SS1651616839120,US,CA,personal,personal0,likert_rating,0
SS1651616839120,US,CA,personal,personal2,likert_rating,2
SS1651616839120,US,CA,situational,situational0,likert_rating,0
SS1651616839120,US,CA,situational,situational1,likert_rating,0
SS1651616839120,US,CA,situational,situational2,likert_rating,6
SS1651616839120,US,CA,situational,situational3,likert_rating,0
SS1651616839120,US,CA,situational,situational4,likert_rating,0
SS1651616839120,US,CA,situational,situational5,likert_rating,2
SS1651616839551,US,CA,personal,personal3,likert_rating,2
SS1651616839551,US,CA,personal,personal1,likert_rating,5
SS1651616839551,US,CA,personal,personal5,likert_rating,6
SS1651616839551,US,CA,personal,personal4,likert_rating,5
SS1651616839551,US,CA,personal,personal0,likert_rating,1
SS1651616839551,US,CA,personal,personal2,likert_rating,0
SS1651616839551,US,CA,situational,situational0,likert_rating,0
SS1651616839551,US,CA,situational,situational1,likert_rating,0
SS1651616839551,US,CA,situational,situational2,likert_rating,0
SS1651616839551,US,CA,situational,situational3,likert_rating,0
SS1651616839551,US,CA,situational,situational4,likert_rating,2
SS1651616839551,US,CA,situational,situational5,likert_rating,NA
SS1651616839622,US,CA,personal,personal3,likert_rating,4
SS1651616839622,US,CA,personal,personal1,likert_rating,1
SS1651616839622,US,CA,personal,personal5,likert_rating,1
SS1651616839622,US,CA,personal,personal4,likert_rating,1
SS1651616839622,US,CA,personal,personal0,likert_rating,4
SS1651616839622,US,CA,personal,personal2,likert_rating,3
SS1651616839622,US,CA,situational,situational0,likert_rating,1
SS1651616839622,US,CA,situational,situational1,likert_rating,0
SS1651616839622,US,CA,situational,situational2,likert_rating,2
SS1651616839622,US,CA,situational,situational3,likert_rating,0
SS1651616839622,US,CA,situational,situational4,likert_rating,0
SS1651616839622,US,CA,situational,situational5,likert_rating,5
SS1651616840889,US,CA,personal,personal3,likert_rating,3
SS1651616840889,US,CA,personal,personal1,likert_rating,4
SS1651616840889,US,CA,personal,personal5,likert_rating,5
SS1651616840889,US,CA,personal,personal4,likert_rating,2
SS1651616840889,US,CA,personal,personal0,likert_rating,1
SS1651616840889,US,CA,personal,personal2,likert_rating,4
SS1651616840889,US,CA,situational,situational0,likert_rating,2
SS1651616840889,US,CA,situational,situational1,likert_rating,1
SS1651616840889,US,CA,situational,situational2,likert_rating,5
SS1651616840889,US,CA,situational,situational3,likert_rating,1
SS1651616840889,US,CA,situational,situational4,likert_rating,1
SS1651616840889,US,CA,situational,situational5,likert_rating,2
SS1651616841722,US,CA,personal,personal3,likert_rating,0
SS1651616841722,US,CA,personal,personal1,likert_rating,3
SS1651616841722,US,CA,personal,personal5,likert_rating,0
SS1651616841722,US,CA,personal,personal4,likert_rating,1
SS1651616841722,US,CA,personal,personal0,likert_rating,0
SS1651616841722,US,CA,personal,personal2,likert_rating,0
SS1651616841722,US,CA,situational,situational0,likert_rating,0
SS1651616841722,US,CA,situational,situational1,likert_rating,2
SS1651616841722,US,CA,situational,situational2,likert_rating,6
SS1651616841722,US,CA,situational,situational3,likert_rating,4
SS1651616841722,US,CA,situational,situational4,likert_rating,0
SS1651616841722,US,CA,situational,situational5,likert_rating,0
SS1651616841972,US,CA,personal,personal3,likert_rating,5
SS1651616841972,US,CA,personal,personal1,likert_rating,4
SS1651616841972,US,CA,personal,personal5,likert_rating,4
SS1651616841972,US,CA,personal,personal4,likert_rating,1
SS1651616841972,US,CA,personal,personal0,likert_rating,2
SS1651616841972,US,CA,personal,personal2,likert_rating,4
SS1651616841972,US,CA,situational,situational0,likert_rating,3
SS1651616841972,US,CA,situational,situational1,likert_rating,0
SS1651616841972,US,CA,situational,situational2,likert_rating,3
SS1651616841972,US,CA,situational,situational3,likert_rating,0
SS1651616841972,US,CA,situational,situational4,likert_rating,0
SS1651616841972,US,CA,situational,situational5,likert_rating,3
SS1651616843053,US,CA,personal,personal3,likert_rating,5
SS1651616843053,US,CA,personal,personal1,likert_rating,3
SS1651616843053,US,CA,personal,personal5,likert_rating,4
SS1651616843053,US,CA,personal,personal4,likert_rating,4
SS1651616843053,US,CA,personal,personal0,likert_rating,4
SS1651616843053,US,CA,personal,personal2,likert_rating,5
SS1651616843053,US,CA,situational,situational0,likert_rating,1
SS1651616843053,US,CA,situational,situational1,likert_rating,3
SS1651616843053,US,CA,situational,situational2,likert_rating,3
SS1651616843053,US,CA,situational,situational3,likert_rating,1
SS1651616843053,US,CA,situational,situational4,likert_rating,2
SS1651616843053,US,CA,situational,situational5,likert_rating,NA
SS1651616844450,US,CA,personal,personal3,likert_rating,3
SS1651616844450,US,CA,personal,personal1,likert_rating,5
SS1651616844450,US,CA,personal,personal5,likert_rating,6
SS1651616844450,US,CA,personal,personal4,likert_rating,4
SS1651616844450,US,CA,personal,personal0,likert_rating,6
SS1651616844450,US,CA,personal,personal2,likert_rating,5
SS1651616844450,US,CA,situational,situational0,likert_rating,0
SS1651616844450,US,CA,situational,situational1,likert_rating,2
SS1651616844450,US,CA,situational,situational2,likert_rating,4
SS1651616844450,US,CA,situational,situational3,likert_rating,0
SS1651616844450,US,CA,situational,situational4,likert_rating,1
SS1651616844450,US,CA,situational,situational5,likert_rating,NA
SS1651616844684,US,CA,personal,personal3,likert_rating,2
SS1651616844684,US,CA,personal,personal1,likert_rating,2
SS1651616844684,US,CA,personal,personal5,likert_rating,2
SS1651616844684,US,CA,personal,personal4,likert_rating,0
SS1651616844684,US,CA,personal,personal0,likert_rating,3
SS1651616844684,US,CA,personal,personal2,likert_rating,3
SS1651616844684,US,CA,situational,situational0,likert_rating,0
SS1651616844684,US,CA,situational,situational1,likert_rating,0
SS1651616844684,US,CA,situational,situational2,likert_rating,2
SS1651616844684,US,CA,situational,situational3,likert_rating,2
SS1651616844684,US,CA,situational,situational4,likert_rating,1
SS1651616844684,US,CA,situational,situational5,likert_rating,2
SS1651616844911,US,CA,personal,personal3,likert_rating,2
SS1651616844911,US,CA,personal,personal1,likert_rating,2
SS1651616844911,US,CA,personal,personal5,likert_rating,2
SS1651616844911,US,CA,personal,personal4,likert_rating,2
SS1651616844911,US,CA,personal,personal0,likert_rating,2
SS1651616844911,US,CA,personal,personal2,likert_rating,2
SS1651616844911,US,CA,situational,situational0,likert_rating,0
SS1651616844911,US,CA,situational,situational1,likert_rating,1
SS1651616844911,US,CA,situational,situational2,likert_rating,1
SS1651616844911,US,CA,situational,situational3,likert_rating,0
SS1651616844911,US,CA,situational,situational4,likert_rating,2
SS1651616844911,US,CA,situational,situational5,likert_rating,NA
SS1651616846951,US,CA,personal,personal3,likert_rating,3
SS1651616846951,US,CA,personal,personal1,likert_rating,3
SS1651616846951,US,CA,personal,personal5,likert_rating,4
SS1651616846951,US,CA,personal,personal4,likert_rating,5
SS1651616846951,US,CA,personal,personal0,likert_rating,4
SS1651616846951,US,CA,personal,personal2,likert_rating,3
SS1651616846951,US,CA,situational,situational0,likert_rating,1
SS1651616846951,US,CA,situational,situational1,likert_rating,2
SS1651616846951,US,CA,situational,situational2,likert_rating,2
SS1651616846951,US,CA,situational,situational3,likert_rating,0
SS1651616846951,US,CA,situational,situational4,likert_rating,2
SS1651616846951,US,CA,situational,situational5,likert_rating,2
SS1651616850845,US,CA,personal,personal3,likert_rating,4
SS1651616850845,US,CA,personal,personal1,likert_rating,2
SS1651616850845,US,CA,personal,personal5,likert_rating,1
SS1651616850845,US,CA,personal,personal4,likert_rating,1
SS1651616850845,US,CA,personal,personal0,likert_rating,3
SS1651616850845,US,CA,personal,personal2,likert_rating,4
SS1651616850845,US,CA,situational,situational0,likert_rating,5
SS1651616850845,US,CA,situational,situational1,likert_rating,4
SS1651616850845,US,CA,situational,situational2,likert_rating,3
SS1651616850845,US,CA,situational,situational3,likert_rating,3
SS1651616850845,US,CA,situational,situational4,likert_rating,1
SS1651616850845,US,CA,situational,situational5,likert_rating,NA
SS1651616854167,US,CA,personal,personal3,likert_rating,4
SS1651616854167,US,CA,personal,personal1,likert_rating,4
SS1651616854167,US,CA,personal,personal5,likert_rating,5
SS1651616854167,US,CA,personal,personal4,likert_rating,6
SS1651616854167,US,CA,personal,personal0,likert_rating,2
SS1651616854167,US,CA,personal,personal2,likert_rating,4
SS1651616854167,US,CA,situational,situational0,likert_rating,0
SS1651616854167,US,CA,situational,situational1,likert_rating,0
SS1651616854167,US,CA,situational,situational2,likert_rating,0
SS1651616854167,US,CA,situational,situational3,likert_rating,1
SS1651616854167,US,CA,situational,situational4,likert_rating,0
SS1651616854167,US,CA,situational,situational5,likert_rating,NA
SS1651616854402,US,CA,personal,personal3,likert_rating,4
SS1651616854402,US,CA,personal,personal1,likert_rating,2
SS1651616854402,US,CA,personal,personal5,likert_rating,1
SS1651616854402,US,CA,personal,personal4,likert_rating,2
SS1651616854402,US,CA,personal,personal0,likert_rating,6
SS1651616854402,US,CA,personal,personal2,likert_rating,5
SS1651616854402,US,CA,situational,situational0,likert_rating,1
SS1651616854402,US,CA,situational,situational1,likert_rating,0
SS1651616854402,US,CA,situational,situational2,likert_rating,0
SS1651616854402,US,CA,situational,situational3,likert_rating,1
SS1651616854402,US,CA,situational,situational4,likert_rating,1
SS1651616854402,US,CA,situational,situational5,likert_rating,NA
SS1651616857792,US,CA,personal,personal3,likert_rating,5
SS1651616857792,US,CA,personal,personal1,likert_rating,5
SS1651616857792,US,CA,personal,personal5,likert_rating,5
SS1651616857792,US,CA,personal,personal4,likert_rating,2
SS1651616857792,US,CA,personal,personal0,likert_rating,4
SS1651616857792,US,CA,personal,personal2,likert_rating,4
SS1651616857792,US,CA,situational,situational0,likert_rating,6
SS1651616857792,US,CA,situational,situational1,likert_rating,3
SS1651616857792,US,CA,situational,situational2,likert_rating,5
SS1651616857792,US,CA,situational,situational3,likert_rating,5
SS1651616857792,US,CA,situational,situational4,likert_rating,5
SS1651616857792,US,CA,situational,situational5,likert_rating,NA
SS1651616858489,US,CA,personal,personal3,likert_rating,2
SS1651616858489,US,CA,personal,personal1,likert_rating,4
SS1651616858489,US,CA,personal,personal5,likert_rating,4
SS1651616858489,US,CA,personal,personal4,likert_rating,2
SS1651616858489,US,CA,personal,personal0,likert_rating,2
SS1651616858489,US,CA,personal,personal2,likert_rating,4
SS1651616858489,US,CA,situational,situational0,likert_rating,2
SS1651616858489,US,CA,situational,situational1,likert_rating,1
SS1651616858489,US,CA,situational,situational2,likert_rating,2
SS1651616858489,US,CA,situational,situational3,likert_rating,2
SS1651616858489,US,CA,situational,situational4,likert_rating,2
SS1651616858489,US,CA,situational,situational5,likert_rating,NA
SS1651616858633,US,CA,personal,personal3,likert_rating,3
SS1651616858633,US,CA,personal,personal1,likert_rating,5
SS1651616858633,US,CA,personal,personal5,likert_rating,4
SS1651616858633,US,CA,personal,personal4,likert_rating,3
SS1651616858633,US,CA,personal,personal0,likert_rating,3
SS1651616858633,US,CA,personal,personal2,likert_rating,2
SS1651616858633,US,CA,situational,situational0,likert_rating,1
SS1651616858633,US,CA,situational,situational1,likert_rating,1
SS1651616858633,US,CA,situational,situational2,likert_rating,4
SS1651616858633,US,CA,situational,situational3,likert_rating,4
SS1651616858633,US,CA,situational,situational4,likert_rating,1
SS1651616858633,US,CA,situational,situational5,likert_rating,NA
SS1651616860080,US,CA,personal,personal3,likert_rating,3
SS1651616860080,US,CA,personal,personal1,likert_rating,2
SS1651616860080,US,CA,personal,personal5,likert_rating,1
SS1651616860080,US,CA,personal,personal4,likert_rating,1
SS1651616860080,US,CA,personal,personal0,likert_rating,2
SS1651616860080,US,CA,personal,personal2,likert_rating,3
SS1651616860080,US,CA,situational,situational0,likert_rating,1
SS1651616860080,US,CA,situational,situational1,likert_rating,0
SS1651616860080,US,CA,situational,situational2,likert_rating,5
SS1651616860080,US,CA,situational,situational3,likert_rating,0
SS1651616860080,US,CA,situational,situational4,likert_rating,1
SS1651616860080,US,CA,situational,situational5,likert_rating,0
SS1651616860708,US,CA,personal,personal3,likert_rating,1
SS1651616860708,US,CA,personal,personal1,likert_rating,1
SS1651616860708,US,CA,personal,personal5,likert_rating,2
SS1651616860708,US,CA,personal,personal4,likert_rating,1
SS1651616860708,US,CA,personal,personal0,likert_rating,0
SS1651616860708,US,CA,personal,personal2,likert_rating,0
SS1651616860708,US,CA,situational,situational0,likert_rating,1
SS1651616860708,US,CA,situational,situational1,likert_rating,3
SS1651616860708,US,CA,situational,situational2,likert_rating,5
SS1651616860708,US,CA,situational,situational3,likert_rating,3
SS1651616860708,US,CA,situational,situational4,likert_rating,0
SS1651616860708,US,CA,situational,situational5,likert_rating,1
SS1651616861128,US,CA,personal,personal3,likert_rating,5
SS1651616861128,US,CA,personal,personal1,likert_rating,4
SS1651616861128,US,CA,personal,personal5,likert_rating,5
SS1651616861128,US,CA,personal,personal4,likert_rating,5
SS1651616861128,US,CA,personal,personal0,likert_rating,6
SS1651616861128,US,CA,personal,personal2,likert_rating,5
SS1651616861128,US,CA,situational,situational0,likert_rating,0
SS1651616861128,US,CA,situational,situational1,likert_rating,1
SS1651616861128,US,CA,situational,situational2,likert_rating,2
SS1651616861128,US,CA,situational,situational3,likert_rating,2
SS1651616861128,US,CA,situational,situational4,likert_rating,4
SS1651616861128,US,CA,situational,situational5,likert_rating,4
SS1651616861546,US,CA,personal,personal3,likert_rating,6
SS1651616861546,US,CA,personal,personal1,likert_rating,0
SS1651616861546,US,CA,personal,personal5,likert_rating,2
SS1651616861546,US,CA,personal,personal4,likert_rating,1
SS1651616861546,US,CA,personal,personal0,likert_rating,3
SS1651616861546,US,CA,personal,personal2,likert_rating,2
SS1651616861546,US,CA,situational,situational0,likert_rating,0
SS1651616861546,US,CA,situational,situational1,likert_rating,0
SS1651616861546,US,CA,situational,situational2,likert_rating,5
SS1651616861546,US,CA,situational,situational3,likert_rating,0
SS1651616861546,US,CA,situational,situational4,likert_rating,0
SS1651616861546,US,CA,situational,situational5,likert_rating,0
SS1651616863114,US,CA,personal,personal3,likert_rating,5
SS1651616863114,US,CA,personal,personal1,likert_rating,4
SS1651616863114,US,CA,personal,personal5,likert_rating,3
SS1651616863114,US,CA,personal,personal4,likert_rating,3
SS1651616863114,US,CA,personal,personal0,likert_rating,4
SS1651616863114,US,CA,personal,personal2,likert_rating,3
SS1651616863114,US,CA,situational,situational0,likert_rating,4
SS1651616863114,US,CA,situational,situational1,likert_rating,1
SS1651616863114,US,CA,situational,situational2,likert_rating,4
SS1651616863114,US,CA,situational,situational3,likert_rating,4
SS1651616863114,US,CA,situational,situational4,likert_rating,3
SS1651616863114,US,CA,situational,situational5,likert_rating,3
SS1651616863145,US,CA,personal,personal3,likert_rating,1
SS1651616863145,US,CA,personal,personal1,likert_rating,1
SS1651616863145,US,CA,personal,personal5,likert_rating,1
SS1651616863145,US,CA,personal,personal4,likert_rating,1
SS1651616863145,US,CA,personal,personal0,likert_rating,0
SS1651616863145,US,CA,personal,personal2,likert_rating,0
SS1651616863145,US,CA,situational,situational0,likert_rating,0
SS1651616863145,US,CA,situational,situational1,likert_rating,0
SS1651616863145,US,CA,situational,situational2,likert_rating,6
SS1651616863145,US,CA,situational,situational3,likert_rating,1
SS1651616863145,US,CA,situational,situational4,likert_rating,1
SS1651616863145,US,CA,situational,situational5,likert_rating,0
SS1651616876627,US,CA,personal,personal3,likert_rating,5
SS1651616876627,US,CA,personal,personal1,likert_rating,5
SS1651616876627,US,CA,personal,personal5,likert_rating,6
SS1651616876627,US,CA,personal,personal4,likert_rating,4
SS1651616876627,US,CA,personal,personal0,likert_rating,5
SS1651616876627,US,CA,personal,personal2,likert_rating,5
SS1651616876627,US,CA,situational,situational0,likert_rating,3
SS1651616876627,US,CA,situational,situational1,likert_rating,0
SS1651616876627,US,CA,situational,situational2,likert_rating,0
SS1651616876627,US,CA,situational,situational3,likert_rating,4
SS1651616876627,US,CA,situational,situational4,likert_rating,4
SS1651616876627,US,CA,situational,situational5,likert_rating,NA
SS1651616909217,US,CA,personal,personal3,likert_rating,5
SS1651616909217,US,CA,personal,personal1,likert_rating,2
SS1651616909217,US,CA,personal,personal5,likert_rating,4
SS1651616909217,US,CA,personal,personal4,likert_rating,5
SS1651616909217,US,CA,personal,personal0,likert_rating,5
SS1651616909217,US,CA,personal,personal2,likert_rating,5
SS1651616909217,US,CA,situational,situational0,likert_rating,1
SS1651616909217,US,CA,situational,situational1,likert_rating,0
SS1651616909217,US,CA,situational,situational2,likert_rating,0
SS1651616909217,US,CA,situational,situational3,likert_rating,0
SS1651616909217,US,CA,situational,situational4,likert_rating,0
SS1651616909217,US,CA,situational,situational5,likert_rating,0
SS1651616969092,US,CA,personal,personal3,likert_rating,6
SS1651616969092,US,CA,personal,personal1,likert_rating,4
SS1651616969092,US,CA,personal,personal5,likert_rating,3
SS1651616969092,US,CA,personal,personal4,likert_rating,5
SS1651616969092,US,CA,personal,personal0,likert_rating,4
SS1651616969092,US,CA,personal,personal2,likert_rating,2
SS1651616969092,US,CA,situational,situational0,likert_rating,4
SS1651616969092,US,CA,situational,situational1,likert_rating,0
SS1651616969092,US,CA,situational,situational2,likert_rating,3
SS1651616969092,US,CA,situational,situational3,likert_rating,1
SS1651616969092,US,CA,situational,situational4,likert_rating,0
SS1651616969092,US,CA,situational,situational5,likert_rating,NA
SS1651616969595,US,CA,personal,personal3,likert_rating,4
SS1651616969595,US,CA,personal,personal1,likert_rating,3
SS1651616969595,US,CA,personal,personal5,likert_rating,4
SS1651616969595,US,CA,personal,personal4,likert_rating,4
SS1651616969595,US,CA,personal,personal0,likert_rating,4
SS1651616969595,US,CA,personal,personal2,likert_rating,3
SS1651616969595,US,CA,situational,situational0,likert_rating,3
SS1651616969595,US,CA,situational,situational1,likert_rating,3
SS1651616969595,US,CA,situational,situational2,likert_rating,4
SS1651616969595,US,CA,situational,situational3,likert_rating,4
SS1651616969595,US,CA,situational,situational4,likert_rating,2
SS1651616969595,US,CA,situational,situational5,likert_rating,3
SS1651616982939,US,CA,personal,personal3,likert_rating,5
SS1651616982939,US,CA,personal,personal1,likert_rating,0
SS1651616982939,US,CA,personal,personal5,likert_rating,6
SS1651616982939,US,CA,personal,personal4,likert_rating,1
SS1651616982939,US,CA,personal,personal0,likert_rating,2
SS1651616982939,US,CA,personal,personal2,likert_rating,1
SS1651616982939,US,CA,situational,situational0,likert_rating,2
SS1651616982939,US,CA,situational,situational1,likert_rating,0
SS1651616982939,US,CA,situational,situational2,likert_rating,5
SS1651616982939,US,CA,situational,situational3,likert_rating,0
SS1651616982939,US,CA,situational,situational4,likert_rating,0
SS1651616982939,US,CA,situational,situational5,likert_rating,5
SS1651617013503,US,CA,personal,personal3,likert_rating,4
SS1651617013503,US,CA,personal,personal1,likert_rating,4
SS1651617013503,US,CA,personal,personal5,likert_rating,4
SS1651617013503,US,CA,personal,personal4,likert_rating,3
SS1651617013503,US,CA,personal,personal0,likert_rating,2
SS1651617013503,US,CA,personal,personal2,likert_rating,2
SS1651617013503,US,CA,situational,situational0,likert_rating,2
SS1651617013503,US,CA,situational,situational1,likert_rating,0
SS1651617013503,US,CA,situational,situational2,likert_rating,4
SS1651617013503,US,CA,situational,situational3,likert_rating,3
SS1651617013503,US,CA,situational,situational4,likert_rating,0
SS1651617013503,US,CA,situational,situational5,likert_rating,2
SS1651617033971,US,CA,personal,personal3,likert_rating,6
SS1651617033971,US,CA,personal,personal1,likert_rating,6
SS1651617033971,US,CA,personal,personal5,likert_rating,6
SS1651617033971,US,CA,personal,personal4,likert_rating,3
SS1651617033971,US,CA,personal,personal0,likert_rating,4
SS1651617033971,US,CA,personal,personal2,likert_rating,5
SS1651617033971,US,CA,situational,situational0,likert_rating,4
SS1651617033971,US,CA,situational,situational1,likert_rating,4
SS1651617033971,US,CA,situational,situational2,likert_rating,4
SS1651617033971,US,CA,situational,situational3,likert_rating,3
SS1651617033971,US,CA,situational,situational4,likert_rating,5
SS1651617033971,US,CA,situational,situational5,likert_rating,NA
SS1651617071100,US,CA,personal,personal3,likert_rating,3
SS1651617071100,US,CA,personal,personal1,likert_rating,2
SS1651617071100,US,CA,personal,personal5,likert_rating,1
SS1651617071100,US,CA,personal,personal4,likert_rating,4
SS1651617071100,US,CA,personal,personal0,likert_rating,5
SS1651617071100,US,CA,personal,personal2,likert_rating,3
SS1651617071100,US,CA,situational,situational0,likert_rating,0
SS1651617071100,US,CA,situational,situational1,likert_rating,0
SS1651617071100,US,CA,situational,situational2,likert_rating,2
SS1651617071100,US,CA,situational,situational3,likert_rating,4
SS1651617071100,US,CA,situational,situational4,likert_rating,1
SS1651617071100,US,CA,situational,situational5,likert_rating,NA
SS1651617143573,US,CA,personal,personal3,likert_rating,4
SS1651617143573,US,CA,personal,personal1,likert_rating,2
SS1651617143573,US,CA,personal,personal5,likert_rating,5
SS1651617143573,US,CA,personal,personal4,likert_rating,4
SS1651617143573,US,CA,personal,personal0,likert_rating,5
SS1651617143573,US,CA,personal,personal2,likert_rating,5
SS1651617143573,US,CA,situational,situational0,likert_rating,1
SS1651617143573,US,CA,situational,situational1,likert_rating,1
SS1651617143573,US,CA,situational,situational2,likert_rating,2
SS1651617143573,US,CA,situational,situational3,likert_rating,3
SS1651617143573,US,CA,situational,situational4,likert_rating,2
SS1651617143573,US,CA,situational,situational5,likert_rating,NA
SS1651617282312,US,CA,personal,personal3,likert_rating,6
SS1651617282312,US,CA,personal,personal1,likert_rating,2
SS1651617282312,US,CA,personal,personal5,likert_rating,1
SS1651617282312,US,CA,personal,personal4,likert_rating,4
SS1651617282312,US,CA,personal,personal0,likert_rating,5
SS1651617282312,US,CA,personal,personal2,likert_rating,5
SS1651617282312,US,CA,situational,situational0,likert_rating,4
SS1651617282312,US,CA,situational,situational1,likert_rating,0
SS1651617282312,US,CA,situational,situational2,likert_rating,4
SS1651617282312,US,CA,situational,situational3,likert_rating,1
SS1651617282312,US,CA,situational,situational4,likert_rating,2
SS1651617282312,US,CA,situational,situational5,likert_rating,2
SS1651617310480,US,CA,personal,personal3,likert_rating,4
SS1651617310480,US,CA,personal,personal1,likert_rating,4
SS1651617310480,US,CA,personal,personal5,likert_rating,3
SS1651617310480,US,CA,personal,personal4,likert_rating,2
SS1651617310480,US,CA,personal,personal0,likert_rating,1
SS1651617310480,US,CA,personal,personal2,likert_rating,2
SS1651617310480,US,CA,situational,situational0,likert_rating,0
SS1651617310480,US,CA,situational,situational1,likert_rating,0
SS1651617310480,US,CA,situational,situational2,likert_rating,2
SS1651617310480,US,CA,situational,situational3,likert_rating,0
SS1651617310480,US,CA,situational,situational4,likert_rating,0
SS1651617310480,US,CA,situational,situational5,likert_rating,2
SS1651618567608,US,CA,personal,personal3,likert_rating,2
SS1651618567608,US,CA,personal,personal1,likert_rating,6
SS1651618567608,US,CA,personal,personal5,likert_rating,4
SS1651618567608,US,CA,personal,personal4,likert_rating,2
SS1651618567608,US,CA,personal,personal0,likert_rating,4
SS1651618567608,US,CA,personal,personal2,likert_rating,0
SS1651618567608,US,CA,situational,situational0,likert_rating,2
SS1651618567608,US,CA,situational,situational1,likert_rating,0
SS1651618567608,US,CA,situational,situational2,likert_rating,1
SS1651618567608,US,CA,situational,situational3,likert_rating,0
SS1651618567608,US,CA,situational,situational4,likert_rating,1
SS1651618567608,US,CA,situational,situational5,likert_rating,NA
SS1651624230659,US,CA,personal,personal3,likert_rating,2
SS1651624230659,US,CA,personal,personal1,likert_rating,5
SS1651624230659,US,CA,personal,personal5,likert_rating,4
SS1651624230659,US,CA,personal,personal4,likert_rating,0
SS1651624230659,US,CA,personal,personal0,likert_rating,1
SS1651624230659,US,CA,personal,personal2,likert_rating,1
SS1651624230659,US,CA,situational,situational0,likert_rating,0
SS1651624230659,US,CA,situational,situational1,likert_rating,0
SS1651624230659,US,CA,situational,situational2,likert_rating,6
SS1651624230659,US,CA,situational,situational3,likert_rating,0
SS1651624230659,US,CA,situational,situational4,likert_rating,0
SS1651624230659,US,CA,situational,situational5,likert_rating,0
SS1651678198123,US,CA,personal,personal3,likert_rating,1
SS1651678198123,US,CA,personal,personal1,likert_rating,2
SS1651678198123,US,CA,personal,personal5,likert_rating,3
SS1651678198123,US,CA,personal,personal4,likert_rating,2
SS1651678198123,US,CA,personal,personal0,likert_rating,3
SS1651678198123,US,CA,personal,personal2,likert_rating,2
SS1651678198123,US,CA,situational,situational0,likert_rating,0
SS1651678198123,US,CA,situational,situational1,likert_rating,0
SS1651678198123,US,CA,situational,situational2,likert_rating,5
SS1651678198123,US,CA,situational,situational3,likert_rating,1
SS1651678198123,US,CA,situational,situational4,likert_rating,0
SS1651678198123,US,CA,situational,situational5,likert_rating,4
SS1651678202019,US,CA,personal,personal3,likert_rating,0
SS1651678202019,US,CA,personal,personal1,likert_rating,2
SS1651678202019,US,CA,personal,personal5,likert_rating,0
SS1651678202019,US,CA,personal,personal4,likert_rating,2
SS1651678202019,US,CA,personal,personal0,likert_rating,0
SS1651678202019,US,CA,personal,personal2,likert_rating,2
SS1651678202019,US,CA,situational,situational0,likert_rating,0
SS1651678202019,US,CA,situational,situational1,likert_rating,0
SS1651678202019,US,CA,situational,situational2,likert_rating,0
SS1651678202019,US,CA,situational,situational3,likert_rating,0
SS1651678202019,US,CA,situational,situational4,likert_rating,1
SS1651678202019,US,CA,situational,situational5,likert_rating,NA
SS1651678206055,US,CA,personal,personal3,likert_rating,3
SS1651678206055,US,CA,personal,personal1,likert_rating,2
SS1651678206055,US,CA,personal,personal5,likert_rating,2
SS1651678206055,US,CA,personal,personal4,likert_rating,4
SS1651678206055,US,CA,personal,personal0,likert_rating,0
SS1651678206055,US,CA,personal,personal2,likert_rating,3
SS1651678206055,US,CA,situational,situational0,likert_rating,2
SS1651678206055,US,CA,situational,situational1,likert_rating,0
SS1651678206055,US,CA,situational,situational2,likert_rating,6
SS1651678206055,US,CA,situational,situational3,likert_rating,0
SS1651678206055,US,CA,situational,situational4,likert_rating,0
SS1651678206055,US,CA,situational,situational5,likert_rating,2
SS1651678216185,US,CA,personal,personal3,likert_rating,2
SS1651678216185,US,CA,personal,personal1,likert_rating,4
SS1651678216185,US,CA,personal,personal5,likert_rating,6
SS1651678216185,US,CA,personal,personal4,likert_rating,5
SS1651678216185,US,CA,personal,personal0,likert_rating,3
SS1651678216185,US,CA,personal,personal2,likert_rating,4
SS1651678216185,US,CA,situational,situational0,likert_rating,3
SS1651678216185,US,CA,situational,situational1,likert_rating,2
SS1651678216185,US,CA,situational,situational2,likert_rating,3
SS1651678216185,US,CA,situational,situational3,likert_rating,1
SS1651678216185,US,CA,situational,situational4,likert_rating,2
SS1651678216185,US,CA,situational,situational5,likert_rating,NA
SS1651678216437,US,CA,personal,personal3,likert_rating,4
SS1651678216437,US,CA,personal,personal1,likert_rating,5
SS1651678216437,US,CA,personal,personal5,likert_rating,5
SS1651678216437,US,CA,personal,personal4,likert_rating,4
SS1651678216437,US,CA,personal,personal0,likert_rating,5
SS1651678216437,US,CA,personal,personal2,likert_rating,5
SS1651678216437,US,CA,situational,situational0,likert_rating,1
SS1651678216437,US,CA,situational,situational1,likert_rating,2
SS1651678216437,US,CA,situational,situational2,likert_rating,1
SS1651678216437,US,CA,situational,situational3,likert_rating,1
SS1651678216437,US,CA,situational,situational4,likert_rating,1
SS1651678216437,US,CA,situational,situational5,likert_rating,NA
SS1651678218891,US,CA,personal,personal3,likert_rating,3
SS1651678218891,US,CA,personal,personal1,likert_rating,3
SS1651678218891,US,CA,personal,personal5,likert_rating,2
SS1651678218891,US,CA,personal,personal4,likert_rating,4
SS1651678218891,US,CA,personal,personal0,likert_rating,3
SS1651678218891,US,CA,personal,personal2,likert_rating,2
SS1651678218891,US,CA,situational,situational0,likert_rating,1
SS1651678218891,US,CA,situational,situational1,likert_rating,1
SS1651678218891,US,CA,situational,situational2,likert_rating,1
SS1651678218891,US,CA,situational,situational3,likert_rating,1
SS1651678218891,US,CA,situational,situational4,likert_rating,1
SS1651678218891,US,CA,situational,situational5,likert_rating,NA
SS1651678220434,US,CA,personal,personal3,likert_rating,3
SS1651678220434,US,CA,personal,personal1,likert_rating,3
SS1651678220434,US,CA,personal,personal5,likert_rating,4
SS1651678220434,US,CA,personal,personal4,likert_rating,4
SS1651678220434,US,CA,personal,personal0,likert_rating,3
SS1651678220434,US,CA,personal,personal2,likert_rating,4
SS1651678220434,US,CA,situational,situational0,likert_rating,2
SS1651678220434,US,CA,situational,situational1,likert_rating,2
SS1651678220434,US,CA,situational,situational2,likert_rating,3
SS1651678220434,US,CA,situational,situational3,likert_rating,4
SS1651678220434,US,CA,situational,situational4,likert_rating,1
SS1651678220434,US,CA,situational,situational5,likert_rating,2
SS1651678224995,US,CA,personal,personal3,likert_rating,5
SS1651678224995,US,CA,personal,personal1,likert_rating,3
SS1651678224995,US,CA,personal,personal5,likert_rating,4
SS1651678224995,US,CA,personal,personal4,likert_rating,2
SS1651678224995,US,CA,personal,personal0,likert_rating,3
SS1651678224995,US,CA,personal,personal2,likert_rating,5
SS1651678224995,US,CA,situational,situational0,likert_rating,4
SS1651678224995,US,CA,situational,situational1,likert_rating,4
SS1651678224995,US,CA,situational,situational2,likert_rating,4
SS1651678224995,US,CA,situational,situational3,likert_rating,4
SS1651678224995,US,CA,situational,situational4,likert_rating,3
SS1651678224995,US,CA,situational,situational5,likert_rating,NA
SS1651678226524,US,CA,personal,personal3,likert_rating,3
SS1651678226524,US,CA,personal,personal1,likert_rating,2
SS1651678226524,US,CA,personal,personal5,likert_rating,6
SS1651678226524,US,CA,personal,personal4,likert_rating,2
SS1651678226524,US,CA,personal,personal0,likert_rating,2
SS1651678226524,US,CA,personal,personal2,likert_rating,1
SS1651678226524,US,CA,situational,situational0,likert_rating,1
SS1651678226524,US,CA,situational,situational1,likert_rating,1
SS1651678226524,US,CA,situational,situational2,likert_rating,2
SS1651678226524,US,CA,situational,situational3,likert_rating,3
SS1651678226524,US,CA,situational,situational4,likert_rating,2
SS1651678226524,US,CA,situational,situational5,likert_rating,4
SS1651678227696,US,CA,personal,personal3,likert_rating,4
SS1651678227696,US,CA,personal,personal1,likert_rating,3
SS1651678227696,US,CA,personal,personal5,likert_rating,6
SS1651678227696,US,CA,personal,personal4,likert_rating,5
SS1651678227696,US,CA,personal,personal0,likert_rating,2
SS1651678227696,US,CA,personal,personal2,likert_rating,4
SS1651678227696,US,CA,situational,situational0,likert_rating,2
SS1651678227696,US,CA,situational,situational1,likert_rating,0
SS1651678227696,US,CA,situational,situational2,likert_rating,2
SS1651678227696,US,CA,situational,situational3,likert_rating,0
SS1651678227696,US,CA,situational,situational4,likert_rating,1
SS1651678227696,US,CA,situational,situational5,likert_rating,5
SS1651678229872,US,CA,personal,personal3,likert_rating,4
SS1651678229872,US,CA,personal,personal1,likert_rating,3
SS1651678229872,US,CA,personal,personal5,likert_rating,4
SS1651678229872,US,CA,personal,personal4,likert_rating,4
SS1651678229872,US,CA,personal,personal0,likert_rating,3
SS1651678229872,US,CA,personal,personal2,likert_rating,3
SS1651678229872,US,CA,situational,situational0,likert_rating,4
SS1651678229872,US,CA,situational,situational1,likert_rating,4
SS1651678229872,US,CA,situational,situational2,likert_rating,4
SS1651678229872,US,CA,situational,situational3,likert_rating,4
SS1651678229872,US,CA,situational,situational4,likert_rating,3
SS1651678229872,US,CA,situational,situational5,likert_rating,3
SS1651678231224,US,CA,personal,personal3,likert_rating,6
SS1651678231224,US,CA,personal,personal1,likert_rating,4
SS1651678231224,US,CA,personal,personal5,likert_rating,2
SS1651678231224,US,CA,personal,personal4,likert_rating,1
SS1651678231224,US,CA,personal,personal0,likert_rating,5
SS1651678231224,US,CA,personal,personal2,likert_rating,6
SS1651678231224,US,CA,situational,situational0,likert_rating,0
SS1651678231224,US,CA,situational,situational1,likert_rating,0
SS1651678231224,US,CA,situational,situational2,likert_rating,0
SS1651678231224,US,CA,situational,situational3,likert_rating,1
SS1651678231224,US,CA,situational,situational4,likert_rating,0
SS1651678231224,US,CA,situational,situational5,likert_rating,NA
SS1651678232565,US,CA,personal,personal3,likert_rating,5
SS1651678232565,US,CA,personal,personal1,likert_rating,3
SS1651678232565,US,CA,personal,personal5,likert_rating,4
SS1651678232565,US,CA,personal,personal4,likert_rating,3
SS1651678232565,US,CA,personal,personal0,likert_rating,4
SS1651678232565,US,CA,personal,personal2,likert_rating,2
SS1651678232565,US,CA,situational,situational0,likert_rating,1
SS1651678232565,US,CA,situational,situational1,likert_rating,1
SS1651678232565,US,CA,situational,situational2,likert_rating,6
SS1651678232565,US,CA,situational,situational3,likert_rating,1
SS1651678232565,US,CA,situational,situational4,likert_rating,0
SS1651678232565,US,CA,situational,situational5,likert_rating,0
SS1651678239759,US,CA,personal,personal3,likert_rating,6
SS1651678239759,US,CA,personal,personal1,likert_rating,3
SS1651678239759,US,CA,personal,personal5,likert_rating,1
SS1651678239759,US,CA,personal,personal4,likert_rating,1
SS1651678239759,US,CA,personal,personal0,likert_rating,6
SS1651678239759,US,CA,personal,personal2,likert_rating,5
SS1651678239759,US,CA,situational,situational0,likert_rating,0
SS1651678239759,US,CA,situational,situational1,likert_rating,0
SS1651678239759,US,CA,situational,situational2,likert_rating,1
SS1651678239759,US,CA,situational,situational3,likert_rating,0
SS1651678239759,US,CA,situational,situational4,likert_rating,1
SS1651678239759,US,CA,situational,situational5,likert_rating,NA
SS1651678242246,US,CA,personal,personal3,likert_rating,2
SS1651678242246,US,CA,personal,personal1,likert_rating,5
SS1651678242246,US,CA,personal,personal5,likert_rating,6
SS1651678242246,US,CA,personal,personal4,likert_rating,6
SS1651678242246,US,CA,personal,personal0,likert_rating,3
SS1651678242246,US,CA,personal,personal2,likert_rating,3
SS1651678242246,US,CA,situational,situational0,likert_rating,0
SS1651678242246,US,CA,situational,situational1,likert_rating,0
SS1651678242246,US,CA,situational,situational2,likert_rating,0
SS1651678242246,US,CA,situational,situational3,likert_rating,0
SS1651678242246,US,CA,situational,situational4,likert_rating,0
SS1651678242246,US,CA,situational,situational5,likert_rating,NA
SS1651678243882,US,CA,personal,personal3,likert_rating,5
SS1651678243882,US,CA,personal,personal1,likert_rating,6
SS1651678243882,US,CA,personal,personal5,likert_rating,5
SS1651678243882,US,CA,personal,personal4,likert_rating,3
SS1651678243882,US,CA,personal,personal0,likert_rating,5
SS1651678243882,US,CA,personal,personal2,likert_rating,4
SS1651678243882,US,CA,situational,situational0,likert_rating,0
SS1651678243882,US,CA,situational,situational1,likert_rating,0
SS1651678243882,US,CA,situational,situational2,likert_rating,2
SS1651678243882,US,CA,situational,situational3,likert_rating,1
SS1651678243882,US,CA,situational,situational4,likert_rating,0
SS1651678243882,US,CA,situational,situational5,likert_rating,NA
SS1651678244241,US,CA,personal,personal3,likert_rating,2
SS1651678244241,US,CA,personal,personal1,likert_rating,5
SS1651678244241,US,CA,personal,personal5,likert_rating,4
SS1651678244241,US,CA,personal,personal4,likert_rating,2
SS1651678244241,US,CA,personal,personal0,likert_rating,4
SS1651678244241,US,CA,personal,personal2,likert_rating,3
SS1651678244241,US,CA,situational,situational0,likert_rating,1
SS1651678244241,US,CA,situational,situational1,likert_rating,0
SS1651678244241,US,CA,situational,situational2,likert_rating,2
SS1651678244241,US,CA,situational,situational3,likert_rating,1
SS1651678244241,US,CA,situational,situational4,likert_rating,3
SS1651678244241,US,CA,situational,situational5,likert_rating,NA
SS1651678245327,US,CA,personal,personal3,likert_rating,1
SS1651678245327,US,CA,personal,personal1,likert_rating,4
SS1651678245327,US,CA,personal,personal5,likert_rating,4
SS1651678245327,US,CA,personal,personal4,likert_rating,4
SS1651678245327,US,CA,personal,personal0,likert_rating,1
SS1651678245327,US,CA,personal,personal2,likert_rating,1
SS1651678245327,US,CA,situational,situational0,likert_rating,0
SS1651678245327,US,CA,situational,situational1,likert_rating,0
SS1651678245327,US,CA,situational,situational2,likert_rating,0
SS1651678245327,US,CA,situational,situational3,likert_rating,0
SS1651678245327,US,CA,situational,situational4,likert_rating,1
SS1651678245327,US,CA,situational,situational5,likert_rating,NA
SS1651678246113,US,CA,personal,personal3,likert_rating,1
SS1651678246113,US,CA,personal,personal1,likert_rating,2
SS1651678246113,US,CA,personal,personal5,likert_rating,2
SS1651678246113,US,CA,personal,personal4,likert_rating,0
SS1651678246113,US,CA,personal,personal0,likert_rating,3
SS1651678246113,US,CA,personal,personal2,likert_rating,0
SS1651678246113,US,CA,situational,situational0,likert_rating,1
SS1651678246113,US,CA,situational,situational1,likert_rating,0
SS1651678246113,US,CA,situational,situational2,likert_rating,1
SS1651678246113,US,CA,situational,situational3,likert_rating,0
SS1651678246113,US,CA,situational,situational4,likert_rating,1
SS1651678246113,US,CA,situational,situational5,likert_rating,NA
SS1651678246330,US,CA,personal,personal3,likert_rating,3
SS1651678246330,US,CA,personal,personal1,likert_rating,3
SS1651678246330,US,CA,personal,personal5,likert_rating,5
SS1651678246330,US,CA,personal,personal4,likert_rating,4
SS1651678246330,US,CA,personal,personal0,likert_rating,1
SS1651678246330,US,CA,personal,personal2,likert_rating,5
SS1651678246330,US,CA,situational,situational0,likert_rating,3
SS1651678246330,US,CA,situational,situational1,likert_rating,2
SS1651678246330,US,CA,situational,situational2,likert_rating,1
SS1651678246330,US,CA,situational,situational3,likert_rating,1
SS1651678246330,US,CA,situational,situational4,likert_rating,0
SS1651678246330,US,CA,situational,situational5,likert_rating,0
SS1651678246330,US,CA,personal,personal3,likert_rating,NA
SS1651678246330,US,CA,personal,personal1,likert_rating,NA
SS1651678246330,US,CA,personal,personal5,likert_rating,NA
SS1651678246330,US,CA,personal,personal4,likert_rating,NA
SS1651678246330,US,CA,personal,personal0,likert_rating,NA
SS1651678246330,US,CA,personal,personal2,likert_rating,NA
SS1651678246330,US,CA,situational,situational0,likert_rating,NA
SS1651678246330,US,CA,situational,situational1,likert_rating,NA
SS1651678246330,US,CA,situational,situational2,likert_rating,NA
SS1651678246330,US,CA,situational,situational3,likert_rating,NA
SS1651678246330,US,CA,situational,situational4,likert_rating,NA
SS1651678246330,US,CA,situational,situational5,likert_rating,NA
SS1651678248637,US,CA,personal,personal3,likert_rating,NA
SS1651678248637,US,CA,personal,personal1,likert_rating,NA
SS1651678248637,US,CA,personal,personal5,likert_rating,NA
SS1651678248637,US,CA,personal,personal4,likert_rating,NA
SS1651678248637,US,CA,personal,personal0,likert_rating,NA
SS1651678248637,US,CA,personal,personal2,likert_rating,NA
SS1651678248637,US,CA,situational,situational0,likert_rating,NA
SS1651678248637,US,CA,situational,situational1,likert_rating,NA
SS1651678248637,US,CA,situational,situational2,likert_rating,NA
SS1651678248637,US,CA,situational,situational3,likert_rating,NA
SS1651678248637,US,CA,situational,situational4,likert_rating,NA
SS1651678248637,US,CA,situational,situational5,likert_rating,NA
SS1651678248637,US,CA,personal,personal3,likert_rating,2
SS1651678248637,US,CA,personal,personal1,likert_rating,2
SS1651678248637,US,CA,personal,personal5,likert_rating,0
SS1651678248637,US,CA,personal,personal4,likert_rating,1
SS1651678248637,US,CA,personal,personal0,likert_rating,1
SS1651678248637,US,CA,personal,personal2,likert_rating,1
SS1651678248637,US,CA,situational,situational0,likert_rating,0
SS1651678248637,US,CA,situational,situational1,likert_rating,0
SS1651678248637,US,CA,situational,situational2,likert_rating,5
SS1651678248637,US,CA,situational,situational3,likert_rating,0
SS1651678248637,US,CA,situational,situational4,likert_rating,0
SS1651678248637,US,CA,situational,situational5,likert_rating,2
SS1651678248637,US,CA,personal,personal3,likert_rating,NA
SS1651678248637,US,CA,personal,personal1,likert_rating,NA
SS1651678248637,US,CA,personal,personal5,likert_rating,NA
SS1651678248637,US,CA,personal,personal4,likert_rating,NA
SS1651678248637,US,CA,personal,personal0,likert_rating,NA
SS1651678248637,US,CA,personal,personal2,likert_rating,NA
SS1651678248637,US,CA,situational,situational0,likert_rating,NA
SS1651678248637,US,CA,situational,situational1,likert_rating,NA
SS1651678248637,US,CA,situational,situational2,likert_rating,NA
SS1651678248637,US,CA,situational,situational3,likert_rating,NA
SS1651678248637,US,CA,situational,situational4,likert_rating,NA
SS1651678248637,US,CA,situational,situational5,likert_rating,NA
SS1651678248989,US,CA,personal,personal3,likert_rating,4
SS1651678248989,US,CA,personal,personal1,likert_rating,2
SS1651678248989,US,CA,personal,personal5,likert_rating,4
SS1651678248989,US,CA,personal,personal4,likert_rating,5
SS1651678248989,US,CA,personal,personal0,likert_rating,1
SS1651678248989,US,CA,personal,personal2,likert_rating,5
SS1651678248989,US,CA,situational,situational0,likert_rating,5
SS1651678248989,US,CA,situational,situational1,likert_rating,1
SS1651678248989,US,CA,situational,situational2,likert_rating,3
SS1651678248989,US,CA,situational,situational3,likert_rating,1
SS1651678248989,US,CA,situational,situational4,likert_rating,0
SS1651678248989,US,CA,situational,situational5,likert_rating,2
SS1651678249603,US,CA,personal,personal3,likert_rating,3
SS1651678249603,US,CA,personal,personal1,likert_rating,2
SS1651678249603,US,CA,personal,personal5,likert_rating,2
SS1651678249603,US,CA,personal,personal4,likert_rating,2
SS1651678249603,US,CA,personal,personal0,likert_rating,0
SS1651678249603,US,CA,personal,personal2,likert_rating,5
SS1651678249603,US,CA,situational,situational0,likert_rating,0
SS1651678249603,US,CA,situational,situational1,likert_rating,2
SS1651678249603,US,CA,situational,situational2,likert_rating,3
SS1651678249603,US,CA,situational,situational3,likert_rating,4
SS1651678249603,US,CA,situational,situational4,likert_rating,1
SS1651678249603,US,CA,situational,situational5,likert_rating,NA
SS1651678250397,US,CA,personal,personal3,likert_rating,5
SS1651678250397,US,CA,personal,personal1,likert_rating,5
SS1651678250397,US,CA,personal,personal5,likert_rating,6
SS1651678250397,US,CA,personal,personal4,likert_rating,6
SS1651678250397,US,CA,personal,personal0,likert_rating,5
SS1651678250397,US,CA,personal,personal2,likert_rating,5
SS1651678250397,US,CA,situational,situational0,likert_rating,0
SS1651678250397,US,CA,situational,situational1,likert_rating,0
SS1651678250397,US,CA,situational,situational2,likert_rating,0
SS1651678250397,US,CA,situational,situational3,likert_rating,1
SS1651678250397,US,CA,situational,situational4,likert_rating,0
SS1651678250397,US,CA,situational,situational5,likert_rating,NA
SS1651678252363,US,CA,personal,personal3,likert_rating,6
SS1651678252363,US,CA,personal,personal1,likert_rating,4
SS1651678252363,US,CA,personal,personal5,likert_rating,6
SS1651678252363,US,CA,personal,personal4,likert_rating,1
SS1651678252363,US,CA,personal,personal0,likert_rating,3
SS1651678252363,US,CA,personal,personal2,likert_rating,5
SS1651678252363,US,CA,situational,situational0,likert_rating,2
SS1651678252363,US,CA,situational,situational1,likert_rating,0
SS1651678252363,US,CA,situational,situational2,likert_rating,5
SS1651678252363,US,CA,situational,situational3,likert_rating,1
SS1651678252363,US,CA,situational,situational4,likert_rating,0
SS1651678252363,US,CA,situational,situational5,likert_rating,1
SS1651678252935,US,CA,personal,personal3,likert_rating,3
SS1651678252935,US,CA,personal,personal1,likert_rating,0
SS1651678252935,US,CA,personal,personal5,likert_rating,2
SS1651678252935,US,CA,personal,personal4,likert_rating,2
SS1651678252935,US,CA,personal,personal0,likert_rating,1
SS1651678252935,US,CA,personal,personal2,likert_rating,4
SS1651678252935,US,CA,situational,situational0,likert_rating,0
SS1651678252935,US,CA,situational,situational1,likert_rating,0
SS1651678252935,US,CA,situational,situational2,likert_rating,3
SS1651678252935,US,CA,situational,situational3,likert_rating,0
SS1651678252935,US,CA,situational,situational4,likert_rating,1
SS1651678252935,US,CA,situational,situational5,likert_rating,NA
SS1651678253736,US,CA,personal,personal3,likert_rating,3
SS1651678253736,US,CA,personal,personal1,likert_rating,5
SS1651678253736,US,CA,personal,personal5,likert_rating,2
SS1651678253736,US,CA,personal,personal4,likert_rating,2
SS1651678253736,US,CA,personal,personal0,likert_rating,0
SS1651678253736,US,CA,personal,personal2,likert_rating,2
SS1651678253736,US,CA,situational,situational0,likert_rating,5
SS1651678253736,US,CA,situational,situational1,likert_rating,1
SS1651678253736,US,CA,situational,situational2,likert_rating,1
SS1651678253736,US,CA,situational,situational3,likert_rating,2
SS1651678253736,US,CA,situational,situational4,likert_rating,2
SS1651678253736,US,CA,situational,situational5,likert_rating,1
SS1651678256204,US,CA,personal,personal3,likert_rating,2
SS1651678256204,US,CA,personal,personal1,likert_rating,6
SS1651678256204,US,CA,personal,personal5,likert_rating,1
SS1651678256204,US,CA,personal,personal4,likert_rating,2
SS1651678256204,US,CA,personal,personal0,likert_rating,4
SS1651678256204,US,CA,personal,personal2,likert_rating,0
SS1651678256204,US,CA,situational,situational0,likert_rating,0
SS1651678256204,US,CA,situational,situational1,likert_rating,2
SS1651678256204,US,CA,situational,situational2,likert_rating,5
SS1651678256204,US,CA,situational,situational3,likert_rating,4
SS1651678256204,US,CA,situational,situational4,likert_rating,4
SS1651678256204,US,CA,situational,situational5,likert_rating,NA
SS1651678257395,US,CA,personal,personal3,likert_rating,2
SS1651678257395,US,CA,personal,personal1,likert_rating,0
SS1651678257395,US,CA,personal,personal5,likert_rating,2
SS1651678257395,US,CA,personal,personal4,likert_rating,1
SS1651678257395,US,CA,personal,personal0,likert_rating,1
SS1651678257395,US,CA,personal,personal2,likert_rating,5
SS1651678257395,US,CA,situational,situational0,likert_rating,6
SS1651678257395,US,CA,situational,situational1,likert_rating,2
SS1651678257395,US,CA,situational,situational2,likert_rating,2
SS1651678257395,US,CA,situational,situational3,likert_rating,2
SS1651678257395,US,CA,situational,situational4,likert_rating,0
SS1651678257395,US,CA,situational,situational5,likert_rating,1
SS1651678258791,US,CA,personal,personal3,likert_rating,5
SS1651678258791,US,CA,personal,personal1,likert_rating,1
SS1651678258791,US,CA,personal,personal5,likert_rating,2
SS1651678258791,US,CA,personal,personal4,likert_rating,3
SS1651678258791,US,CA,personal,personal0,likert_rating,2
SS1651678258791,US,CA,personal,personal2,likert_rating,5
SS1651678258791,US,CA,situational,situational0,likert_rating,0
SS1651678258791,US,CA,situational,situational1,likert_rating,0
SS1651678258791,US,CA,situational,situational2,likert_rating,2
SS1651678258791,US,CA,situational,situational3,likert_rating,0
SS1651678258791,US,CA,situational,situational4,likert_rating,0
SS1651678258791,US,CA,situational,situational5,likert_rating,NA
SS1651678259296,US,CA,personal,personal3,likert_rating,5
SS1651678259296,US,CA,personal,personal1,likert_rating,4
SS1651678259296,US,CA,personal,personal5,likert_rating,4
SS1651678259296,US,CA,personal,personal4,likert_rating,2
SS1651678259296,US,CA,personal,personal0,likert_rating,5
SS1651678259296,US,CA,personal,personal2,likert_rating,5
SS1651678259296,US,CA,situational,situational0,likert_rating,1
SS1651678259296,US,CA,situational,situational1,likert_rating,0
SS1651678259296,US,CA,situational,situational2,likert_rating,2
SS1651678259296,US,CA,situational,situational3,likert_rating,1
SS1651678259296,US,CA,situational,situational4,likert_rating,1
SS1651678259296,US,CA,situational,situational5,likert_rating,NA
SS1651678260164,US,CA,personal,personal3,likert_rating,5
SS1651678260164,US,CA,personal,personal1,likert_rating,2
SS1651678260164,US,CA,personal,personal5,likert_rating,0
SS1651678260164,US,CA,personal,personal4,likert_rating,1
SS1651678260164,US,CA,personal,personal0,likert_rating,5
SS1651678260164,US,CA,personal,personal2,likert_rating,5
SS1651678260164,US,CA,situational,situational0,likert_rating,0
SS1651678260164,US,CA,situational,situational1,likert_rating,0
SS1651678260164,US,CA,situational,situational2,likert_rating,0
SS1651678260164,US,CA,situational,situational3,likert_rating,0
SS1651678260164,US,CA,situational,situational4,likert_rating,0
SS1651678260164,US,CA,situational,situational5,likert_rating,NA
SS1651678260663,US,CA,personal,personal3,likert_rating,3
SS1651678260663,US,CA,personal,personal1,likert_rating,2
SS1651678260663,US,CA,personal,personal5,likert_rating,4
SS1651678260663,US,CA,personal,personal4,likert_rating,3
SS1651678260663,US,CA,personal,personal0,likert_rating,2
SS1651678260663,US,CA,personal,personal2,likert_rating,2
SS1651678260663,US,CA,situational,situational0,likert_rating,1
SS1651678260663,US,CA,situational,situational1,likert_rating,1
SS1651678260663,US,CA,situational,situational2,likert_rating,2
SS1651678260663,US,CA,situational,situational3,likert_rating,0
SS1651678260663,US,CA,situational,situational4,likert_rating,0
SS1651678260663,US,CA,situational,situational5,likert_rating,1
SS1651678261063,US,CA,personal,personal3,likert_rating,5
SS1651678261063,US,CA,personal,personal1,likert_rating,3
SS1651678261063,US,CA,personal,personal5,likert_rating,3
SS1651678261063,US,CA,personal,personal4,likert_rating,6
SS1651678261063,US,CA,personal,personal0,likert_rating,0
SS1651678261063,US,CA,personal,personal2,likert_rating,0
SS1651678261063,US,CA,situational,situational0,likert_rating,0
SS1651678261063,US,CA,situational,situational1,likert_rating,0
SS1651678261063,US,CA,situational,situational2,likert_rating,0
SS1651678261063,US,CA,situational,situational3,likert_rating,0
SS1651678261063,US,CA,situational,situational4,likert_rating,2
SS1651678261063,US,CA,situational,situational5,likert_rating,NA
SS1651678261912,US,CA,personal,personal3,likert_rating,3
SS1651678261912,US,CA,personal,personal1,likert_rating,4
SS1651678261912,US,CA,personal,personal5,likert_rating,4
SS1651678261912,US,CA,personal,personal4,likert_rating,5
SS1651678261912,US,CA,personal,personal0,likert_rating,2
SS1651678261912,US,CA,personal,personal2,likert_rating,2
SS1651678261912,US,CA,situational,situational0,likert_rating,5
SS1651678261912,US,CA,situational,situational1,likert_rating,0
SS1651678261912,US,CA,situational,situational2,likert_rating,6
SS1651678261912,US,CA,situational,situational3,likert_rating,0
SS1651678261912,US,CA,situational,situational4,likert_rating,0
SS1651678261912,US,CA,situational,situational5,likert_rating,1
SS1651678262590,US,CA,personal,personal3,likert_rating,3
SS1651678262590,US,CA,personal,personal1,likert_rating,3
SS1651678262590,US,CA,personal,personal5,likert_rating,5
SS1651678262590,US,CA,personal,personal4,likert_rating,5
SS1651678262590,US,CA,personal,personal0,likert_rating,2
SS1651678262590,US,CA,personal,personal2,likert_rating,4
SS1651678262590,US,CA,situational,situational0,likert_rating,2
SS1651678262590,US,CA,situational,situational1,likert_rating,2
SS1651678262590,US,CA,situational,situational2,likert_rating,4
SS1651678262590,US,CA,situational,situational3,likert_rating,2
SS1651678262590,US,CA,situational,situational4,likert_rating,1
SS1651678262590,US,CA,situational,situational5,likert_rating,3
SS1651678262854,US,CA,personal,personal3,likert_rating,5
SS1651678262854,US,CA,personal,personal1,likert_rating,5
SS1651678262854,US,CA,personal,personal5,likert_rating,5
SS1651678262854,US,CA,personal,personal4,likert_rating,6
SS1651678262854,US,CA,personal,personal0,likert_rating,0
SS1651678262854,US,CA,personal,personal2,likert_rating,5
SS1651678262854,US,CA,situational,situational0,likert_rating,0
SS1651678262854,US,CA,situational,situational1,likert_rating,0
SS1651678262854,US,CA,situational,situational2,likert_rating,5
SS1651678262854,US,CA,situational,situational3,likert_rating,0
SS1651678262854,US,CA,situational,situational4,likert_rating,0
SS1651678262854,US,CA,situational,situational5,likert_rating,0
SS1651678263725,US,CA,personal,personal3,likert_rating,2
SS1651678263725,US,CA,personal,personal1,likert_rating,3
SS1651678263725,US,CA,personal,personal5,likert_rating,2
SS1651678263725,US,CA,personal,personal4,likert_rating,0
SS1651678263725,US,CA,personal,personal0,likert_rating,2
SS1651678263725,US,CA,personal,personal2,likert_rating,2
SS1651678263725,US,CA,situational,situational0,likert_rating,2
SS1651678263725,US,CA,situational,situational1,likert_rating,0
SS1651678263725,US,CA,situational,situational2,likert_rating,5
SS1651678263725,US,CA,situational,situational3,likert_rating,2
SS1651678263725,US,CA,situational,situational4,likert_rating,2
SS1651678263725,US,CA,situational,situational5,likert_rating,6
SS1651678265100,US,CA,personal,personal3,likert_rating,4
SS1651678265100,US,CA,personal,personal1,likert_rating,1
SS1651678265100,US,CA,personal,personal5,likert_rating,2
SS1651678265100,US,CA,personal,personal4,likert_rating,2
SS1651678265100,US,CA,personal,personal0,likert_rating,4
SS1651678265100,US,CA,personal,personal2,likert_rating,2
SS1651678265100,US,CA,situational,situational0,likert_rating,2
SS1651678265100,US,CA,situational,situational1,likert_rating,1
SS1651678265100,US,CA,situational,situational2,likert_rating,2
SS1651678265100,US,CA,situational,situational3,likert_rating,2
SS1651678265100,US,CA,situational,situational4,likert_rating,2
SS1651678265100,US,CA,situational,situational5,likert_rating,1
SS1651678265263,US,CA,personal,personal3,likert_rating,2
SS1651678265263,US,CA,personal,personal1,likert_rating,2
SS1651678265263,US,CA,personal,personal5,likert_rating,1
SS1651678265263,US,CA,personal,personal4,likert_rating,5
SS1651678265263,US,CA,personal,personal0,likert_rating,1
SS1651678265263,US,CA,personal,personal2,likert_rating,2
SS1651678265263,US,CA,situational,situational0,likert_rating,0
SS1651678265263,US,CA,situational,situational1,likert_rating,0
SS1651678265263,US,CA,situational,situational2,likert_rating,5
SS1651678265263,US,CA,situational,situational3,likert_rating,0
SS1651678265263,US,CA,situational,situational4,likert_rating,0
SS1651678265263,US,CA,situational,situational5,likert_rating,0
SS1651678267011,US,CA,personal,personal3,likert_rating,0
SS1651678267011,US,CA,personal,personal1,likert_rating,0
SS1651678267011,US,CA,personal,personal5,likert_rating,0
SS1651678267011,US,CA,personal,personal4,likert_rating,0
SS1651678267011,US,CA,personal,personal0,likert_rating,0
SS1651678267011,US,CA,personal,personal2,likert_rating,0
SS1651678267011,US,CA,situational,situational0,likert_rating,1
SS1651678267011,US,CA,situational,situational1,likert_rating,0
SS1651678267011,US,CA,situational,situational2,likert_rating,5
SS1651678267011,US,CA,situational,situational3,likert_rating,0
SS1651678267011,US,CA,situational,situational4,likert_rating,0
SS1651678267011,US,CA,situational,situational5,likert_rating,5
SS1651678267140,US,CA,personal,personal3,likert_rating,5
SS1651678267140,US,CA,personal,personal1,likert_rating,5
SS1651678267140,US,CA,personal,personal5,likert_rating,4
SS1651678267140,US,CA,personal,personal4,likert_rating,4
SS1651678267140,US,CA,personal,personal0,likert_rating,4
SS1651678267140,US,CA,personal,personal2,likert_rating,3
SS1651678267140,US,CA,situational,situational0,likert_rating,2
SS1651678267140,US,CA,situational,situational1,likert_rating,0
SS1651678267140,US,CA,situational,situational2,likert_rating,1
SS1651678267140,US,CA,situational,situational3,likert_rating,0
SS1651678267140,US,CA,situational,situational4,likert_rating,1
SS1651678267140,US,CA,situational,situational5,likert_rating,NA
SS1651678267405,US,CA,personal,personal3,likert_rating,3
SS1651678267405,US,CA,personal,personal1,likert_rating,4
SS1651678267405,US,CA,personal,personal5,likert_rating,4
SS1651678267405,US,CA,personal,personal4,likert_rating,5
SS1651678267405,US,CA,personal,personal0,likert_rating,2
SS1651678267405,US,CA,personal,personal2,likert_rating,2
SS1651678267405,US,CA,situational,situational0,likert_rating,1
SS1651678267405,US,CA,situational,situational1,likert_rating,4
SS1651678267405,US,CA,situational,situational2,likert_rating,5
SS1651678267405,US,CA,situational,situational3,likert_rating,1
SS1651678267405,US,CA,situational,situational4,likert_rating,1
SS1651678267405,US,CA,situational,situational5,likert_rating,NA
SS1651678268119,US,CA,personal,personal3,likert_rating,1
SS1651678268119,US,CA,personal,personal1,likert_rating,1
SS1651678268119,US,CA,personal,personal5,likert_rating,3
SS1651678268119,US,CA,personal,personal4,likert_rating,2
SS1651678268119,US,CA,personal,personal0,likert_rating,2
SS1651678268119,US,CA,personal,personal2,likert_rating,6
SS1651678268119,US,CA,situational,situational0,likert_rating,0
SS1651678268119,US,CA,situational,situational1,likert_rating,0
SS1651678268119,US,CA,situational,situational2,likert_rating,2
SS1651678268119,US,CA,situational,situational3,likert_rating,2
SS1651678268119,US,CA,situational,situational4,likert_rating,2
SS1651678268119,US,CA,situational,situational5,likert_rating,NA
SS1651678270245,US,CA,personal,personal3,likert_rating,5
SS1651678270245,US,CA,personal,personal1,likert_rating,3
SS1651678270245,US,CA,personal,personal5,likert_rating,4
SS1651678270245,US,CA,personal,personal4,likert_rating,5
SS1651678270245,US,CA,personal,personal0,likert_rating,2
SS1651678270245,US,CA,personal,personal2,likert_rating,3
SS1651678270245,US,CA,situational,situational0,likert_rating,0
SS1651678270245,US,CA,situational,situational1,likert_rating,1
SS1651678270245,US,CA,situational,situational2,likert_rating,3
SS1651678270245,US,CA,situational,situational3,likert_rating,0
SS1651678270245,US,CA,situational,situational4,likert_rating,0
SS1651678270245,US,CA,situational,situational5,likert_rating,NA
SS1651678270524,US,CA,personal,personal3,likert_rating,5
SS1651678270524,US,CA,personal,personal1,likert_rating,2
SS1651678270524,US,CA,personal,personal5,likert_rating,2
SS1651678270524,US,CA,personal,personal4,likert_rating,2
SS1651678270524,US,CA,personal,personal0,likert_rating,5
SS1651678270524,US,CA,personal,personal2,likert_rating,3
SS1651678270524,US,CA,situational,situational0,likert_rating,2
SS1651678270524,US,CA,situational,situational1,likert_rating,0
SS1651678270524,US,CA,situational,situational2,likert_rating,2
SS1651678270524,US,CA,situational,situational3,likert_rating,0
SS1651678270524,US,CA,situational,situational4,likert_rating,0
SS1651678270524,US,CA,situational,situational5,likert_rating,NA
SS1651678271326,US,CA,personal,personal3,likert_rating,0
SS1651678271326,US,CA,personal,personal1,likert_rating,2
SS1651678271326,US,CA,personal,personal5,likert_rating,5
SS1651678271326,US,CA,personal,personal4,likert_rating,2
SS1651678271326,US,CA,personal,personal0,likert_rating,3
SS1651678271326,US,CA,personal,personal2,likert_rating,3
SS1651678271326,US,CA,situational,situational0,likert_rating,0
SS1651678271326,US,CA,situational,situational1,likert_rating,0
SS1651678271326,US,CA,situational,situational2,likert_rating,2
SS1651678271326,US,CA,situational,situational3,likert_rating,0
SS1651678271326,US,CA,situational,situational4,likert_rating,0
SS1651678271326,US,CA,situational,situational5,likert_rating,NA
SS1651678274966,US,CA,personal,personal3,likert_rating,2
SS1651678274966,US,CA,personal,personal1,likert_rating,3
SS1651678274966,US,CA,personal,personal5,likert_rating,1
SS1651678274966,US,CA,personal,personal4,likert_rating,0
SS1651678274966,US,CA,personal,personal0,likert_rating,4
SS1651678274966,US,CA,personal,personal2,likert_rating,4
SS1651678274966,US,CA,situational,situational0,likert_rating,0
SS1651678274966,US,CA,situational,situational1,likert_rating,0
SS1651678274966,US,CA,situational,situational2,likert_rating,1
SS1651678274966,US,CA,situational,situational3,likert_rating,0
SS1651678274966,US,CA,situational,situational4,likert_rating,2
SS1651678274966,US,CA,situational,situational5,likert_rating,NA
SS1651678278178,US,CA,personal,personal3,likert_rating,3
SS1651678278178,US,CA,personal,personal1,likert_rating,2
SS1651678278178,US,CA,personal,personal5,likert_rating,5
SS1651678278178,US,CA,personal,personal4,likert_rating,5
SS1651678278178,US,CA,personal,personal0,likert_rating,5
SS1651678278178,US,CA,personal,personal2,likert_rating,5
SS1651678278178,US,CA,situational,situational0,likert_rating,0
SS1651678278178,US,CA,situational,situational1,likert_rating,0
SS1651678278178,US,CA,situational,situational2,likert_rating,0
SS1651678278178,US,CA,situational,situational3,likert_rating,0
SS1651678278178,US,CA,situational,situational4,likert_rating,0
SS1651678278178,US,CA,situational,situational5,likert_rating,NA
SS1651678298946,US,CA,personal,personal3,likert_rating,2
SS1651678298946,US,CA,personal,personal1,likert_rating,5
SS1651678298946,US,CA,personal,personal5,likert_rating,3
SS1651678298946,US,CA,personal,personal4,likert_rating,0
SS1651678298946,US,CA,personal,personal0,likert_rating,3
SS1651678298946,US,CA,personal,personal2,likert_rating,2
SS1651678298946,US,CA,situational,situational0,likert_rating,0
SS1651678298946,US,CA,situational,situational1,likert_rating,0
SS1651678298946,US,CA,situational,situational2,likert_rating,4
SS1651678298946,US,CA,situational,situational3,likert_rating,2
SS1651678298946,US,CA,situational,situational4,likert_rating,2
SS1651678298946,US,CA,situational,situational5,likert_rating,NA
SS1651678302508,US,CA,personal,personal3,likert_rating,3
SS1651678302508,US,CA,personal,personal1,likert_rating,2
SS1651678302508,US,CA,personal,personal5,likert_rating,2
SS1651678302508,US,CA,personal,personal4,likert_rating,3
SS1651678302508,US,CA,personal,personal0,likert_rating,0
SS1651678302508,US,CA,personal,personal2,likert_rating,3
SS1651678302508,US,CA,situational,situational0,likert_rating,0
SS1651678302508,US,CA,situational,situational1,likert_rating,0
SS1651678302508,US,CA,situational,situational2,likert_rating,3
SS1651678302508,US,CA,situational,situational3,likert_rating,0
SS1651678302508,US,CA,situational,situational4,likert_rating,0
SS1651678302508,US,CA,situational,situational5,likert_rating,0
SS1651678327719,US,CA,personal,personal3,likert_rating,2
SS1651678327719,US,CA,personal,personal1,likert_rating,5
SS1651678327719,US,CA,personal,personal5,likert_rating,6
SS1651678327719,US,CA,personal,personal4,likert_rating,1
SS1651678327719,US,CA,personal,personal0,likert_rating,0
SS1651678327719,US,CA,personal,personal2,likert_rating,1
SS1651678327719,US,CA,situational,situational0,likert_rating,1
SS1651678327719,US,CA,situational,situational1,likert_rating,0
SS1651678327719,US,CA,situational,situational2,likert_rating,4
SS1651678327719,US,CA,situational,situational3,likert_rating,1
SS1651678327719,US,CA,situational,situational4,likert_rating,4
SS1651678327719,US,CA,situational,situational5,likert_rating,4
SS1651678327719,US,CA,personal,personal3,likert_rating,NA
SS1651678327719,US,CA,personal,personal1,likert_rating,NA
SS1651678327719,US,CA,personal,personal5,likert_rating,NA
SS1651678327719,US,CA,personal,personal4,likert_rating,NA
SS1651678327719,US,CA,personal,personal0,likert_rating,NA
SS1651678327719,US,CA,personal,personal2,likert_rating,NA
SS1651678327719,US,CA,situational,situational0,likert_rating,NA
SS1651678327719,US,CA,situational,situational1,likert_rating,NA
SS1651678327719,US,CA,situational,situational2,likert_rating,NA
SS1651678327719,US,CA,situational,situational3,likert_rating,NA
SS1651678327719,US,CA,situational,situational4,likert_rating,NA
SS1651678327719,US,CA,situational,situational5,likert_rating,NA
SS1651678328286,US,CA,personal,personal3,likert_rating,1
SS1651678328286,US,CA,personal,personal1,likert_rating,3
SS1651678328286,US,CA,personal,personal5,likert_rating,3
SS1651678328286,US,CA,personal,personal4,likert_rating,6
SS1651678328286,US,CA,personal,personal0,likert_rating,2
SS1651678328286,US,CA,personal,personal2,likert_rating,1
SS1651678328286,US,CA,situational,situational0,likert_rating,0
SS1651678328286,US,CA,situational,situational1,likert_rating,0
SS1651678328286,US,CA,situational,situational2,likert_rating,5
SS1651678328286,US,CA,situational,situational3,likert_rating,0
SS1651678328286,US,CA,situational,situational4,likert_rating,0
SS1651678328286,US,CA,situational,situational5,likert_rating,NA
SS1651678331156,US,CA,personal,personal3,likert_rating,5
SS1651678331156,US,CA,personal,personal1,likert_rating,4
SS1651678331156,US,CA,personal,personal5,likert_rating,5
SS1651678331156,US,CA,personal,personal4,likert_rating,3
SS1651678331156,US,CA,personal,personal0,likert_rating,4
SS1651678331156,US,CA,personal,personal2,likert_rating,3
SS1651678331156,US,CA,situational,situational0,likert_rating,0
SS1651678331156,US,CA,situational,situational1,likert_rating,0
SS1651678331156,US,CA,situational,situational2,likert_rating,1
SS1651678331156,US,CA,situational,situational3,likert_rating,1
SS1651678331156,US,CA,situational,situational4,likert_rating,1
SS1651678331156,US,CA,situational,situational5,likert_rating,NA
SS1651678353530,US,CA,personal,personal3,likert_rating,6
SS1651678353530,US,CA,personal,personal1,likert_rating,4
SS1651678353530,US,CA,personal,personal5,likert_rating,5
SS1651678353530,US,CA,personal,personal4,likert_rating,5
SS1651678353530,US,CA,personal,personal0,likert_rating,4
SS1651678353530,US,CA,personal,personal2,likert_rating,5
SS1651678353530,US,CA,situational,situational0,likert_rating,3
SS1651678353530,US,CA,situational,situational1,likert_rating,2
SS1651678353530,US,CA,situational,situational2,likert_rating,5
SS1651678353530,US,CA,situational,situational3,likert_rating,4
SS1651678353530,US,CA,situational,situational4,likert_rating,4
SS1651678353530,US,CA,situational,situational5,likert_rating,5
SS1651678384991,US,CA,personal,personal3,likert_rating,2
SS1651678384991,US,CA,personal,personal1,likert_rating,1
SS1651678384991,US,CA,personal,personal5,likert_rating,6
SS1651678384991,US,CA,personal,personal4,likert_rating,3
SS1651678384991,US,CA,personal,personal0,likert_rating,5
SS1651678384991,US,CA,personal,personal2,likert_rating,2
SS1651678384991,US,CA,situational,situational0,likert_rating,0
SS1651678384991,US,CA,situational,situational1,likert_rating,1
SS1651678384991,US,CA,situational,situational2,likert_rating,1
SS1651678384991,US,CA,situational,situational3,likert_rating,0
SS1651678384991,US,CA,situational,situational4,likert_rating,1
SS1651678384991,US,CA,situational,situational5,likert_rating,NA
SS1651678386286,US,CA,personal,personal3,likert_rating,4
SS1651678386286,US,CA,personal,personal1,likert_rating,4
SS1651678386286,US,CA,personal,personal5,likert_rating,4
SS1651678386286,US,CA,personal,personal4,likert_rating,2
SS1651678386286,US,CA,personal,personal0,likert_rating,4
SS1651678386286,US,CA,personal,personal2,likert_rating,4
SS1651678386286,US,CA,situational,situational0,likert_rating,1
SS1651678386286,US,CA,situational,situational1,likert_rating,1
SS1651678386286,US,CA,situational,situational2,likert_rating,5
SS1651678386286,US,CA,situational,situational3,likert_rating,1
SS1651678386286,US,CA,situational,situational4,likert_rating,1
SS1651678386286,US,CA,situational,situational5,likert_rating,1
SS1651678409670,US,CA,personal,personal3,likert_rating,4
SS1651678409670,US,CA,personal,personal1,likert_rating,4
SS1651678409670,US,CA,personal,personal5,likert_rating,4
SS1651678409670,US,CA,personal,personal4,likert_rating,2
SS1651678409670,US,CA,personal,personal0,likert_rating,2
SS1651678409670,US,CA,personal,personal2,likert_rating,6
SS1651678409670,US,CA,situational,situational0,likert_rating,3
SS1651678409670,US,CA,situational,situational1,likert_rating,1
SS1651678409670,US,CA,situational,situational2,likert_rating,2
SS1651678409670,US,CA,situational,situational3,likert_rating,1
SS1651678409670,US,CA,situational,situational4,likert_rating,0
SS1651678409670,US,CA,situational,situational5,likert_rating,5
SS1651678434328,US,CA,personal,personal3,likert_rating,4
SS1651678434328,US,CA,personal,personal1,likert_rating,1
SS1651678434328,US,CA,personal,personal5,likert_rating,5
SS1651678434328,US,CA,personal,personal4,likert_rating,5
SS1651678434328,US,CA,personal,personal0,likert_rating,2
SS1651678434328,US,CA,personal,personal2,likert_rating,4
SS1651678434328,US,CA,situational,situational0,likert_rating,1
SS1651678434328,US,CA,situational,situational1,likert_rating,1
SS1651678434328,US,CA,situational,situational2,likert_rating,2
SS1651678434328,US,CA,situational,situational3,likert_rating,1
SS1651678434328,US,CA,situational,situational4,likert_rating,1
SS1651678434328,US,CA,situational,situational5,likert_rating,NA
SS1651678459452,US,CA,personal,personal3,likert_rating,4
SS1651678459452,US,CA,personal,personal1,likert_rating,3
SS1651678459452,US,CA,personal,personal5,likert_rating,3
SS1651678459452,US,CA,personal,personal4,likert_rating,1
SS1651678459452,US,CA,personal,personal0,likert_rating,1
SS1651678459452,US,CA,personal,personal2,likert_rating,2
SS1651678459452,US,CA,situational,situational0,likert_rating,2
SS1651678459452,US,CA,situational,situational1,likert_rating,0
SS1651678459452,US,CA,situational,situational2,likert_rating,3
SS1651678459452,US,CA,situational,situational3,likert_rating,1
SS1651678459452,US,CA,situational,situational4,likert_rating,0
SS1651678459452,US,CA,situational,situational5,likert_rating,5
SS1651678462364,US,CA,personal,personal3,likert_rating,2
SS1651678462364,US,CA,personal,personal1,likert_rating,4
SS1651678462364,US,CA,personal,personal5,likert_rating,2
SS1651678462364,US,CA,personal,personal4,likert_rating,2
SS1651678462364,US,CA,personal,personal0,likert_rating,3
SS1651678462364,US,CA,personal,personal2,likert_rating,3
SS1651678462364,US,CA,situational,situational0,likert_rating,0
SS1651678462364,US,CA,situational,situational1,likert_rating,0
SS1651678462364,US,CA,situational,situational2,likert_rating,5
SS1651678462364,US,CA,situational,situational3,likert_rating,1
SS1651678462364,US,CA,situational,situational4,likert_rating,0
SS1651678462364,US,CA,situational,situational5,likert_rating,NA
SS1651678474300,US,CA,personal,personal3,likert_rating,2
SS1651678474300,US,CA,personal,personal1,likert_rating,2
SS1651678474300,US,CA,personal,personal5,likert_rating,2
SS1651678474300,US,CA,personal,personal4,likert_rating,2
SS1651678474300,US,CA,personal,personal0,likert_rating,2
SS1651678474300,US,CA,personal,personal2,likert_rating,2
SS1651678474300,US,CA,situational,situational0,likert_rating,0
SS1651678474300,US,CA,situational,situational1,likert_rating,0
SS1651678474300,US,CA,situational,situational2,likert_rating,0
SS1651678474300,US,CA,situational,situational3,likert_rating,2
SS1651678474300,US,CA,situational,situational4,likert_rating,2
SS1651678474300,US,CA,situational,situational5,likert_rating,NA
SS1651678537895,US,CA,personal,personal3,likert_rating,3
SS1651678537895,US,CA,personal,personal1,likert_rating,4
SS1651678537895,US,CA,personal,personal5,likert_rating,4
SS1651678537895,US,CA,personal,personal4,likert_rating,2
SS1651678537895,US,CA,personal,personal0,likert_rating,4
SS1651678537895,US,CA,personal,personal2,likert_rating,3
SS1651678537895,US,CA,situational,situational0,likert_rating,2
SS1651678537895,US,CA,situational,situational1,likert_rating,1
SS1651678537895,US,CA,situational,situational2,likert_rating,2
SS1651678537895,US,CA,situational,situational3,likert_rating,2
SS1651678537895,US,CA,situational,situational4,likert_rating,2
SS1651678537895,US,CA,situational,situational5,likert_rating,NA
SS1651678538948,US,CA,personal,personal3,likert_rating,3
SS1651678538948,US,CA,personal,personal1,likert_rating,6
SS1651678538948,US,CA,personal,personal5,likert_rating,6
SS1651678538948,US,CA,personal,personal4,likert_rating,1
SS1651678538948,US,CA,personal,personal0,likert_rating,0
SS1651678538948,US,CA,personal,personal2,likert_rating,1
SS1651678538948,US,CA,situational,situational0,likert_rating,0
SS1651678538948,US,CA,situational,situational1,likert_rating,0
SS1651678538948,US,CA,situational,situational2,likert_rating,6
SS1651678538948,US,CA,situational,situational3,likert_rating,0
SS1651678538948,US,CA,situational,situational4,likert_rating,0
SS1651678538948,US,CA,situational,situational5,likert_rating,5
SS1651678556653,US,CA,personal,personal3,likert_rating,1
SS1651678556653,US,CA,personal,personal1,likert_rating,5
SS1651678556653,US,CA,personal,personal5,likert_rating,1
SS1651678556653,US,CA,personal,personal4,likert_rating,4
SS1651678556653,US,CA,personal,personal0,likert_rating,5
SS1651678556653,US,CA,personal,personal2,likert_rating,2
SS1651678556653,US,CA,situational,situational0,likert_rating,0
SS1651678556653,US,CA,situational,situational1,likert_rating,0
SS1651678556653,US,CA,situational,situational2,likert_rating,3
SS1651678556653,US,CA,situational,situational3,likert_rating,0
SS1651678556653,US,CA,situational,situational4,likert_rating,2
SS1651678556653,US,CA,situational,situational5,likert_rating,NA
SS1651678559284,US,CA,personal,personal3,likert_rating,5
SS1651678559284,US,CA,personal,personal1,likert_rating,4
SS1651678559284,US,CA,personal,personal5,likert_rating,3
SS1651678559284,US,CA,personal,personal4,likert_rating,4
SS1651678559284,US,CA,personal,personal0,likert_rating,6
SS1651678559284,US,CA,personal,personal2,likert_rating,4
SS1651678559284,US,CA,situational,situational0,likert_rating,0
SS1651678559284,US,CA,situational,situational1,likert_rating,0
SS1651678559284,US,CA,situational,situational2,likert_rating,0
SS1651678559284,US,CA,situational,situational3,likert_rating,0
SS1651678559284,US,CA,situational,situational4,likert_rating,0
SS1651678559284,US,CA,situational,situational5,likert_rating,NA
SS1651678574838,US,CA,personal,personal3,likert_rating,5
SS1651678574838,US,CA,personal,personal1,likert_rating,4
SS1651678574838,US,CA,personal,personal5,likert_rating,1
SS1651678574838,US,CA,personal,personal4,likert_rating,1
SS1651678574838,US,CA,personal,personal0,likert_rating,4
SS1651678574838,US,CA,personal,personal2,likert_rating,5
SS1651678574838,US,CA,situational,situational0,likert_rating,0
SS1651678574838,US,CA,situational,situational1,likert_rating,0
SS1651678574838,US,CA,situational,situational2,likert_rating,2
SS1651678574838,US,CA,situational,situational3,likert_rating,0
SS1651678574838,US,CA,situational,situational4,likert_rating,0
SS1651678574838,US,CA,situational,situational5,likert_rating,NA
SS1651678625157,US,CA,personal,personal3,likert_rating,1
SS1651678625157,US,CA,personal,personal1,likert_rating,1
SS1651678625157,US,CA,personal,personal5,likert_rating,4
SS1651678625157,US,CA,personal,personal4,likert_rating,3
SS1651678625157,US,CA,personal,personal0,likert_rating,1
SS1651678625157,US,CA,personal,personal2,likert_rating,1
SS1651678625157,US,CA,situational,situational0,likert_rating,0
SS1651678625157,US,CA,situational,situational1,likert_rating,0
SS1651678625157,US,CA,situational,situational2,likert_rating,6
SS1651678625157,US,CA,situational,situational3,likert_rating,1
SS1651678625157,US,CA,situational,situational4,likert_rating,3
SS1651678625157,US,CA,situational,situational5,likert_rating,NA
SS1651678626616,US,CA,personal,personal3,likert_rating,3
SS1651678626616,US,CA,personal,personal1,likert_rating,1
SS1651678626616,US,CA,personal,personal5,likert_rating,2
SS1651678626616,US,CA,personal,personal4,likert_rating,2
SS1651678626616,US,CA,personal,personal0,likert_rating,0
SS1651678626616,US,CA,personal,personal2,likert_rating,0
SS1651678626616,US,CA,situational,situational0,likert_rating,0
SS1651678626616,US,CA,situational,situational1,likert_rating,0
SS1651678626616,US,CA,situational,situational2,likert_rating,6
SS1651678626616,US,CA,situational,situational3,likert_rating,0
SS1651678626616,US,CA,situational,situational4,likert_rating,0
SS1651678626616,US,CA,situational,situational5,likert_rating,1
SS1651678637077,US,CA,personal,personal3,likert_rating,3
SS1651678637077,US,CA,personal,personal1,likert_rating,5
SS1651678637077,US,CA,personal,personal5,likert_rating,4
SS1651678637077,US,CA,personal,personal4,likert_rating,0
SS1651678637077,US,CA,personal,personal0,likert_rating,0
SS1651678637077,US,CA,personal,personal2,likert_rating,0
SS1651678637077,US,CA,situational,situational0,likert_rating,0
SS1651678637077,US,CA,situational,situational1,likert_rating,0
SS1651678637077,US,CA,situational,situational2,likert_rating,5
SS1651678637077,US,CA,situational,situational3,likert_rating,0
SS1651678637077,US,CA,situational,situational4,likert_rating,2
SS1651678637077,US,CA,situational,situational5,likert_rating,5
SS1651678701050,US,CA,personal,personal3,likert_rating,NA
SS1651678701050,US,CA,personal,personal1,likert_rating,NA
SS1651678701050,US,CA,personal,personal5,likert_rating,NA
SS1651678701050,US,CA,personal,personal4,likert_rating,NA
SS1651678701050,US,CA,personal,personal0,likert_rating,NA
SS1651678701050,US,CA,personal,personal2,likert_rating,NA
SS1651678701050,US,CA,situational,situational0,likert_rating,NA
SS1651678701050,US,CA,situational,situational1,likert_rating,NA
SS1651678701050,US,CA,situational,situational2,likert_rating,NA
SS1651678701050,US,CA,situational,situational3,likert_rating,NA
SS1651678701050,US,CA,situational,situational4,likert_rating,NA
SS1651678701050,US,CA,situational,situational5,likert_rating,NA
SS1651678701050,US,CA,personal,personal3,likert_rating,5
SS1651678701050,US,CA,personal,personal1,likert_rating,3
SS1651678701050,US,CA,personal,personal5,likert_rating,3
SS1651678701050,US,CA,personal,personal4,likert_rating,5
SS1651678701050,US,CA,personal,personal0,likert_rating,5
SS1651678701050,US,CA,personal,personal2,likert_rating,6
SS1651678701050,US,CA,situational,situational0,likert_rating,4
SS1651678701050,US,CA,situational,situational1,likert_rating,4
SS1651678701050,US,CA,situational,situational2,likert_rating,2
SS1651678701050,US,CA,situational,situational3,likert_rating,2
SS1651678701050,US,CA,situational,situational4,likert_rating,1
SS1651678701050,US,CA,situational,situational5,likert_rating,3
SS1651678717637,US,CA,personal,personal3,likert_rating,1
SS1651678717637,US,CA,personal,personal1,likert_rating,4
SS1651678717637,US,CA,personal,personal5,likert_rating,2
SS1651678717637,US,CA,personal,personal4,likert_rating,1
SS1651678717637,US,CA,personal,personal0,likert_rating,1
SS1651678717637,US,CA,personal,personal2,likert_rating,1
SS1651678717637,US,CA,situational,situational0,likert_rating,1
SS1651678717637,US,CA,situational,situational1,likert_rating,2
SS1651678717637,US,CA,situational,situational2,likert_rating,3
SS1651678717637,US,CA,situational,situational3,likert_rating,5
SS1651678717637,US,CA,situational,situational4,likert_rating,0
SS1651678717637,US,CA,situational,situational5,likert_rating,2
SS1651678770686,US,CA,personal,personal3,likert_rating,2
SS1651678770686,US,CA,personal,personal1,likert_rating,2
SS1651678770686,US,CA,personal,personal5,likert_rating,3
SS1651678770686,US,CA,personal,personal4,likert_rating,2
SS1651678770686,US,CA,personal,personal0,likert_rating,2
SS1651678770686,US,CA,personal,personal2,likert_rating,2
SS1651678770686,US,CA,situational,situational0,likert_rating,3
SS1651678770686,US,CA,situational,situational1,likert_rating,4
SS1651678770686,US,CA,situational,situational2,likert_rating,6
SS1651678770686,US,CA,situational,situational3,likert_rating,3
SS1651678770686,US,CA,situational,situational4,likert_rating,2
SS1651678770686,US,CA,situational,situational5,likert_rating,2
SS1651678809453,US,CA,personal,personal3,likert_rating,4
SS1651678809453,US,CA,personal,personal1,likert_rating,4
SS1651678809453,US,CA,personal,personal5,likert_rating,5
SS1651678809453,US,CA,personal,personal4,likert_rating,4
SS1651678809453,US,CA,personal,personal0,likert_rating,6
SS1651678809453,US,CA,personal,personal2,likert_rating,4
SS1651678809453,US,CA,situational,situational0,likert_rating,0
SS1651678809453,US,CA,situational,situational1,likert_rating,0
SS1651678809453,US,CA,situational,situational2,likert_rating,3
SS1651678809453,US,CA,situational,situational3,likert_rating,0
SS1651678809453,US,CA,situational,situational4,likert_rating,1
SS1651678809453,US,CA,situational,situational5,likert_rating,NA
SS1651678955017,US,CA,personal,personal3,likert_rating,2
SS1651678955017,US,CA,personal,personal1,likert_rating,5
SS1651678955017,US,CA,personal,personal5,likert_rating,5
SS1651678955017,US,CA,personal,personal4,likert_rating,5
SS1651678955017,US,CA,personal,personal0,likert_rating,5
SS1651678955017,US,CA,personal,personal2,likert_rating,4
SS1651678955017,US,CA,situational,situational0,likert_rating,2
SS1651678955017,US,CA,situational,situational1,likert_rating,2
SS1651678955017,US,CA,situational,situational2,likert_rating,2
SS1651678955017,US,CA,situational,situational3,likert_rating,5
SS1651678955017,US,CA,situational,situational4,likert_rating,3
SS1651678955017,US,CA,situational,situational5,likert_rating,NA
SS1651679034205,US,CA,personal,personal3,likert_rating,1
SS1651679034205,US,CA,personal,personal1,likert_rating,6
SS1651679034205,US,CA,personal,personal5,likert_rating,6
SS1651679034205,US,CA,personal,personal4,likert_rating,4
SS1651679034205,US,CA,personal,personal0,likert_rating,5
SS1651679034205,US,CA,personal,personal2,likert_rating,0
SS1651679034205,US,CA,situational,situational0,likert_rating,2
SS1651679034205,US,CA,situational,situational1,likert_rating,1
SS1651679034205,US,CA,situational,situational2,likert_rating,4
SS1651679034205,US,CA,situational,situational3,likert_rating,0
SS1651679034205,US,CA,situational,situational4,likert_rating,2
SS1651679034205,US,CA,situational,situational5,likert_rating,1
SS1651679448134,US,CA,personal,personal3,likert_rating,2
SS1651679448134,US,CA,personal,personal1,likert_rating,1
SS1651679448134,US,CA,personal,personal5,likert_rating,5
SS1651679448134,US,CA,personal,personal4,likert_rating,0
SS1651679448134,US,CA,personal,personal0,likert_rating,1
SS1651679448134,US,CA,personal,personal2,likert_rating,2
SS1651679448134,US,CA,situational,situational0,likert_rating,4
SS1651679448134,US,CA,situational,situational1,likert_rating,0
SS1651679448134,US,CA,situational,situational2,likert_rating,4
SS1651679448134,US,CA,situational,situational3,likert_rating,0
SS1651679448134,US,CA,situational,situational4,likert_rating,0
SS1651679448134,US,CA,situational,situational5,likert_rating,2
SS1651679534071,US,CA,personal,personal3,likert_rating,6
SS1651679534071,US,CA,personal,personal1,likert_rating,5
SS1651679534071,US,CA,personal,personal5,likert_rating,6
SS1651679534071,US,CA,personal,personal4,likert_rating,5
SS1651679534071,US,CA,personal,personal0,likert_rating,5
SS1651679534071,US,CA,personal,personal2,likert_rating,3
SS1651679534071,US,CA,situational,situational0,likert_rating,0
SS1651679534071,US,CA,situational,situational1,likert_rating,0
SS1651679534071,US,CA,situational,situational2,likert_rating,0
SS1651679534071,US,CA,situational,situational3,likert_rating,1
SS1651679534071,US,CA,situational,situational4,likert_rating,1
SS1651679534071,US,CA,situational,situational5,likert_rating,NA
SS1651679569580,US,CA,personal,personal3,likert_rating,5
SS1651679569580,US,CA,personal,personal1,likert_rating,2
SS1651679569580,US,CA,personal,personal5,likert_rating,5
SS1651679569580,US,CA,personal,personal4,likert_rating,2
SS1651679569580,US,CA,personal,personal0,likert_rating,4
SS1651679569580,US,CA,personal,personal2,likert_rating,4
SS1651679569580,US,CA,situational,situational0,likert_rating,2
SS1651679569580,US,CA,situational,situational1,likert_rating,0
SS1651679569580,US,CA,situational,situational2,likert_rating,0
SS1651679569580,US,CA,situational,situational3,likert_rating,0
SS1651679569580,US,CA,situational,situational4,likert_rating,0
SS1651679569580,US,CA,situational,situational5,likert_rating,0
SS1651679629301,US,CA,personal,personal3,likert_rating,4
SS1651679629301,US,CA,personal,personal1,likert_rating,5
SS1651679629301,US,CA,personal,personal5,likert_rating,4
SS1651679629301,US,CA,personal,personal4,likert_rating,2
SS1651679629301,US,CA,personal,personal0,likert_rating,4
SS1651679629301,US,CA,personal,personal2,likert_rating,5
SS1651679629301,US,CA,situational,situational0,likert_rating,0
SS1651679629301,US,CA,situational,situational1,likert_rating,0
SS1651679629301,US,CA,situational,situational2,likert_rating,1
SS1651679629301,US,CA,situational,situational3,likert_rating,0
SS1651679629301,US,CA,situational,situational4,likert_rating,1
SS1651679629301,US,CA,situational,situational5,likert_rating,NA
SS1651679984067,US,CA,personal,personal3,likert_rating,5
SS1651679984067,US,CA,personal,personal1,likert_rating,3
SS1651679984067,US,CA,personal,personal5,likert_rating,5
SS1651679984067,US,CA,personal,personal4,likert_rating,4
SS1651679984067,US,CA,personal,personal0,likert_rating,4
SS1651679984067,US,CA,personal,personal2,likert_rating,5
SS1651679984067,US,CA,situational,situational0,likert_rating,1
SS1651679984067,US,CA,situational,situational1,likert_rating,2
SS1651679984067,US,CA,situational,situational2,likert_rating,2
SS1651679984067,US,CA,situational,situational3,likert_rating,2
SS1651679984067,US,CA,situational,situational4,likert_rating,1
SS1651679984067,US,CA,situational,situational5,likert_rating,NA
SS1651680129189,US,CA,personal,personal3,likert_rating,1
SS1651680129189,US,CA,personal,personal1,likert_rating,3
SS1651680129189,US,CA,personal,personal5,likert_rating,3
SS1651680129189,US,CA,personal,personal4,likert_rating,3
SS1651680129189,US,CA,personal,personal0,likert_rating,2
SS1651680129189,US,CA,personal,personal2,likert_rating,4
SS1651680129189,US,CA,situational,situational0,likert_rating,2
SS1651680129189,US,CA,situational,situational1,likert_rating,3
SS1651680129189,US,CA,situational,situational2,likert_rating,2
SS1651680129189,US,CA,situational,situational3,likert_rating,4
SS1651680129189,US,CA,situational,situational4,likert_rating,2
SS1651680129189,US,CA,situational,situational5,likert_rating,1
SS1651680530568,US,CA,personal,personal3,likert_rating,2
SS1651680530568,US,CA,personal,personal1,likert_rating,4
SS1651680530568,US,CA,personal,personal5,likert_rating,1
SS1651680530568,US,CA,personal,personal4,likert_rating,2
SS1651680530568,US,CA,personal,personal0,likert_rating,5
SS1651680530568,US,CA,personal,personal2,likert_rating,4
SS1651680530568,US,CA,situational,situational0,likert_rating,4
SS1651680530568,US,CA,situational,situational1,likert_rating,1
SS1651680530568,US,CA,situational,situational2,likert_rating,1
SS1651680530568,US,CA,situational,situational3,likert_rating,2
SS1651680530568,US,CA,situational,situational4,likert_rating,1
SS1651680530568,US,CA,situational,situational5,likert_rating,4
SS1651680818305,US,CA,personal,personal3,likert_rating,3
SS1651680818305,US,CA,personal,personal1,likert_rating,1
SS1651680818305,US,CA,personal,personal5,likert_rating,4
SS1651680818305,US,CA,personal,personal4,likert_rating,4
SS1651680818305,US,CA,personal,personal0,likert_rating,4
SS1651680818305,US,CA,personal,personal2,likert_rating,2
SS1651680818305,US,CA,situational,situational0,likert_rating,1
SS1651680818305,US,CA,situational,situational1,likert_rating,1
SS1651680818305,US,CA,situational,situational2,likert_rating,2
SS1651680818305,US,CA,situational,situational3,likert_rating,1
SS1651680818305,US,CA,situational,situational4,likert_rating,1
SS1651680818305,US,CA,situational,situational5,likert_rating,NA
SS1651680994828,US,CA,personal,personal3,likert_rating,3
SS1651680994828,US,CA,personal,personal1,likert_rating,0
SS1651680994828,US,CA,personal,personal5,likert_rating,2
SS1651680994828,US,CA,personal,personal4,likert_rating,2
SS1651680994828,US,CA,personal,personal0,likert_rating,3
SS1651680994828,US,CA,personal,personal2,likert_rating,0
SS1651680994828,US,CA,situational,situational0,likert_rating,0
SS1651680994828,US,CA,situational,situational1,likert_rating,0
SS1651680994828,US,CA,situational,situational2,likert_rating,3
SS1651680994828,US,CA,situational,situational3,likert_rating,0
SS1651680994828,US,CA,situational,situational4,likert_rating,0
SS1651680994828,US,CA,situational,situational5,likert_rating,NA
SS1651681877580,US,CA,personal,personal3,likert_rating,2
SS1651681877580,US,CA,personal,personal1,likert_rating,5
SS1651681877580,US,CA,personal,personal5,likert_rating,5
SS1651681877580,US,CA,personal,personal4,likert_rating,4
SS1651681877580,US,CA,personal,personal0,likert_rating,6
SS1651681877580,US,CA,personal,personal2,likert_rating,3
SS1651681877580,US,CA,situational,situational0,likert_rating,2
SS1651681877580,US,CA,situational,situational1,likert_rating,5
SS1651681877580,US,CA,situational,situational2,likert_rating,5
SS1651681877580,US,CA,situational,situational3,likert_rating,0
SS1651681877580,US,CA,situational,situational4,likert_rating,1
SS1651681877580,US,CA,situational,situational5,likert_rating,NA
SS1651682805154,US,CA,personal,personal3,likert_rating,2
SS1651682805154,US,CA,personal,personal1,likert_rating,2
SS1651682805154,US,CA,personal,personal5,likert_rating,2
SS1651682805154,US,CA,personal,personal4,likert_rating,0
SS1651682805154,US,CA,personal,personal0,likert_rating,2
SS1651682805154,US,CA,personal,personal2,likert_rating,2
SS1651682805154,US,CA,situational,situational0,likert_rating,0
SS1651682805154,US,CA,situational,situational1,likert_rating,0
SS1651682805154,US,CA,situational,situational2,likert_rating,2
SS1651682805154,US,CA,situational,situational3,likert_rating,0
SS1651682805154,US,CA,situational,situational4,likert_rating,0
SS1651682805154,US,CA,situational,situational5,likert_rating,NA
SS1651687447221,US,CA,personal,personal3,likert_rating,4
SS1651687447221,US,CA,personal,personal1,likert_rating,2
SS1651687447221,US,CA,personal,personal5,likert_rating,5
SS1651687447221,US,CA,personal,personal4,likert_rating,6
SS1651687447221,US,CA,personal,personal0,likert_rating,2
SS1651687447221,US,CA,personal,personal2,likert_rating,3
SS1651687447221,US,CA,situational,situational0,likert_rating,2
SS1651687447221,US,CA,situational,situational1,likert_rating,1
SS1651687447221,US,CA,situational,situational2,likert_rating,2
SS1651687447221,US,CA,situational,situational3,likert_rating,1
SS1651687447221,US,CA,situational,situational4,likert_rating,1
SS1651687447221,US,CA,situational,situational5,likert_rating,NA
SS1651689857645,US,CA,personal,personal3,likert_rating,4
SS1651689857645,US,CA,personal,personal1,likert_rating,2
SS1651689857645,US,CA,personal,personal5,likert_rating,6
SS1651689857645,US,CA,personal,personal4,likert_rating,5
SS1651689857645,US,CA,personal,personal0,likert_rating,5
SS1651689857645,US,CA,personal,personal2,likert_rating,3
SS1651689857645,US,CA,situational,situational0,likert_rating,0
SS1651689857645,US,CA,situational,situational1,likert_rating,3
SS1651689857645,US,CA,situational,situational2,likert_rating,0
SS1651689857645,US,CA,situational,situational3,likert_rating,1
SS1651689857645,US,CA,situational,situational4,likert_rating,1
SS1651689857645,US,CA,situational,situational5,likert_rating,NA
SS1651690446636,US,CA,personal,personal3,likert_rating,2
SS1651690446636,US,CA,personal,personal1,likert_rating,3
SS1651690446636,US,CA,personal,personal5,likert_rating,0
SS1651690446636,US,CA,personal,personal4,likert_rating,3
SS1651690446636,US,CA,personal,personal0,likert_rating,2
SS1651690446636,US,CA,personal,personal2,likert_rating,2
SS1651690446636,US,CA,situational,situational0,likert_rating,4
SS1651690446636,US,CA,situational,situational1,likert_rating,3
SS1651690446636,US,CA,situational,situational2,likert_rating,3
SS1651690446636,US,CA,situational,situational3,likert_rating,3
SS1651690446636,US,CA,situational,situational4,likert_rating,3
SS1651690446636,US,CA,situational,situational5,likert_rating,NA
SS1651690626669,US,CA,personal,personal3,likert_rating,1
SS1651690626669,US,CA,personal,personal1,likert_rating,1
SS1651690626669,US,CA,personal,personal5,likert_rating,3
SS1651690626669,US,CA,personal,personal4,likert_rating,0
SS1651690626669,US,CA,personal,personal0,likert_rating,0
SS1651690626669,US,CA,personal,personal2,likert_rating,0
SS1651690626669,US,CA,situational,situational0,likert_rating,0
SS1651690626669,US,CA,situational,situational1,likert_rating,2
SS1651690626669,US,CA,situational,situational2,likert_rating,2
SS1651690626669,US,CA,situational,situational3,likert_rating,1
SS1651690626669,US,CA,situational,situational4,likert_rating,0
SS1651690626669,US,CA,situational,situational5,likert_rating,3
SS1651690672320,US,CA,personal,personal3,likert_rating,0
SS1651690672320,US,CA,personal,personal1,likert_rating,3
SS1651690672320,US,CA,personal,personal5,likert_rating,4
SS1651690672320,US,CA,personal,personal4,likert_rating,2
SS1651690672320,US,CA,personal,personal0,likert_rating,2
SS1651690672320,US,CA,personal,personal2,likert_rating,1
SS1651690672320,US,CA,situational,situational0,likert_rating,0
SS1651690672320,US,CA,situational,situational1,likert_rating,0
SS1651690672320,US,CA,situational,situational2,likert_rating,2
SS1651690672320,US,CA,situational,situational3,likert_rating,0
SS1651690672320,US,CA,situational,situational4,likert_rating,2
SS1651690672320,US,CA,situational,situational5,likert_rating,NA
SS1651690674639,US,CA,personal,personal3,likert_rating,2
SS1651690674639,US,CA,personal,personal1,likert_rating,1
SS1651690674639,US,CA,personal,personal5,likert_rating,3
SS1651690674639,US,CA,personal,personal4,likert_rating,2
SS1651690674639,US,CA,personal,personal0,likert_rating,2
SS1651690674639,US,CA,personal,personal2,likert_rating,1
SS1651690674639,US,CA,situational,situational0,likert_rating,1
SS1651690674639,US,CA,situational,situational1,likert_rating,0
SS1651690674639,US,CA,situational,situational2,likert_rating,2
SS1651690674639,US,CA,situational,situational3,likert_rating,2
SS1651690674639,US,CA,situational,situational4,likert_rating,1
SS1651690674639,US,CA,situational,situational5,likert_rating,NA
SS1651690678231,US,CA,personal,personal3,likert_rating,2
SS1651690678231,US,CA,personal,personal1,likert_rating,0
SS1651690678231,US,CA,personal,personal5,likert_rating,3
SS1651690678231,US,CA,personal,personal4,likert_rating,6
SS1651690678231,US,CA,personal,personal0,likert_rating,1
SS1651690678231,US,CA,personal,personal2,likert_rating,3
SS1651690678231,US,CA,situational,situational0,likert_rating,0
SS1651690678231,US,CA,situational,situational1,likert_rating,0
SS1651690678231,US,CA,situational,situational2,likert_rating,0
SS1651690678231,US,CA,situational,situational3,likert_rating,0
SS1651690678231,US,CA,situational,situational4,likert_rating,0
SS1651690678231,US,CA,situational,situational5,likert_rating,NA
SS1651690678388,US,CA,personal,personal3,likert_rating,4
SS1651690678388,US,CA,personal,personal1,likert_rating,3
SS1651690678388,US,CA,personal,personal5,likert_rating,3
SS1651690678388,US,CA,personal,personal4,likert_rating,3
SS1651690678388,US,CA,personal,personal0,likert_rating,2
SS1651690678388,US,CA,personal,personal2,likert_rating,4
SS1651690678388,US,CA,situational,situational0,likert_rating,1
SS1651690678388,US,CA,situational,situational1,likert_rating,6
SS1651690678388,US,CA,situational,situational2,likert_rating,5
SS1651690678388,US,CA,situational,situational3,likert_rating,2
SS1651690678388,US,CA,situational,situational4,likert_rating,1
SS1651690678388,US,CA,situational,situational5,likert_rating,2
SS1651690681690,US,CA,personal,personal3,likert_rating,4
SS1651690681690,US,CA,personal,personal1,likert_rating,6
SS1651690681690,US,CA,personal,personal5,likert_rating,2
SS1651690681690,US,CA,personal,personal4,likert_rating,1
SS1651690681690,US,CA,personal,personal0,likert_rating,5
SS1651690681690,US,CA,personal,personal2,likert_rating,3
SS1651690681690,US,CA,situational,situational0,likert_rating,2
SS1651690681690,US,CA,situational,situational1,likert_rating,1
SS1651690681690,US,CA,situational,situational2,likert_rating,2
SS1651690681690,US,CA,situational,situational3,likert_rating,5
SS1651690681690,US,CA,situational,situational4,likert_rating,5
SS1651690681690,US,CA,situational,situational5,likert_rating,NA
SS1651690683219,US,CA,personal,personal3,likert_rating,6
SS1651690683219,US,CA,personal,personal1,likert_rating,5
SS1651690683219,US,CA,personal,personal5,likert_rating,5
SS1651690683219,US,CA,personal,personal4,likert_rating,5
SS1651690683219,US,CA,personal,personal0,likert_rating,4
SS1651690683219,US,CA,personal,personal2,likert_rating,4
SS1651690683219,US,CA,situational,situational0,likert_rating,2
SS1651690683219,US,CA,situational,situational1,likert_rating,1
SS1651690683219,US,CA,situational,situational2,likert_rating,2
SS1651690683219,US,CA,situational,situational3,likert_rating,1
SS1651690683219,US,CA,situational,situational4,likert_rating,0
SS1651690683219,US,CA,situational,situational5,likert_rating,NA
SS1651690685286,US,CA,personal,personal3,likert_rating,2
SS1651690685286,US,CA,personal,personal1,likert_rating,5
SS1651690685286,US,CA,personal,personal5,likert_rating,6
SS1651690685286,US,CA,personal,personal4,likert_rating,1
SS1651690685286,US,CA,personal,personal0,likert_rating,0
SS1651690685286,US,CA,personal,personal2,likert_rating,2
SS1651690685286,US,CA,situational,situational0,likert_rating,2
SS1651690685286,US,CA,situational,situational1,likert_rating,2
SS1651690685286,US,CA,situational,situational2,likert_rating,4
SS1651690685286,US,CA,situational,situational3,likert_rating,1
SS1651690685286,US,CA,situational,situational4,likert_rating,0
SS1651690685286,US,CA,situational,situational5,likert_rating,1
SS1651690687499,US,CA,personal,personal3,likert_rating,3
SS1651690687499,US,CA,personal,personal1,likert_rating,4
SS1651690687499,US,CA,personal,personal5,likert_rating,5
SS1651690687499,US,CA,personal,personal4,likert_rating,5
SS1651690687499,US,CA,personal,personal0,likert_rating,2
SS1651690687499,US,CA,personal,personal2,likert_rating,3
SS1651690687499,US,CA,situational,situational0,likert_rating,2
SS1651690687499,US,CA,situational,situational1,likert_rating,1
SS1651690687499,US,CA,situational,situational2,likert_rating,5
SS1651690687499,US,CA,situational,situational3,likert_rating,1
SS1651690687499,US,CA,situational,situational4,likert_rating,1
SS1651690687499,US,CA,situational,situational5,likert_rating,2
SS1651690687538,US,CA,personal,personal3,likert_rating,4
SS1651690687538,US,CA,personal,personal1,likert_rating,4
SS1651690687538,US,CA,personal,personal5,likert_rating,6
SS1651690687538,US,CA,personal,personal4,likert_rating,4
SS1651690687538,US,CA,personal,personal0,likert_rating,5
SS1651690687538,US,CA,personal,personal2,likert_rating,6
SS1651690687538,US,CA,situational,situational0,likert_rating,3
SS1651690687538,US,CA,situational,situational1,likert_rating,5
SS1651690687538,US,CA,situational,situational2,likert_rating,2
SS1651690687538,US,CA,situational,situational3,likert_rating,5
SS1651690687538,US,CA,situational,situational4,likert_rating,2
SS1651690687538,US,CA,situational,situational5,likert_rating,4
SS1651690691047,US,CA,personal,personal3,likert_rating,5
SS1651690691047,US,CA,personal,personal1,likert_rating,1
SS1651690691047,US,CA,personal,personal5,likert_rating,5
SS1651690691047,US,CA,personal,personal4,likert_rating,1
SS1651690691047,US,CA,personal,personal0,likert_rating,5
SS1651690691047,US,CA,personal,personal2,likert_rating,2
SS1651690691047,US,CA,situational,situational0,likert_rating,2
SS1651690691047,US,CA,situational,situational1,likert_rating,0
SS1651690691047,US,CA,situational,situational2,likert_rating,3
SS1651690691047,US,CA,situational,situational3,likert_rating,0
SS1651690691047,US,CA,situational,situational4,likert_rating,0
SS1651690691047,US,CA,situational,situational5,likert_rating,2
SS1651690691327,US,CA,personal,personal3,likert_rating,3
SS1651690691327,US,CA,personal,personal1,likert_rating,2
SS1651690691327,US,CA,personal,personal5,likert_rating,2
SS1651690691327,US,CA,personal,personal4,likert_rating,4
SS1651690691327,US,CA,personal,personal0,likert_rating,1
SS1651690691327,US,CA,personal,personal2,likert_rating,2
SS1651690691327,US,CA,situational,situational0,likert_rating,0
SS1651690691327,US,CA,situational,situational1,likert_rating,0
SS1651690691327,US,CA,situational,situational2,likert_rating,1
SS1651690691327,US,CA,situational,situational3,likert_rating,0
SS1651690691327,US,CA,situational,situational4,likert_rating,4
SS1651690691327,US,CA,situational,situational5,likert_rating,NA
SS1651690698980,US,CA,personal,personal3,likert_rating,2
SS1651690698980,US,CA,personal,personal1,likert_rating,4
SS1651690698980,US,CA,personal,personal5,likert_rating,5
SS1651690698980,US,CA,personal,personal4,likert_rating,5
SS1651690698980,US,CA,personal,personal0,likert_rating,4
SS1651690698980,US,CA,personal,personal2,likert_rating,1
SS1651690698980,US,CA,situational,situational0,likert_rating,2
SS1651690698980,US,CA,situational,situational1,likert_rating,3
SS1651690698980,US,CA,situational,situational2,likert_rating,5
SS1651690698980,US,CA,situational,situational3,likert_rating,1
SS1651690698980,US,CA,situational,situational4,likert_rating,0
SS1651690698980,US,CA,situational,situational5,likert_rating,NA
SS1651690706045,US,CA,personal,personal3,likert_rating,6
SS1651690706045,US,CA,personal,personal1,likert_rating,2
SS1651690706045,US,CA,personal,personal5,likert_rating,4
SS1651690706045,US,CA,personal,personal4,likert_rating,2
SS1651690706045,US,CA,personal,personal0,likert_rating,4
SS1651690706045,US,CA,personal,personal2,likert_rating,3
SS1651690706045,US,CA,situational,situational0,likert_rating,2
SS1651690706045,US,CA,situational,situational1,likert_rating,0
SS1651690706045,US,CA,situational,situational2,likert_rating,5
SS1651690706045,US,CA,situational,situational3,likert_rating,0
SS1651690706045,US,CA,situational,situational4,likert_rating,0
SS1651690706045,US,CA,situational,situational5,likert_rating,3
SS1651690707343,US,CA,personal,personal3,likert_rating,3
SS1651690707343,US,CA,personal,personal1,likert_rating,2
SS1651690707343,US,CA,personal,personal5,likert_rating,2
SS1651690707343,US,CA,personal,personal4,likert_rating,1
SS1651690707343,US,CA,personal,personal0,likert_rating,2
SS1651690707343,US,CA,personal,personal2,likert_rating,3
SS1651690707343,US,CA,situational,situational0,likert_rating,1
SS1651690707343,US,CA,situational,situational1,likert_rating,2
SS1651690707343,US,CA,situational,situational2,likert_rating,1
SS1651690707343,US,CA,situational,situational3,likert_rating,1
SS1651690707343,US,CA,situational,situational4,likert_rating,1
SS1651690707343,US,CA,situational,situational5,likert_rating,3
SS1651690707467,US,CA,personal,personal3,likert_rating,3
SS1651690707467,US,CA,personal,personal1,likert_rating,3
SS1651690707467,US,CA,personal,personal5,likert_rating,2
SS1651690707467,US,CA,personal,personal4,likert_rating,2
SS1651690707467,US,CA,personal,personal0,likert_rating,2
SS1651690707467,US,CA,personal,personal2,likert_rating,4
SS1651690707467,US,CA,situational,situational0,likert_rating,0
SS1651690707467,US,CA,situational,situational1,likert_rating,2
SS1651690707467,US,CA,situational,situational2,likert_rating,4
SS1651690707467,US,CA,situational,situational3,likert_rating,2
SS1651690707467,US,CA,situational,situational4,likert_rating,1
SS1651690707467,US,CA,situational,situational5,likert_rating,1
SS1651690708015,US,CA,personal,personal3,likert_rating,6
SS1651690708015,US,CA,personal,personal1,likert_rating,1
SS1651690708015,US,CA,personal,personal5,likert_rating,5
SS1651690708015,US,CA,personal,personal4,likert_rating,5
SS1651690708015,US,CA,personal,personal0,likert_rating,5
SS1651690708015,US,CA,personal,personal2,likert_rating,5
SS1651690708015,US,CA,situational,situational0,likert_rating,1
SS1651690708015,US,CA,situational,situational1,likert_rating,4
SS1651690708015,US,CA,situational,situational2,likert_rating,2
SS1651690708015,US,CA,situational,situational3,likert_rating,5
SS1651690708015,US,CA,situational,situational4,likert_rating,1
SS1651690708015,US,CA,situational,situational5,likert_rating,NA
SS1651690711805,US,CA,personal,personal3,likert_rating,5
SS1651690711805,US,CA,personal,personal1,likert_rating,0
SS1651690711805,US,CA,personal,personal5,likert_rating,3
SS1651690711805,US,CA,personal,personal4,likert_rating,2
SS1651690711805,US,CA,personal,personal0,likert_rating,5
SS1651690711805,US,CA,personal,personal2,likert_rating,2
SS1651690711805,US,CA,situational,situational0,likert_rating,4
SS1651690711805,US,CA,situational,situational1,likert_rating,2
SS1651690711805,US,CA,situational,situational2,likert_rating,3
SS1651690711805,US,CA,situational,situational3,likert_rating,5
SS1651690711805,US,CA,situational,situational4,likert_rating,0
SS1651690711805,US,CA,situational,situational5,likert_rating,2
SS1651690714289,US,CA,personal,personal3,likert_rating,3
SS1651690714289,US,CA,personal,personal1,likert_rating,2
SS1651690714289,US,CA,personal,personal5,likert_rating,1
SS1651690714289,US,CA,personal,personal4,likert_rating,3
SS1651690714289,US,CA,personal,personal0,likert_rating,5
SS1651690714289,US,CA,personal,personal2,likert_rating,2
SS1651690714289,US,CA,situational,situational0,likert_rating,1
SS1651690714289,US,CA,situational,situational1,likert_rating,0
SS1651690714289,US,CA,situational,situational2,likert_rating,5
SS1651690714289,US,CA,situational,situational3,likert_rating,5
SS1651690714289,US,CA,situational,situational4,likert_rating,3
SS1651690714289,US,CA,situational,situational5,likert_rating,NA
SS1651690719363,US,CA,personal,personal3,likert_rating,6
SS1651690719363,US,CA,personal,personal1,likert_rating,2
SS1651690719363,US,CA,personal,personal5,likert_rating,2
SS1651690719363,US,CA,personal,personal4,likert_rating,3
SS1651690719363,US,CA,personal,personal0,likert_rating,1
SS1651690719363,US,CA,personal,personal2,likert_rating,4
SS1651690719363,US,CA,situational,situational0,likert_rating,0
SS1651690719363,US,CA,situational,situational1,likert_rating,2
SS1651690719363,US,CA,situational,situational2,likert_rating,2
SS1651690719363,US,CA,situational,situational3,likert_rating,1
SS1651690719363,US,CA,situational,situational4,likert_rating,1
SS1651690719363,US,CA,situational,situational5,likert_rating,4
SS1651690719510,US,CA,personal,personal3,likert_rating,2
SS1651690719510,US,CA,personal,personal1,likert_rating,1
SS1651690719510,US,CA,personal,personal5,likert_rating,2
SS1651690719510,US,CA,personal,personal4,likert_rating,5
SS1651690719510,US,CA,personal,personal0,likert_rating,2
SS1651690719510,US,CA,personal,personal2,likert_rating,5
SS1651690719510,US,CA,situational,situational0,likert_rating,1
SS1651690719510,US,CA,situational,situational1,likert_rating,2
SS1651690719510,US,CA,situational,situational2,likert_rating,0
SS1651690719510,US,CA,situational,situational3,likert_rating,0
SS1651690719510,US,CA,situational,situational4,likert_rating,0
SS1651690719510,US,CA,situational,situational5,likert_rating,NA
SS1651690723933,US,CA,personal,personal3,likert_rating,2
SS1651690723933,US,CA,personal,personal1,likert_rating,4
SS1651690723933,US,CA,personal,personal5,likert_rating,3
SS1651690723933,US,CA,personal,personal4,likert_rating,3
SS1651690723933,US,CA,personal,personal0,likert_rating,1
SS1651690723933,US,CA,personal,personal2,likert_rating,0
SS1651690723933,US,CA,situational,situational0,likert_rating,2
SS1651690723933,US,CA,situational,situational1,likert_rating,1
SS1651690723933,US,CA,situational,situational2,likert_rating,5
SS1651690723933,US,CA,situational,situational3,likert_rating,1
SS1651690723933,US,CA,situational,situational4,likert_rating,1
SS1651690723933,US,CA,situational,situational5,likert_rating,2
SS1651690727662,US,CA,personal,personal3,likert_rating,3
SS1651690727662,US,CA,personal,personal1,likert_rating,4
SS1651690727662,US,CA,personal,personal5,likert_rating,6
SS1651690727662,US,CA,personal,personal4,likert_rating,5
SS1651690727662,US,CA,personal,personal0,likert_rating,4
SS1651690727662,US,CA,personal,personal2,likert_rating,4
SS1651690727662,US,CA,situational,situational0,likert_rating,0
SS1651690727662,US,CA,situational,situational1,likert_rating,0
SS1651690727662,US,CA,situational,situational2,likert_rating,5
SS1651690727662,US,CA,situational,situational3,likert_rating,0
SS1651690727662,US,CA,situational,situational4,likert_rating,0
SS1651690727662,US,CA,situational,situational5,likert_rating,3
SS1651690727759,US,CA,personal,personal3,likert_rating,6
SS1651690727759,US,CA,personal,personal1,likert_rating,6
SS1651690727759,US,CA,personal,personal5,likert_rating,6
SS1651690727759,US,CA,personal,personal4,likert_rating,6
SS1651690727759,US,CA,personal,personal0,likert_rating,3
SS1651690727759,US,CA,personal,personal2,likert_rating,6
SS1651690727759,US,CA,situational,situational0,likert_rating,0
SS1651690727759,US,CA,situational,situational1,likert_rating,0
SS1651690727759,US,CA,situational,situational2,likert_rating,4
SS1651690727759,US,CA,situational,situational3,likert_rating,0
SS1651690727759,US,CA,situational,situational4,likert_rating,4
SS1651690727759,US,CA,situational,situational5,likert_rating,NA
SS1651690729593,US,CA,personal,personal3,likert_rating,6
SS1651690729593,US,CA,personal,personal1,likert_rating,4
SS1651690729593,US,CA,personal,personal5,likert_rating,4
SS1651690729593,US,CA,personal,personal4,likert_rating,2
SS1651690729593,US,CA,personal,personal0,likert_rating,5
SS1651690729593,US,CA,personal,personal2,likert_rating,5
SS1651690729593,US,CA,situational,situational0,likert_rating,1
SS1651690729593,US,CA,situational,situational1,likert_rating,1
SS1651690729593,US,CA,situational,situational2,likert_rating,1
SS1651690729593,US,CA,situational,situational3,likert_rating,0
SS1651690729593,US,CA,situational,situational4,likert_rating,0
SS1651690729593,US,CA,situational,situational5,likert_rating,NA
SS1651690730467,US,CA,personal,personal3,likert_rating,6
SS1651690730467,US,CA,personal,personal1,likert_rating,3
SS1651690730467,US,CA,personal,personal5,likert_rating,6
SS1651690730467,US,CA,personal,personal4,likert_rating,4
SS1651690730467,US,CA,personal,personal0,likert_rating,5
SS1651690730467,US,CA,personal,personal2,likert_rating,6
SS1651690730467,US,CA,situational,situational0,likert_rating,1
SS1651690730467,US,CA,situational,situational1,likert_rating,1
SS1651690730467,US,CA,situational,situational2,likert_rating,1
SS1651690730467,US,CA,situational,situational3,likert_rating,2
SS1651690730467,US,CA,situational,situational4,likert_rating,5
SS1651690730467,US,CA,situational,situational5,likert_rating,NA
SS1651690731537,US,CA,personal,personal3,likert_rating,6
SS1651690731537,US,CA,personal,personal1,likert_rating,4
SS1651690731537,US,CA,personal,personal5,likert_rating,5
SS1651690731537,US,CA,personal,personal4,likert_rating,4
SS1651690731537,US,CA,personal,personal0,likert_rating,2
SS1651690731537,US,CA,personal,personal2,likert_rating,1
SS1651690731537,US,CA,situational,situational0,likert_rating,4
SS1651690731537,US,CA,situational,situational1,likert_rating,3
SS1651690731537,US,CA,situational,situational2,likert_rating,3
SS1651690731537,US,CA,situational,situational3,likert_rating,2
SS1651690731537,US,CA,situational,situational4,likert_rating,1
SS1651690731537,US,CA,situational,situational5,likert_rating,5
SS1651690732177,US,CA,personal,personal3,likert_rating,2
SS1651690732177,US,CA,personal,personal1,likert_rating,1
SS1651690732177,US,CA,personal,personal5,likert_rating,2
SS1651690732177,US,CA,personal,personal4,likert_rating,1
SS1651690732177,US,CA,personal,personal0,likert_rating,0
SS1651690732177,US,CA,personal,personal2,likert_rating,1
SS1651690732177,US,CA,situational,situational0,likert_rating,4
SS1651690732177,US,CA,situational,situational1,likert_rating,0
SS1651690732177,US,CA,situational,situational2,likert_rating,6
SS1651690732177,US,CA,situational,situational3,likert_rating,0
SS1651690732177,US,CA,situational,situational4,likert_rating,0
SS1651690732177,US,CA,situational,situational5,likert_rating,2
SS1651690735020,US,CA,personal,personal3,likert_rating,4
SS1651690735020,US,CA,personal,personal1,likert_rating,3
SS1651690735020,US,CA,personal,personal5,likert_rating,5
SS1651690735020,US,CA,personal,personal4,likert_rating,4
SS1651690735020,US,CA,personal,personal0,likert_rating,5
SS1651690735020,US,CA,personal,personal2,likert_rating,5
SS1651690735020,US,CA,situational,situational0,likert_rating,2
SS1651690735020,US,CA,situational,situational1,likert_rating,5
SS1651690735020,US,CA,situational,situational2,likert_rating,1
SS1651690735020,US,CA,situational,situational3,likert_rating,5
SS1651690735020,US,CA,situational,situational4,likert_rating,2
SS1651690735020,US,CA,situational,situational5,likert_rating,1
SS1651690737808,US,CA,personal,personal3,likert_rating,6
SS1651690737808,US,CA,personal,personal1,likert_rating,6
SS1651690737808,US,CA,personal,personal5,likert_rating,6
SS1651690737808,US,CA,personal,personal4,likert_rating,6
SS1651690737808,US,CA,personal,personal0,likert_rating,0
SS1651690737808,US,CA,personal,personal2,likert_rating,0
SS1651690737808,US,CA,situational,situational0,likert_rating,0
SS1651690737808,US,CA,situational,situational1,likert_rating,0
SS1651690737808,US,CA,situational,situational2,likert_rating,0
SS1651690737808,US,CA,situational,situational3,likert_rating,0
SS1651690737808,US,CA,situational,situational4,likert_rating,0
SS1651690737808,US,CA,situational,situational5,likert_rating,0
SS1651690740366,US,CA,personal,personal3,likert_rating,2
SS1651690740366,US,CA,personal,personal1,likert_rating,0
SS1651690740366,US,CA,personal,personal5,likert_rating,1
SS1651690740366,US,CA,personal,personal4,likert_rating,3
SS1651690740366,US,CA,personal,personal0,likert_rating,0
SS1651690740366,US,CA,personal,personal2,likert_rating,2
SS1651690740366,US,CA,situational,situational0,likert_rating,1
SS1651690740366,US,CA,situational,situational1,likert_rating,0
SS1651690740366,US,CA,situational,situational2,likert_rating,2
SS1651690740366,US,CA,situational,situational3,likert_rating,0
SS1651690740366,US,CA,situational,situational4,likert_rating,0
SS1651690740366,US,CA,situational,situational5,likert_rating,0
SS1651690741486,US,CA,personal,personal3,likert_rating,6
SS1651690741486,US,CA,personal,personal1,likert_rating,2
SS1651690741486,US,CA,personal,personal5,likert_rating,2
SS1651690741486,US,CA,personal,personal4,likert_rating,0
SS1651690741486,US,CA,personal,personal0,likert_rating,5
SS1651690741486,US,CA,personal,personal2,likert_rating,5
SS1651690741486,US,CA,situational,situational0,likert_rating,0
SS1651690741486,US,CA,situational,situational1,likert_rating,1
SS1651690741486,US,CA,situational,situational2,likert_rating,5
SS1651690741486,US,CA,situational,situational3,likert_rating,0
SS1651690741486,US,CA,situational,situational4,likert_rating,2
SS1651690741486,US,CA,situational,situational5,likert_rating,NA
SS1651690741942,US,CA,personal,personal3,likert_rating,0
SS1651690741942,US,CA,personal,personal1,likert_rating,1
SS1651690741942,US,CA,personal,personal5,likert_rating,6
SS1651690741942,US,CA,personal,personal4,likert_rating,2
SS1651690741942,US,CA,personal,personal0,likert_rating,1
SS1651690741942,US,CA,personal,personal2,likert_rating,1
SS1651690741942,US,CA,situational,situational0,likert_rating,2
SS1651690741942,US,CA,situational,situational1,likert_rating,0
SS1651690741942,US,CA,situational,situational2,likert_rating,1
SS1651690741942,US,CA,situational,situational3,likert_rating,0
SS1651690741942,US,CA,situational,situational4,likert_rating,0
SS1651690741942,US,CA,situational,situational5,likert_rating,NA
SS1651690743939,US,CA,personal,personal3,likert_rating,2
SS1651690743939,US,CA,personal,personal1,likert_rating,2
SS1651690743939,US,CA,personal,personal5,likert_rating,3
SS1651690743939,US,CA,personal,personal4,likert_rating,4
SS1651690743939,US,CA,personal,personal0,likert_rating,1
SS1651690743939,US,CA,personal,personal2,likert_rating,2
SS1651690743939,US,CA,situational,situational0,likert_rating,1
SS1651690743939,US,CA,situational,situational1,likert_rating,1
SS1651690743939,US,CA,situational,situational2,likert_rating,3
SS1651690743939,US,CA,situational,situational3,likert_rating,2
SS1651690743939,US,CA,situational,situational4,likert_rating,3
SS1651690743939,US,CA,situational,situational5,likert_rating,NA
SS1651690748106,US,CA,personal,personal3,likert_rating,5
SS1651690748106,US,CA,personal,personal1,likert_rating,3
SS1651690748106,US,CA,personal,personal5,likert_rating,5
SS1651690748106,US,CA,personal,personal4,likert_rating,3
SS1651690748106,US,CA,personal,personal0,likert_rating,2
SS1651690748106,US,CA,personal,personal2,likert_rating,6
SS1651690748106,US,CA,situational,situational0,likert_rating,0
SS1651690748106,US,CA,situational,situational1,likert_rating,0
SS1651690748106,US,CA,situational,situational2,likert_rating,0
SS1651690748106,US,CA,situational,situational3,likert_rating,1
SS1651690748106,US,CA,situational,situational4,likert_rating,0
SS1651690748106,US,CA,situational,situational5,likert_rating,NA
SS1651690758188,US,CA,personal,personal3,likert_rating,3
SS1651690758188,US,CA,personal,personal1,likert_rating,2
SS1651690758188,US,CA,personal,personal5,likert_rating,2
SS1651690758188,US,CA,personal,personal4,likert_rating,0
SS1651690758188,US,CA,personal,personal0,likert_rating,4
SS1651690758188,US,CA,personal,personal2,likert_rating,3
SS1651690758188,US,CA,situational,situational0,likert_rating,0
SS1651690758188,US,CA,situational,situational1,likert_rating,0
SS1651690758188,US,CA,situational,situational2,likert_rating,1
SS1651690758188,US,CA,situational,situational3,likert_rating,0
SS1651690758188,US,CA,situational,situational4,likert_rating,0
SS1651690758188,US,CA,situational,situational5,likert_rating,NA
SS1651690762770,US,CA,personal,personal3,likert_rating,6
SS1651690762770,US,CA,personal,personal1,likert_rating,1
SS1651690762770,US,CA,personal,personal5,likert_rating,0
SS1651690762770,US,CA,personal,personal4,likert_rating,5
SS1651690762770,US,CA,personal,personal0,likert_rating,4
SS1651690762770,US,CA,personal,personal2,likert_rating,2
SS1651690762770,US,CA,situational,situational0,likert_rating,0
SS1651690762770,US,CA,situational,situational1,likert_rating,0
SS1651690762770,US,CA,situational,situational2,likert_rating,1
SS1651690762770,US,CA,situational,situational3,likert_rating,2
SS1651690762770,US,CA,situational,situational4,likert_rating,0
SS1651690762770,US,CA,situational,situational5,likert_rating,NA
SS1651690768899,US,CA,personal,personal3,likert_rating,6
SS1651690768899,US,CA,personal,personal1,likert_rating,0
SS1651690768899,US,CA,personal,personal5,likert_rating,0
SS1651690768899,US,CA,personal,personal4,likert_rating,0
SS1651690768899,US,CA,personal,personal0,likert_rating,1
SS1651690768899,US,CA,personal,personal2,likert_rating,5
SS1651690768899,US,CA,situational,situational0,likert_rating,0
SS1651690768899,US,CA,situational,situational1,likert_rating,2
SS1651690768899,US,CA,situational,situational2,likert_rating,1
SS1651690768899,US,CA,situational,situational3,likert_rating,4
SS1651690768899,US,CA,situational,situational4,likert_rating,0
SS1651690768899,US,CA,situational,situational5,likert_rating,NA
SS1651690782524,US,CA,personal,personal3,likert_rating,2
SS1651690782524,US,CA,personal,personal1,likert_rating,3
SS1651690782524,US,CA,personal,personal5,likert_rating,3
SS1651690782524,US,CA,personal,personal4,likert_rating,3
SS1651690782524,US,CA,personal,personal0,likert_rating,2
SS1651690782524,US,CA,personal,personal2,likert_rating,2
SS1651690782524,US,CA,situational,situational0,likert_rating,2
SS1651690782524,US,CA,situational,situational1,likert_rating,3
SS1651690782524,US,CA,situational,situational2,likert_rating,6
SS1651690782524,US,CA,situational,situational3,likert_rating,2
SS1651690782524,US,CA,situational,situational4,likert_rating,3
SS1651690782524,US,CA,situational,situational5,likert_rating,2
SS1651690793463,US,CA,personal,personal3,likert_rating,1
SS1651690793463,US,CA,personal,personal1,likert_rating,1
SS1651690793463,US,CA,personal,personal5,likert_rating,3
SS1651690793463,US,CA,personal,personal4,likert_rating,1
SS1651690793463,US,CA,personal,personal0,likert_rating,1
SS1651690793463,US,CA,personal,personal2,likert_rating,2
SS1651690793463,US,CA,situational,situational0,likert_rating,0
SS1651690793463,US,CA,situational,situational1,likert_rating,0
SS1651690793463,US,CA,situational,situational2,likert_rating,2
SS1651690793463,US,CA,situational,situational3,likert_rating,1
SS1651690793463,US,CA,situational,situational4,likert_rating,0
SS1651690793463,US,CA,situational,situational5,likert_rating,2
SS1651690802568,US,CA,personal,personal3,likert_rating,3
SS1651690802568,US,CA,personal,personal1,likert_rating,3
SS1651690802568,US,CA,personal,personal5,likert_rating,3
SS1651690802568,US,CA,personal,personal4,likert_rating,4
SS1651690802568,US,CA,personal,personal0,likert_rating,2
SS1651690802568,US,CA,personal,personal2,likert_rating,2
SS1651690802568,US,CA,situational,situational0,likert_rating,0
SS1651690802568,US,CA,situational,situational1,likert_rating,0
SS1651690802568,US,CA,situational,situational2,likert_rating,1
SS1651690802568,US,CA,situational,situational3,likert_rating,0
SS1651690802568,US,CA,situational,situational4,likert_rating,0
SS1651690802568,US,CA,situational,situational5,likert_rating,NA
SS1651690810190,US,CA,personal,personal3,likert_rating,1
SS1651690810190,US,CA,personal,personal1,likert_rating,2
SS1651690810190,US,CA,personal,personal5,likert_rating,2
SS1651690810190,US,CA,personal,personal4,likert_rating,1
SS1651690810190,US,CA,personal,personal0,likert_rating,1
SS1651690810190,US,CA,personal,personal2,likert_rating,2
SS1651690810190,US,CA,situational,situational0,likert_rating,2
SS1651690810190,US,CA,situational,situational1,likert_rating,0
SS1651690810190,US,CA,situational,situational2,likert_rating,3
SS1651690810190,US,CA,situational,situational3,likert_rating,0
SS1651690810190,US,CA,situational,situational4,likert_rating,0
SS1651690810190,US,CA,situational,situational5,likert_rating,1
SS1651690858692,US,CA,personal,personal3,likert_rating,4
SS1651690858692,US,CA,personal,personal1,likert_rating,3
SS1651690858692,US,CA,personal,personal5,likert_rating,5
SS1651690858692,US,CA,personal,personal4,likert_rating,5
SS1651690858692,US,CA,personal,personal0,likert_rating,0
SS1651690858692,US,CA,personal,personal2,likert_rating,2
SS1651690858692,US,CA,situational,situational0,likert_rating,1
SS1651690858692,US,CA,situational,situational1,likert_rating,0
SS1651690858692,US,CA,situational,situational2,likert_rating,6
SS1651690858692,US,CA,situational,situational3,likert_rating,0
SS1651690858692,US,CA,situational,situational4,likert_rating,0
SS1651690858692,US,CA,situational,situational5,likert_rating,1
SS1651690873357,US,CA,personal,personal3,likert_rating,5
SS1651690873357,US,CA,personal,personal1,likert_rating,3
SS1651690873357,US,CA,personal,personal5,likert_rating,5
SS1651690873357,US,CA,personal,personal4,likert_rating,3
SS1651690873357,US,CA,personal,personal0,likert_rating,2
SS1651690873357,US,CA,personal,personal2,likert_rating,5
SS1651690873357,US,CA,situational,situational0,likert_rating,1
SS1651690873357,US,CA,situational,situational1,likert_rating,2
SS1651690873357,US,CA,situational,situational2,likert_rating,4
SS1651690873357,US,CA,situational,situational3,likert_rating,2
SS1651690873357,US,CA,situational,situational4,likert_rating,0
SS1651690873357,US,CA,situational,situational5,likert_rating,3
SS1651690892118,US,CA,personal,personal3,likert_rating,4
SS1651690892118,US,CA,personal,personal1,likert_rating,4
SS1651690892118,US,CA,personal,personal5,likert_rating,4
SS1651690892118,US,CA,personal,personal4,likert_rating,2
SS1651690892118,US,CA,personal,personal0,likert_rating,0
SS1651690892118,US,CA,personal,personal2,likert_rating,3
SS1651690892118,US,CA,situational,situational0,likert_rating,0
SS1651690892118,US,CA,situational,situational1,likert_rating,1
SS1651690892118,US,CA,situational,situational2,likert_rating,4
SS1651690892118,US,CA,situational,situational3,likert_rating,1
SS1651690892118,US,CA,situational,situational4,likert_rating,2
SS1651690892118,US,CA,situational,situational5,likert_rating,1
SS1651690898679,US,CA,personal,personal3,likert_rating,6
SS1651690898679,US,CA,personal,personal1,likert_rating,5
SS1651690898679,US,CA,personal,personal5,likert_rating,5
SS1651690898679,US,CA,personal,personal4,likert_rating,5
SS1651690898679,US,CA,personal,personal0,likert_rating,5
SS1651690898679,US,CA,personal,personal2,likert_rating,6
SS1651690898679,US,CA,situational,situational0,likert_rating,1
SS1651690898679,US,CA,situational,situational1,likert_rating,2
SS1651690898679,US,CA,situational,situational2,likert_rating,5
SS1651690898679,US,CA,situational,situational3,likert_rating,3
SS1651690898679,US,CA,situational,situational4,likert_rating,5
SS1651690898679,US,CA,situational,situational5,likert_rating,NA
SS1651690926515,US,CA,personal,personal3,likert_rating,4
SS1651690926515,US,CA,personal,personal1,likert_rating,3
SS1651690926515,US,CA,personal,personal5,likert_rating,3
SS1651690926515,US,CA,personal,personal4,likert_rating,0
SS1651690926515,US,CA,personal,personal0,likert_rating,0
SS1651690926515,US,CA,personal,personal2,likert_rating,1
SS1651690926515,US,CA,situational,situational0,likert_rating,1
SS1651690926515,US,CA,situational,situational1,likert_rating,1
SS1651690926515,US,CA,situational,situational2,likert_rating,1
SS1651690926515,US,CA,situational,situational3,likert_rating,1
SS1651690926515,US,CA,situational,situational4,likert_rating,0
SS1651690926515,US,CA,situational,situational5,likert_rating,2
SS1651690932141,US,CA,personal,personal3,likert_rating,2
SS1651690932141,US,CA,personal,personal1,likert_rating,1
SS1651690932141,US,CA,personal,personal5,likert_rating,5
SS1651690932141,US,CA,personal,personal4,likert_rating,2
SS1651690932141,US,CA,personal,personal0,likert_rating,1
SS1651690932141,US,CA,personal,personal2,likert_rating,1
SS1651690932141,US,CA,situational,situational0,likert_rating,5
SS1651690932141,US,CA,situational,situational1,likert_rating,1
SS1651690932141,US,CA,situational,situational2,likert_rating,1
SS1651690932141,US,CA,situational,situational3,likert_rating,1
SS1651690932141,US,CA,situational,situational4,likert_rating,0
SS1651690932141,US,CA,situational,situational5,likert_rating,4
SS1651690949027,US,CA,personal,personal3,likert_rating,3
SS1651690949027,US,CA,personal,personal1,likert_rating,3
SS1651690949027,US,CA,personal,personal5,likert_rating,4
SS1651690949027,US,CA,personal,personal4,likert_rating,4
SS1651690949027,US,CA,personal,personal0,likert_rating,2
SS1651690949027,US,CA,personal,personal2,likert_rating,5
SS1651690949027,US,CA,situational,situational0,likert_rating,2
SS1651690949027,US,CA,situational,situational1,likert_rating,2
SS1651690949027,US,CA,situational,situational2,likert_rating,3
SS1651690949027,US,CA,situational,situational3,likert_rating,1
SS1651690949027,US,CA,situational,situational4,likert_rating,0
SS1651690949027,US,CA,situational,situational5,likert_rating,2
SS1651691043519,US,CA,personal,personal3,likert_rating,4
SS1651691043519,US,CA,personal,personal1,likert_rating,5
SS1651691043519,US,CA,personal,personal5,likert_rating,6
SS1651691043519,US,CA,personal,personal4,likert_rating,2
SS1651691043519,US,CA,personal,personal0,likert_rating,5
SS1651691043519,US,CA,personal,personal2,likert_rating,1
SS1651691043519,US,CA,situational,situational0,likert_rating,0
SS1651691043519,US,CA,situational,situational1,likert_rating,0
SS1651691043519,US,CA,situational,situational2,likert_rating,0
SS1651691043519,US,CA,situational,situational3,likert_rating,0
SS1651691043519,US,CA,situational,situational4,likert_rating,1
SS1651691043519,US,CA,situational,situational5,likert_rating,NA
SS1651691175620,US,CA,personal,personal3,likert_rating,2
SS1651691175620,US,CA,personal,personal1,likert_rating,1
SS1651691175620,US,CA,personal,personal5,likert_rating,0
SS1651691175620,US,CA,personal,personal4,likert_rating,0
SS1651691175620,US,CA,personal,personal0,likert_rating,3
SS1651691175620,US,CA,personal,personal2,likert_rating,2
SS1651691175620,US,CA,situational,situational0,likert_rating,0
SS1651691175620,US,CA,situational,situational1,likert_rating,0
SS1651691175620,US,CA,situational,situational2,likert_rating,0
SS1651691175620,US,CA,situational,situational3,likert_rating,2
SS1651691175620,US,CA,situational,situational4,likert_rating,2
SS1651691175620,US,CA,situational,situational5,likert_rating,0
SS1651691207769,US,CA,personal,personal3,likert_rating,2
SS1651691207769,US,CA,personal,personal1,likert_rating,4
SS1651691207769,US,CA,personal,personal5,likert_rating,2
SS1651691207769,US,CA,personal,personal4,likert_rating,2
SS1651691207769,US,CA,personal,personal0,likert_rating,4
SS1651691207769,US,CA,personal,personal2,likert_rating,5
SS1651691207769,US,CA,situational,situational0,likert_rating,0
SS1651691207769,US,CA,situational,situational1,likert_rating,1
SS1651691207769,US,CA,situational,situational2,likert_rating,0
SS1651691207769,US,CA,situational,situational3,likert_rating,0
SS1651691207769,US,CA,situational,situational4,likert_rating,2
SS1651691207769,US,CA,situational,situational5,likert_rating,NA
SS1651691673018,US,CA,personal,personal3,likert_rating,5
SS1651691673018,US,CA,personal,personal1,likert_rating,2
SS1651691673018,US,CA,personal,personal5,likert_rating,5
SS1651691673018,US,CA,personal,personal4,likert_rating,4
SS1651691673018,US,CA,personal,personal0,likert_rating,3
SS1651691673018,US,CA,personal,personal2,likert_rating,5
SS1651691673018,US,CA,situational,situational0,likert_rating,0
SS1651691673018,US,CA,situational,situational1,likert_rating,0
SS1651691673018,US,CA,situational,situational2,likert_rating,1
SS1651691673018,US,CA,situational,situational3,likert_rating,0
SS1651691673018,US,CA,situational,situational4,likert_rating,0
SS1651691673018,US,CA,situational,situational5,likert_rating,NA
SS1651692016531,US,CA,personal,personal3,likert_rating,2
SS1651692016531,US,CA,personal,personal1,likert_rating,1
SS1651692016531,US,CA,personal,personal5,likert_rating,2
SS1651692016531,US,CA,personal,personal4,likert_rating,1
SS1651692016531,US,CA,personal,personal0,likert_rating,3
SS1651692016531,US,CA,personal,personal2,likert_rating,1
SS1651692016531,US,CA,situational,situational0,likert_rating,1
SS1651692016531,US,CA,situational,situational1,likert_rating,0
SS1651692016531,US,CA,situational,situational2,likert_rating,4
SS1651692016531,US,CA,situational,situational3,likert_rating,2
SS1651692016531,US,CA,situational,situational4,likert_rating,0
SS1651692016531,US,CA,situational,situational5,likert_rating,1
SS1651692160397,US,CA,personal,personal3,likert_rating,5
SS1651692160397,US,CA,personal,personal1,likert_rating,5
SS1651692160397,US,CA,personal,personal5,likert_rating,5
SS1651692160397,US,CA,personal,personal4,likert_rating,5
SS1651692160397,US,CA,personal,personal0,likert_rating,5
SS1651692160397,US,CA,personal,personal2,likert_rating,5
SS1651692160397,US,CA,situational,situational0,likert_rating,1
SS1651692160397,US,CA,situational,situational1,likert_rating,1
SS1651692160397,US,CA,situational,situational2,likert_rating,2
SS1651692160397,US,CA,situational,situational3,likert_rating,1
SS1651692160397,US,CA,situational,situational4,likert_rating,0
SS1651692160397,US,CA,situational,situational5,likert_rating,5
SS1651694070275,US,CA,personal,personal3,likert_rating,0
SS1651694070275,US,CA,personal,personal1,likert_rating,6
SS1651694070275,US,CA,personal,personal5,likert_rating,4
SS1651694070275,US,CA,personal,personal4,likert_rating,5
SS1651694070275,US,CA,personal,personal0,likert_rating,5
SS1651694070275,US,CA,personal,personal2,likert_rating,2
SS1651694070275,US,CA,situational,situational0,likert_rating,0
SS1651694070275,US,CA,situational,situational1,likert_rating,1
SS1651694070275,US,CA,situational,situational2,likert_rating,4
SS1651694070275,US,CA,situational,situational3,likert_rating,0
SS1651694070275,US,CA,situational,situational4,likert_rating,5
SS1651694070275,US,CA,situational,situational5,likert_rating,NA
SS1651697396411,US,CA,personal,personal3,likert_rating,2
SS1651697396411,US,CA,personal,personal1,likert_rating,2
SS1651697396411,US,CA,personal,personal5,likert_rating,2
SS1651697396411,US,CA,personal,personal4,likert_rating,2
SS1651697396411,US,CA,personal,personal0,likert_rating,2
SS1651697396411,US,CA,personal,personal2,likert_rating,2
SS1651697396411,US,CA,situational,situational0,likert_rating,2
SS1651697396411,US,CA,situational,situational1,likert_rating,0
SS1651697396411,US,CA,situational,situational2,likert_rating,2
SS1651697396411,US,CA,situational,situational3,likert_rating,2
SS1651697396411,US,CA,situational,situational4,likert_rating,2
SS1651697396411,US,CA,situational,situational5,likert_rating,2
SS1651868487521,US,CA,personal,personal3,likert_rating,3
SS1651868487521,US,CA,personal,personal1,likert_rating,2
SS1651868487521,US,CA,personal,personal5,likert_rating,3
SS1651868487521,US,CA,personal,personal4,likert_rating,3
SS1651868487521,US,CA,personal,personal0,likert_rating,2
SS1651868487521,US,CA,personal,personal2,likert_rating,0
SS1651868487521,US,CA,situational,situational0,likert_rating,2
SS1651868487521,US,CA,situational,situational1,likert_rating,0
SS1651868487521,US,CA,situational,situational2,likert_rating,2
SS1651868487521,US,CA,situational,situational3,likert_rating,0
SS1651868487521,US,CA,situational,situational4,likert_rating,0
SS1651868487521,US,CA,situational,situational5,likert_rating,0
SS1651868699067,US,CA,personal,personal3,likert_rating,5
SS1651868699067,US,CA,personal,personal1,likert_rating,4
SS1651868699067,US,CA,personal,personal5,likert_rating,6
SS1651868699067,US,CA,personal,personal4,likert_rating,4
SS1651868699067,US,CA,personal,personal0,likert_rating,5
SS1651868699067,US,CA,personal,personal2,likert_rating,5
SS1651868699067,US,CA,situational,situational0,likert_rating,0
SS1651868699067,US,CA,situational,situational1,likert_rating,0
SS1651868699067,US,CA,situational,situational2,likert_rating,2
SS1651868699067,US,CA,situational,situational3,likert_rating,0
SS1651868699067,US,CA,situational,situational4,likert_rating,2
SS1651868699067,US,CA,situational,situational5,likert_rating,NA
SS1651868701012,US,CA,personal,personal3,likert_rating,4
SS1651868701012,US,CA,personal,personal1,likert_rating,4
SS1651868701012,US,CA,personal,personal5,likert_rating,2
SS1651868701012,US,CA,personal,personal4,likert_rating,6
SS1651868701012,US,CA,personal,personal0,likert_rating,2
SS1651868701012,US,CA,personal,personal2,likert_rating,4
SS1651868701012,US,CA,situational,situational0,likert_rating,5
SS1651868701012,US,CA,situational,situational1,likert_rating,4
SS1651868701012,US,CA,situational,situational2,likert_rating,2
SS1651868701012,US,CA,situational,situational3,likert_rating,1
SS1651868701012,US,CA,situational,situational4,likert_rating,0
SS1651868701012,US,CA,situational,situational5,likert_rating,0
SS1651868705438,US,CA,personal,personal3,likert_rating,3
SS1651868705438,US,CA,personal,personal1,likert_rating,3
SS1651868705438,US,CA,personal,personal5,likert_rating,5
SS1651868705438,US,CA,personal,personal4,likert_rating,2
SS1651868705438,US,CA,personal,personal0,likert_rating,4
SS1651868705438,US,CA,personal,personal2,likert_rating,4
SS1651868705438,US,CA,situational,situational0,likert_rating,0
SS1651868705438,US,CA,situational,situational1,likert_rating,1
SS1651868705438,US,CA,situational,situational2,likert_rating,5
SS1651868705438,US,CA,situational,situational3,likert_rating,1
SS1651868705438,US,CA,situational,situational4,likert_rating,2
SS1651868705438,US,CA,situational,situational5,likert_rating,3
SS1651868707186,US,CA,personal,personal3,likert_rating,3
SS1651868707186,US,CA,personal,personal1,likert_rating,4
SS1651868707186,US,CA,personal,personal5,likert_rating,4
SS1651868707186,US,CA,personal,personal4,likert_rating,1
SS1651868707186,US,CA,personal,personal0,likert_rating,3
SS1651868707186,US,CA,personal,personal2,likert_rating,3
SS1651868707186,US,CA,situational,situational0,likert_rating,0
SS1651868707186,US,CA,situational,situational1,likert_rating,0
SS1651868707186,US,CA,situational,situational2,likert_rating,3
SS1651868707186,US,CA,situational,situational3,likert_rating,0
SS1651868707186,US,CA,situational,situational4,likert_rating,1
SS1651868707186,US,CA,situational,situational5,likert_rating,NA
SS1651868708760,US,CA,personal,personal3,likert_rating,0
SS1651868708760,US,CA,personal,personal1,likert_rating,5
SS1651868708760,US,CA,personal,personal5,likert_rating,5
SS1651868708760,US,CA,personal,personal4,likert_rating,3
SS1651868708760,US,CA,personal,personal0,likert_rating,5
SS1651868708760,US,CA,personal,personal2,likert_rating,2
SS1651868708760,US,CA,situational,situational0,likert_rating,3
SS1651868708760,US,CA,situational,situational1,likert_rating,0
SS1651868708760,US,CA,situational,situational2,likert_rating,3
SS1651868708760,US,CA,situational,situational3,likert_rating,4
SS1651868708760,US,CA,situational,situational4,likert_rating,2
SS1651868708760,US,CA,situational,situational5,likert_rating,NA
SS1651868710355,US,CA,personal,personal3,likert_rating,5
SS1651868710355,US,CA,personal,personal1,likert_rating,4
SS1651868710355,US,CA,personal,personal5,likert_rating,5
SS1651868710355,US,CA,personal,personal4,likert_rating,5
SS1651868710355,US,CA,personal,personal0,likert_rating,6
SS1651868710355,US,CA,personal,personal2,likert_rating,5
SS1651868710355,US,CA,situational,situational0,likert_rating,0
SS1651868710355,US,CA,situational,situational1,likert_rating,0
SS1651868710355,US,CA,situational,situational2,likert_rating,1
SS1651868710355,US,CA,situational,situational3,likert_rating,0
SS1651868710355,US,CA,situational,situational4,likert_rating,0
SS1651868710355,US,CA,situational,situational5,likert_rating,NA
SS1651868712524,US,CA,personal,personal3,likert_rating,3
SS1651868712524,US,CA,personal,personal1,likert_rating,5
SS1651868712524,US,CA,personal,personal5,likert_rating,5
SS1651868712524,US,CA,personal,personal4,likert_rating,3
SS1651868712524,US,CA,personal,personal0,likert_rating,6
SS1651868712524,US,CA,personal,personal2,likert_rating,3
SS1651868712524,US,CA,situational,situational0,likert_rating,1
SS1651868712524,US,CA,situational,situational1,likert_rating,0
SS1651868712524,US,CA,situational,situational2,likert_rating,4
SS1651868712524,US,CA,situational,situational3,likert_rating,0
SS1651868712524,US,CA,situational,situational4,likert_rating,0
SS1651868712524,US,CA,situational,situational5,likert_rating,2
SS1651868713554,US,CA,personal,personal3,likert_rating,3
SS1651868713554,US,CA,personal,personal1,likert_rating,5
SS1651868713554,US,CA,personal,personal5,likert_rating,6
SS1651868713554,US,CA,personal,personal4,likert_rating,5
SS1651868713554,US,CA,personal,personal0,likert_rating,0
SS1651868713554,US,CA,personal,personal2,likert_rating,2
SS1651868713554,US,CA,situational,situational0,likert_rating,1
SS1651868713554,US,CA,situational,situational1,likert_rating,0
SS1651868713554,US,CA,situational,situational2,likert_rating,5
SS1651868713554,US,CA,situational,situational3,likert_rating,0
SS1651868713554,US,CA,situational,situational4,likert_rating,0
SS1651868713554,US,CA,situational,situational5,likert_rating,0
SS1651868714312,US,CA,personal,personal3,likert_rating,2
SS1651868714312,US,CA,personal,personal1,likert_rating,2
SS1651868714312,US,CA,personal,personal5,likert_rating,0
SS1651868714312,US,CA,personal,personal4,likert_rating,2
SS1651868714312,US,CA,personal,personal0,likert_rating,0
SS1651868714312,US,CA,personal,personal2,likert_rating,0
SS1651868714312,US,CA,situational,situational0,likert_rating,2
SS1651868714312,US,CA,situational,situational1,likert_rating,2
SS1651868714312,US,CA,situational,situational2,likert_rating,0
SS1651868714312,US,CA,situational,situational3,likert_rating,0
SS1651868714312,US,CA,situational,situational4,likert_rating,0
SS1651868714312,US,CA,situational,situational5,likert_rating,0
SS1651868714404,US,CA,personal,personal3,likert_rating,2
SS1651868714404,US,CA,personal,personal1,likert_rating,3
SS1651868714404,US,CA,personal,personal5,likert_rating,2
SS1651868714404,US,CA,personal,personal4,likert_rating,1
SS1651868714404,US,CA,personal,personal0,likert_rating,4
SS1651868714404,US,CA,personal,personal2,likert_rating,1
SS1651868714404,US,CA,situational,situational0,likert_rating,2
SS1651868714404,US,CA,situational,situational1,likert_rating,1
SS1651868714404,US,CA,situational,situational2,likert_rating,3
SS1651868714404,US,CA,situational,situational3,likert_rating,1
SS1651868714404,US,CA,situational,situational4,likert_rating,2
SS1651868714404,US,CA,situational,situational5,likert_rating,NA
SS1651868716048,US,CA,personal,personal3,likert_rating,2
SS1651868716048,US,CA,personal,personal1,likert_rating,2
SS1651868716048,US,CA,personal,personal5,likert_rating,3
SS1651868716048,US,CA,personal,personal4,likert_rating,5
SS1651868716048,US,CA,personal,personal0,likert_rating,0
SS1651868716048,US,CA,personal,personal2,likert_rating,3
SS1651868716048,US,CA,situational,situational0,likert_rating,1
SS1651868716048,US,CA,situational,situational1,likert_rating,2
SS1651868716048,US,CA,situational,situational2,likert_rating,4
SS1651868716048,US,CA,situational,situational3,likert_rating,1
SS1651868716048,US,CA,situational,situational4,likert_rating,1
SS1651868716048,US,CA,situational,situational5,likert_rating,3
SS1651868717843,US,CA,personal,personal3,likert_rating,6
SS1651868717843,US,CA,personal,personal1,likert_rating,2
SS1651868717843,US,CA,personal,personal5,likert_rating,1
SS1651868717843,US,CA,personal,personal4,likert_rating,3
SS1651868717843,US,CA,personal,personal0,likert_rating,2
SS1651868717843,US,CA,personal,personal2,likert_rating,2
SS1651868717843,US,CA,situational,situational0,likert_rating,0
SS1651868717843,US,CA,situational,situational1,likert_rating,0
SS1651868717843,US,CA,situational,situational2,likert_rating,4
SS1651868717843,US,CA,situational,situational3,likert_rating,0
SS1651868717843,US,CA,situational,situational4,likert_rating,1
SS1651868717843,US,CA,situational,situational5,likert_rating,NA
SS1651868718682,US,CA,personal,personal3,likert_rating,4
SS1651868718682,US,CA,personal,personal1,likert_rating,4
SS1651868718682,US,CA,personal,personal5,likert_rating,5
SS1651868718682,US,CA,personal,personal4,likert_rating,5
SS1651868718682,US,CA,personal,personal0,likert_rating,5
SS1651868718682,US,CA,personal,personal2,likert_rating,4
SS1651868718682,US,CA,situational,situational0,likert_rating,1
SS1651868718682,US,CA,situational,situational1,likert_rating,0
SS1651868718682,US,CA,situational,situational2,likert_rating,1
SS1651868718682,US,CA,situational,situational3,likert_rating,2
SS1651868718682,US,CA,situational,situational4,likert_rating,1
SS1651868718682,US,CA,situational,situational5,likert_rating,NA
SS1651868720723,US,CA,personal,personal3,likert_rating,2
SS1651868720723,US,CA,personal,personal1,likert_rating,2
SS1651868720723,US,CA,personal,personal5,likert_rating,2
SS1651868720723,US,CA,personal,personal4,likert_rating,2
SS1651868720723,US,CA,personal,personal0,likert_rating,0
SS1651868720723,US,CA,personal,personal2,likert_rating,2
SS1651868720723,US,CA,situational,situational0,likert_rating,1
SS1651868720723,US,CA,situational,situational1,likert_rating,1
SS1651868720723,US,CA,situational,situational2,likert_rating,1
SS1651868720723,US,CA,situational,situational3,likert_rating,1
SS1651868720723,US,CA,situational,situational4,likert_rating,1
SS1651868720723,US,CA,situational,situational5,likert_rating,1
SS1651868725160,US,CA,personal,personal3,likert_rating,5
SS1651868725160,US,CA,personal,personal1,likert_rating,5
SS1651868725160,US,CA,personal,personal5,likert_rating,5
SS1651868725160,US,CA,personal,personal4,likert_rating,6
SS1651868725160,US,CA,personal,personal0,likert_rating,5
SS1651868725160,US,CA,personal,personal2,likert_rating,5
SS1651868725160,US,CA,situational,situational0,likert_rating,1
SS1651868725160,US,CA,situational,situational1,likert_rating,0
SS1651868725160,US,CA,situational,situational2,likert_rating,2
SS1651868725160,US,CA,situational,situational3,likert_rating,4
SS1651868725160,US,CA,situational,situational4,likert_rating,2
SS1651868725160,US,CA,situational,situational5,likert_rating,NA
SS1651868731784,US,CA,personal,personal3,likert_rating,4
SS1651868731784,US,CA,personal,personal1,likert_rating,0
SS1651868731784,US,CA,personal,personal5,likert_rating,3
SS1651868731784,US,CA,personal,personal4,likert_rating,2
SS1651868731784,US,CA,personal,personal0,likert_rating,2
SS1651868731784,US,CA,personal,personal2,likert_rating,2
SS1651868731784,US,CA,situational,situational0,likert_rating,5
SS1651868731784,US,CA,situational,situational1,likert_rating,1
SS1651868731784,US,CA,situational,situational2,likert_rating,0
SS1651868731784,US,CA,situational,situational3,likert_rating,2
SS1651868731784,US,CA,situational,situational4,likert_rating,1
SS1651868731784,US,CA,situational,situational5,likert_rating,4
SS1651868736601,US,CA,personal,personal3,likert_rating,4
SS1651868736601,US,CA,personal,personal1,likert_rating,5
SS1651868736601,US,CA,personal,personal5,likert_rating,5
SS1651868736601,US,CA,personal,personal4,likert_rating,2
SS1651868736601,US,CA,personal,personal0,likert_rating,1
SS1651868736601,US,CA,personal,personal2,likert_rating,4
SS1651868736601,US,CA,situational,situational0,likert_rating,2
SS1651868736601,US,CA,situational,situational1,likert_rating,1
SS1651868736601,US,CA,situational,situational2,likert_rating,5
SS1651868736601,US,CA,situational,situational3,likert_rating,3
SS1651868736601,US,CA,situational,situational4,likert_rating,1
SS1651868736601,US,CA,situational,situational5,likert_rating,1
SS1651868738305,US,CA,personal,personal3,likert_rating,4
SS1651868738305,US,CA,personal,personal1,likert_rating,4
SS1651868738305,US,CA,personal,personal5,likert_rating,4
SS1651868738305,US,CA,personal,personal4,likert_rating,2
SS1651868738305,US,CA,personal,personal0,likert_rating,5
SS1651868738305,US,CA,personal,personal2,likert_rating,4
SS1651868738305,US,CA,situational,situational0,likert_rating,3
SS1651868738305,US,CA,situational,situational1,likert_rating,1
SS1651868738305,US,CA,situational,situational2,likert_rating,3
SS1651868738305,US,CA,situational,situational3,likert_rating,0
SS1651868738305,US,CA,situational,situational4,likert_rating,1
SS1651868738305,US,CA,situational,situational5,likert_rating,NA
SS1651868744832,US,CA,personal,personal3,likert_rating,2
SS1651868744832,US,CA,personal,personal1,likert_rating,5
SS1651868744832,US,CA,personal,personal5,likert_rating,4
SS1651868744832,US,CA,personal,personal4,likert_rating,4
SS1651868744832,US,CA,personal,personal0,likert_rating,3
SS1651868744832,US,CA,personal,personal2,likert_rating,3
SS1651868744832,US,CA,situational,situational0,likert_rating,0
SS1651868744832,US,CA,situational,situational1,likert_rating,0
SS1651868744832,US,CA,situational,situational2,likert_rating,2
SS1651868744832,US,CA,situational,situational3,likert_rating,1
SS1651868744832,US,CA,situational,situational4,likert_rating,1
SS1651868744832,US,CA,situational,situational5,likert_rating,NA
SS1651868744957,US,CA,personal,personal3,likert_rating,2
SS1651868744957,US,CA,personal,personal1,likert_rating,3
SS1651868744957,US,CA,personal,personal5,likert_rating,2
SS1651868744957,US,CA,personal,personal4,likert_rating,2
SS1651868744957,US,CA,personal,personal0,likert_rating,4
SS1651868744957,US,CA,personal,personal2,likert_rating,2
SS1651868744957,US,CA,situational,situational0,likert_rating,0
SS1651868744957,US,CA,situational,situational1,likert_rating,1
SS1651868744957,US,CA,situational,situational2,likert_rating,5
SS1651868744957,US,CA,situational,situational3,likert_rating,4
SS1651868744957,US,CA,situational,situational4,likert_rating,0
SS1651868744957,US,CA,situational,situational5,likert_rating,3
SS1651868745180,US,CA,personal,personal3,likert_rating,5
SS1651868745180,US,CA,personal,personal1,likert_rating,5
SS1651868745180,US,CA,personal,personal5,likert_rating,3
SS1651868745180,US,CA,personal,personal4,likert_rating,3
SS1651868745180,US,CA,personal,personal0,likert_rating,6
SS1651868745180,US,CA,personal,personal2,likert_rating,5
SS1651868745180,US,CA,situational,situational0,likert_rating,3
SS1651868745180,US,CA,situational,situational1,likert_rating,4
SS1651868745180,US,CA,situational,situational2,likert_rating,4
SS1651868745180,US,CA,situational,situational3,likert_rating,4
SS1651868745180,US,CA,situational,situational4,likert_rating,5
SS1651868745180,US,CA,situational,situational5,likert_rating,NA
SS1651868745703,US,CA,personal,personal3,likert_rating,3
SS1651868745703,US,CA,personal,personal1,likert_rating,6
SS1651868745703,US,CA,personal,personal5,likert_rating,4
SS1651868745703,US,CA,personal,personal4,likert_rating,4
SS1651868745703,US,CA,personal,personal0,likert_rating,5
SS1651868745703,US,CA,personal,personal2,likert_rating,4
SS1651868745703,US,CA,situational,situational0,likert_rating,3
SS1651868745703,US,CA,situational,situational1,likert_rating,3
SS1651868745703,US,CA,situational,situational2,likert_rating,4
SS1651868745703,US,CA,situational,situational3,likert_rating,2
SS1651868745703,US,CA,situational,situational4,likert_rating,4
SS1651868745703,US,CA,situational,situational5,likert_rating,NA
SS1651868751261,US,CA,personal,personal3,likert_rating,4
SS1651868751261,US,CA,personal,personal1,likert_rating,1
SS1651868751261,US,CA,personal,personal5,likert_rating,4
SS1651868751261,US,CA,personal,personal4,likert_rating,5
SS1651868751261,US,CA,personal,personal0,likert_rating,1
SS1651868751261,US,CA,personal,personal2,likert_rating,4
SS1651868751261,US,CA,situational,situational0,likert_rating,0
SS1651868751261,US,CA,situational,situational1,likert_rating,0
SS1651868751261,US,CA,situational,situational2,likert_rating,3
SS1651868751261,US,CA,situational,situational3,likert_rating,0
SS1651868751261,US,CA,situational,situational4,likert_rating,0
SS1651868751261,US,CA,situational,situational5,likert_rating,0
SS1651868754302,US,CA,personal,personal3,likert_rating,4
SS1651868754302,US,CA,personal,personal1,likert_rating,5
SS1651868754302,US,CA,personal,personal5,likert_rating,6
SS1651868754302,US,CA,personal,personal4,likert_rating,5
SS1651868754302,US,CA,personal,personal0,likert_rating,5
SS1651868754302,US,CA,personal,personal2,likert_rating,2
SS1651868754302,US,CA,situational,situational0,likert_rating,0
SS1651868754302,US,CA,situational,situational1,likert_rating,0
SS1651868754302,US,CA,situational,situational2,likert_rating,4
SS1651868754302,US,CA,situational,situational3,likert_rating,2
SS1651868754302,US,CA,situational,situational4,likert_rating,0
SS1651868754302,US,CA,situational,situational5,likert_rating,NA
SS1651868756130,US,CA,personal,personal3,likert_rating,5
SS1651868756130,US,CA,personal,personal1,likert_rating,3
SS1651868756130,US,CA,personal,personal5,likert_rating,4
SS1651868756130,US,CA,personal,personal4,likert_rating,4
SS1651868756130,US,CA,personal,personal0,likert_rating,5
SS1651868756130,US,CA,personal,personal2,likert_rating,5
SS1651868756130,US,CA,situational,situational0,likert_rating,1
SS1651868756130,US,CA,situational,situational1,likert_rating,4
SS1651868756130,US,CA,situational,situational2,likert_rating,5
SS1651868756130,US,CA,situational,situational3,likert_rating,4
SS1651868756130,US,CA,situational,situational4,likert_rating,3
SS1651868756130,US,CA,situational,situational5,likert_rating,NA
SS1651868757005,US,CA,personal,personal3,likert_rating,NA
SS1651868757005,US,CA,personal,personal1,likert_rating,NA
SS1651868757005,US,CA,personal,personal5,likert_rating,NA
SS1651868757005,US,CA,personal,personal4,likert_rating,NA
SS1651868757005,US,CA,personal,personal0,likert_rating,NA
SS1651868757005,US,CA,personal,personal2,likert_rating,NA
SS1651868757005,US,CA,situational,situational0,likert_rating,NA
SS1651868757005,US,CA,situational,situational1,likert_rating,NA
SS1651868757005,US,CA,situational,situational2,likert_rating,NA
SS1651868757005,US,CA,situational,situational3,likert_rating,NA
SS1651868757005,US,CA,situational,situational4,likert_rating,NA
SS1651868757005,US,CA,situational,situational5,likert_rating,NA
SS1651868757005,US,CA,personal,personal3,likert_rating,2
SS1651868757005,US,CA,personal,personal1,likert_rating,2
SS1651868757005,US,CA,personal,personal5,likert_rating,1
SS1651868757005,US,CA,personal,personal4,likert_rating,2
SS1651868757005,US,CA,personal,personal0,likert_rating,2
SS1651868757005,US,CA,personal,personal2,likert_rating,2
SS1651868757005,US,CA,situational,situational0,likert_rating,2
SS1651868757005,US,CA,situational,situational1,likert_rating,0
SS1651868757005,US,CA,situational,situational2,likert_rating,1
SS1651868757005,US,CA,situational,situational3,likert_rating,0
SS1651868757005,US,CA,situational,situational4,likert_rating,0
SS1651868757005,US,CA,situational,situational5,likert_rating,1
SS1651868767690,US,CA,personal,personal3,likert_rating,4
SS1651868767690,US,CA,personal,personal1,likert_rating,2
SS1651868767690,US,CA,personal,personal5,likert_rating,5
SS1651868767690,US,CA,personal,personal4,likert_rating,3
SS1651868767690,US,CA,personal,personal0,likert_rating,2
SS1651868767690,US,CA,personal,personal2,likert_rating,4
SS1651868767690,US,CA,situational,situational0,likert_rating,0
SS1651868767690,US,CA,situational,situational1,likert_rating,2
SS1651868767690,US,CA,situational,situational2,likert_rating,2
SS1651868767690,US,CA,situational,situational3,likert_rating,0
SS1651868767690,US,CA,situational,situational4,likert_rating,2
SS1651868767690,US,CA,situational,situational5,likert_rating,NA
SS1651868773205,US,CA,personal,personal3,likert_rating,3
SS1651868773205,US,CA,personal,personal1,likert_rating,1
SS1651868773205,US,CA,personal,personal5,likert_rating,5
SS1651868773205,US,CA,personal,personal4,likert_rating,6
SS1651868773205,US,CA,personal,personal0,likert_rating,3
SS1651868773205,US,CA,personal,personal2,likert_rating,2
SS1651868773205,US,CA,situational,situational0,likert_rating,4
SS1651868773205,US,CA,situational,situational1,likert_rating,4
SS1651868773205,US,CA,situational,situational2,likert_rating,2
SS1651868773205,US,CA,situational,situational3,likert_rating,2
SS1651868773205,US,CA,situational,situational4,likert_rating,4
SS1651868773205,US,CA,situational,situational5,likert_rating,NA
SS1651868778604,US,CA,personal,personal3,likert_rating,0
SS1651868778604,US,CA,personal,personal1,likert_rating,2
SS1651868778604,US,CA,personal,personal5,likert_rating,6
SS1651868778604,US,CA,personal,personal4,likert_rating,5
SS1651868778604,US,CA,personal,personal0,likert_rating,0
SS1651868778604,US,CA,personal,personal2,likert_rating,3
SS1651868778604,US,CA,situational,situational0,likert_rating,0
SS1651868778604,US,CA,situational,situational1,likert_rating,0
SS1651868778604,US,CA,situational,situational2,likert_rating,2
SS1651868778604,US,CA,situational,situational3,likert_rating,0
SS1651868778604,US,CA,situational,situational4,likert_rating,0
SS1651868778604,US,CA,situational,situational5,likert_rating,NA
SS1651868779378,US,CA,personal,personal3,likert_rating,4
SS1651868779378,US,CA,personal,personal1,likert_rating,5
SS1651868779378,US,CA,personal,personal5,likert_rating,4
SS1651868779378,US,CA,personal,personal4,likert_rating,4
SS1651868779378,US,CA,personal,personal0,likert_rating,3
SS1651868779378,US,CA,personal,personal2,likert_rating,3
SS1651868779378,US,CA,situational,situational0,likert_rating,0
SS1651868779378,US,CA,situational,situational1,likert_rating,0
SS1651868779378,US,CA,situational,situational2,likert_rating,1
SS1651868779378,US,CA,situational,situational3,likert_rating,1
SS1651868779378,US,CA,situational,situational4,likert_rating,1
SS1651868779378,US,CA,situational,situational5,likert_rating,NA
SS1651868780067,US,CA,personal,personal3,likert_rating,2
SS1651868780067,US,CA,personal,personal1,likert_rating,2
SS1651868780067,US,CA,personal,personal5,likert_rating,2
SS1651868780067,US,CA,personal,personal4,likert_rating,2
SS1651868780067,US,CA,personal,personal0,likert_rating,2
SS1651868780067,US,CA,personal,personal2,likert_rating,2
SS1651868780067,US,CA,situational,situational0,likert_rating,1
SS1651868780067,US,CA,situational,situational1,likert_rating,1
SS1651868780067,US,CA,situational,situational2,likert_rating,5
SS1651868780067,US,CA,situational,situational3,likert_rating,0
SS1651868780067,US,CA,situational,situational4,likert_rating,1
SS1651868780067,US,CA,situational,situational5,likert_rating,0
SS1651868782330,US,CA,personal,personal3,likert_rating,1
SS1651868782330,US,CA,personal,personal1,likert_rating,1
SS1651868782330,US,CA,personal,personal5,likert_rating,1
SS1651868782330,US,CA,personal,personal4,likert_rating,1
SS1651868782330,US,CA,personal,personal0,likert_rating,2
SS1651868782330,US,CA,personal,personal2,likert_rating,1
SS1651868782330,US,CA,situational,situational0,likert_rating,6
SS1651868782330,US,CA,situational,situational1,likert_rating,0
SS1651868782330,US,CA,situational,situational2,likert_rating,3
SS1651868782330,US,CA,situational,situational3,likert_rating,0
SS1651868782330,US,CA,situational,situational4,likert_rating,0
SS1651868782330,US,CA,situational,situational5,likert_rating,5
SS1651868783532,US,CA,personal,personal3,likert_rating,4
SS1651868783532,US,CA,personal,personal1,likert_rating,2
SS1651868783532,US,CA,personal,personal5,likert_rating,5
SS1651868783532,US,CA,personal,personal4,likert_rating,2
SS1651868783532,US,CA,personal,personal0,likert_rating,4
SS1651868783532,US,CA,personal,personal2,likert_rating,5
SS1651868783532,US,CA,situational,situational0,likert_rating,4
SS1651868783532,US,CA,situational,situational1,likert_rating,1
SS1651868783532,US,CA,situational,situational2,likert_rating,5
SS1651868783532,US,CA,situational,situational3,likert_rating,2
SS1651868783532,US,CA,situational,situational4,likert_rating,0
SS1651868783532,US,CA,situational,situational5,likert_rating,4
SS1651868784777,US,CA,personal,personal3,likert_rating,2
SS1651868784777,US,CA,personal,personal1,likert_rating,3
SS1651868784777,US,CA,personal,personal5,likert_rating,2
SS1651868784777,US,CA,personal,personal4,likert_rating,2
SS1651868784777,US,CA,personal,personal0,likert_rating,2
SS1651868784777,US,CA,personal,personal2,likert_rating,2
SS1651868784777,US,CA,situational,situational0,likert_rating,0
SS1651868784777,US,CA,situational,situational1,likert_rating,0
SS1651868784777,US,CA,situational,situational2,likert_rating,1
SS1651868784777,US,CA,situational,situational3,likert_rating,0
SS1651868784777,US,CA,situational,situational4,likert_rating,1
SS1651868784777,US,CA,situational,situational5,likert_rating,NA
SS1651868788402,US,CA,personal,personal3,likert_rating,6
SS1651868788402,US,CA,personal,personal1,likert_rating,4
SS1651868788402,US,CA,personal,personal5,likert_rating,6
SS1651868788402,US,CA,personal,personal4,likert_rating,5
SS1651868788402,US,CA,personal,personal0,likert_rating,4
SS1651868788402,US,CA,personal,personal2,likert_rating,5
SS1651868788402,US,CA,situational,situational0,likert_rating,0
SS1651868788402,US,CA,situational,situational1,likert_rating,0
SS1651868788402,US,CA,situational,situational2,likert_rating,0
SS1651868788402,US,CA,situational,situational3,likert_rating,0
SS1651868788402,US,CA,situational,situational4,likert_rating,0
SS1651868788402,US,CA,situational,situational5,likert_rating,NA
SS1651868793732,US,CA,personal,personal3,likert_rating,3
SS1651868793732,US,CA,personal,personal1,likert_rating,2
SS1651868793732,US,CA,personal,personal5,likert_rating,3
SS1651868793732,US,CA,personal,personal4,likert_rating,3
SS1651868793732,US,CA,personal,personal0,likert_rating,2
SS1651868793732,US,CA,personal,personal2,likert_rating,3
SS1651868793732,US,CA,situational,situational0,likert_rating,1
SS1651868793732,US,CA,situational,situational1,likert_rating,1
SS1651868793732,US,CA,situational,situational2,likert_rating,3
SS1651868793732,US,CA,situational,situational3,likert_rating,2
SS1651868793732,US,CA,situational,situational4,likert_rating,2
SS1651868793732,US,CA,situational,situational5,likert_rating,2
SS1651868795565,US,CA,personal,personal3,likert_rating,4
SS1651868795565,US,CA,personal,personal1,likert_rating,3
SS1651868795565,US,CA,personal,personal5,likert_rating,1
SS1651868795565,US,CA,personal,personal4,likert_rating,3
SS1651868795565,US,CA,personal,personal0,likert_rating,2
SS1651868795565,US,CA,personal,personal2,likert_rating,3
SS1651868795565,US,CA,situational,situational0,likert_rating,2
SS1651868795565,US,CA,situational,situational1,likert_rating,2
SS1651868795565,US,CA,situational,situational2,likert_rating,1
SS1651868795565,US,CA,situational,situational3,likert_rating,0
SS1651868795565,US,CA,situational,situational4,likert_rating,2
SS1651868795565,US,CA,situational,situational5,likert_rating,NA
SS1651868796147,US,CA,personal,personal3,likert_rating,5
SS1651868796147,US,CA,personal,personal1,likert_rating,1
SS1651868796147,US,CA,personal,personal5,likert_rating,1
SS1651868796147,US,CA,personal,personal4,likert_rating,5
SS1651868796147,US,CA,personal,personal0,likert_rating,0
SS1651868796147,US,CA,personal,personal2,likert_rating,4
SS1651868796147,US,CA,situational,situational0,likert_rating,0
SS1651868796147,US,CA,situational,situational1,likert_rating,0
SS1651868796147,US,CA,situational,situational2,likert_rating,5
SS1651868796147,US,CA,situational,situational3,likert_rating,0
SS1651868796147,US,CA,situational,situational4,likert_rating,0
SS1651868796147,US,CA,situational,situational5,likert_rating,0
SS1651868796810,US,CA,personal,personal3,likert_rating,3
SS1651868796810,US,CA,personal,personal1,likert_rating,4
SS1651868796810,US,CA,personal,personal5,likert_rating,4
SS1651868796810,US,CA,personal,personal4,likert_rating,2
SS1651868796810,US,CA,personal,personal0,likert_rating,1
SS1651868796810,US,CA,personal,personal2,likert_rating,2
SS1651868796810,US,CA,situational,situational0,likert_rating,1
SS1651868796810,US,CA,situational,situational1,likert_rating,1
SS1651868796810,US,CA,situational,situational2,likert_rating,2
SS1651868796810,US,CA,situational,situational3,likert_rating,2
SS1651868796810,US,CA,situational,situational4,likert_rating,0
SS1651868796810,US,CA,situational,situational5,likert_rating,2
SS1651868799606,US,CA,personal,personal3,likert_rating,2
SS1651868799606,US,CA,personal,personal1,likert_rating,4
SS1651868799606,US,CA,personal,personal5,likert_rating,6
SS1651868799606,US,CA,personal,personal4,likert_rating,5
SS1651868799606,US,CA,personal,personal0,likert_rating,6
SS1651868799606,US,CA,personal,personal2,likert_rating,2
SS1651868799606,US,CA,situational,situational0,likert_rating,0
SS1651868799606,US,CA,situational,situational1,likert_rating,0
SS1651868799606,US,CA,situational,situational2,likert_rating,4
SS1651868799606,US,CA,situational,situational3,likert_rating,4
SS1651868799606,US,CA,situational,situational4,likert_rating,0
SS1651868799606,US,CA,situational,situational5,likert_rating,NA
SS1651868800189,US,CA,personal,personal3,likert_rating,5
SS1651868800189,US,CA,personal,personal1,likert_rating,2
SS1651868800189,US,CA,personal,personal5,likert_rating,3
SS1651868800189,US,CA,personal,personal4,likert_rating,2
SS1651868800189,US,CA,personal,personal0,likert_rating,2
SS1651868800189,US,CA,personal,personal2,likert_rating,3
SS1651868800189,US,CA,situational,situational0,likert_rating,0
SS1651868800189,US,CA,situational,situational1,likert_rating,0
SS1651868800189,US,CA,situational,situational2,likert_rating,1
SS1651868800189,US,CA,situational,situational3,likert_rating,0
SS1651868800189,US,CA,situational,situational4,likert_rating,0
SS1651868800189,US,CA,situational,situational5,likert_rating,NA
SS1651868802451,US,CA,personal,personal3,likert_rating,3
SS1651868802451,US,CA,personal,personal1,likert_rating,2
SS1651868802451,US,CA,personal,personal5,likert_rating,2
SS1651868802451,US,CA,personal,personal4,likert_rating,2
SS1651868802451,US,CA,personal,personal0,likert_rating,1
SS1651868802451,US,CA,personal,personal2,likert_rating,4
SS1651868802451,US,CA,situational,situational0,likert_rating,0
SS1651868802451,US,CA,situational,situational1,likert_rating,1
SS1651868802451,US,CA,situational,situational2,likert_rating,2
SS1651868802451,US,CA,situational,situational3,likert_rating,0
SS1651868802451,US,CA,situational,situational4,likert_rating,0
SS1651868802451,US,CA,situational,situational5,likert_rating,2
SS1651868810933,US,CA,personal,personal3,likert_rating,6
SS1651868810933,US,CA,personal,personal1,likert_rating,2
SS1651868810933,US,CA,personal,personal5,likert_rating,5
SS1651868810933,US,CA,personal,personal4,likert_rating,3
SS1651868810933,US,CA,personal,personal0,likert_rating,4
SS1651868810933,US,CA,personal,personal2,likert_rating,5
SS1651868810933,US,CA,situational,situational0,likert_rating,0
SS1651868810933,US,CA,situational,situational1,likert_rating,0
SS1651868810933,US,CA,situational,situational2,likert_rating,0
SS1651868810933,US,CA,situational,situational3,likert_rating,0
SS1651868810933,US,CA,situational,situational4,likert_rating,0
SS1651868810933,US,CA,situational,situational5,likert_rating,NA
SS1651868811761,US,CA,personal,personal3,likert_rating,1
SS1651868811761,US,CA,personal,personal1,likert_rating,1
SS1651868811761,US,CA,personal,personal5,likert_rating,1
SS1651868811761,US,CA,personal,personal4,likert_rating,2
SS1651868811761,US,CA,personal,personal0,likert_rating,2
SS1651868811761,US,CA,personal,personal2,likert_rating,1
SS1651868811761,US,CA,situational,situational0,likert_rating,1
SS1651868811761,US,CA,situational,situational1,likert_rating,0
SS1651868811761,US,CA,situational,situational2,likert_rating,2
SS1651868811761,US,CA,situational,situational3,likert_rating,0
SS1651868811761,US,CA,situational,situational4,likert_rating,1
SS1651868811761,US,CA,situational,situational5,likert_rating,NA
SS1651868811860,US,CA,personal,personal3,likert_rating,4
SS1651868811860,US,CA,personal,personal1,likert_rating,5
SS1651868811860,US,CA,personal,personal5,likert_rating,4
SS1651868811860,US,CA,personal,personal4,likert_rating,6
SS1651868811860,US,CA,personal,personal0,likert_rating,4
SS1651868811860,US,CA,personal,personal2,likert_rating,4
SS1651868811860,US,CA,situational,situational0,likert_rating,0
SS1651868811860,US,CA,situational,situational1,likert_rating,0
SS1651868811860,US,CA,situational,situational2,likert_rating,0
SS1651868811860,US,CA,situational,situational3,likert_rating,0
SS1651868811860,US,CA,situational,situational4,likert_rating,0
SS1651868811860,US,CA,situational,situational5,likert_rating,NA
SS1651868811860,US,CA,personal,personal3,likert_rating,NA
SS1651868811860,US,CA,personal,personal1,likert_rating,NA
SS1651868811860,US,CA,personal,personal5,likert_rating,NA
SS1651868811860,US,CA,personal,personal4,likert_rating,NA
SS1651868811860,US,CA,personal,personal0,likert_rating,NA
SS1651868811860,US,CA,personal,personal2,likert_rating,NA
SS1651868811860,US,CA,situational,situational0,likert_rating,NA
SS1651868811860,US,CA,situational,situational1,likert_rating,NA
SS1651868811860,US,CA,situational,situational2,likert_rating,NA
SS1651868811860,US,CA,situational,situational3,likert_rating,NA
SS1651868811860,US,CA,situational,situational4,likert_rating,NA
SS1651868811860,US,CA,situational,situational5,likert_rating,NA
SS1651868812123,US,CA,personal,personal3,likert_rating,3
SS1651868812123,US,CA,personal,personal1,likert_rating,5
SS1651868812123,US,CA,personal,personal5,likert_rating,4
SS1651868812123,US,CA,personal,personal4,likert_rating,4
SS1651868812123,US,CA,personal,personal0,likert_rating,3
SS1651868812123,US,CA,personal,personal2,likert_rating,2
SS1651868812123,US,CA,situational,situational0,likert_rating,0
SS1651868812123,US,CA,situational,situational1,likert_rating,0
SS1651868812123,US,CA,situational,situational2,likert_rating,5
SS1651868812123,US,CA,situational,situational3,likert_rating,0
SS1651868812123,US,CA,situational,situational4,likert_rating,3
SS1651868812123,US,CA,situational,situational5,likert_rating,NA
SS1651868816028,US,CA,personal,personal3,likert_rating,5
SS1651868816028,US,CA,personal,personal1,likert_rating,3
SS1651868816028,US,CA,personal,personal5,likert_rating,2
SS1651868816028,US,CA,personal,personal4,likert_rating,2
SS1651868816028,US,CA,personal,personal0,likert_rating,2
SS1651868816028,US,CA,personal,personal2,likert_rating,4
SS1651868816028,US,CA,situational,situational0,likert_rating,0
SS1651868816028,US,CA,situational,situational1,likert_rating,1
SS1651868816028,US,CA,situational,situational2,likert_rating,2
SS1651868816028,US,CA,situational,situational3,likert_rating,2
SS1651868816028,US,CA,situational,situational4,likert_rating,1
SS1651868816028,US,CA,situational,situational5,likert_rating,NA
SS1651868817160,US,CA,personal,personal3,likert_rating,2
SS1651868817160,US,CA,personal,personal1,likert_rating,2
SS1651868817160,US,CA,personal,personal5,likert_rating,2
SS1651868817160,US,CA,personal,personal4,likert_rating,2
SS1651868817160,US,CA,personal,personal0,likert_rating,2
SS1651868817160,US,CA,personal,personal2,likert_rating,2
SS1651868817160,US,CA,situational,situational0,likert_rating,1
SS1651868817160,US,CA,situational,situational1,likert_rating,2
SS1651868817160,US,CA,situational,situational2,likert_rating,2
SS1651868817160,US,CA,situational,situational3,likert_rating,2
SS1651868817160,US,CA,situational,situational4,likert_rating,1
SS1651868817160,US,CA,situational,situational5,likert_rating,2
SS1651868817171,US,CA,personal,personal3,likert_rating,5
SS1651868817171,US,CA,personal,personal1,likert_rating,5
SS1651868817171,US,CA,personal,personal5,likert_rating,5
SS1651868817171,US,CA,personal,personal4,likert_rating,4
SS1651868817171,US,CA,personal,personal0,likert_rating,0
SS1651868817171,US,CA,personal,personal2,likert_rating,4
SS1651868817171,US,CA,situational,situational0,likert_rating,0
SS1651868817171,US,CA,situational,situational1,likert_rating,0
SS1651868817171,US,CA,situational,situational2,likert_rating,6
SS1651868817171,US,CA,situational,situational3,likert_rating,0
SS1651868817171,US,CA,situational,situational4,likert_rating,2
SS1651868817171,US,CA,situational,situational5,likert_rating,1
SS1651868820237,US,CA,personal,personal3,likert_rating,5
SS1651868820237,US,CA,personal,personal1,likert_rating,1
SS1651868820237,US,CA,personal,personal5,likert_rating,5
SS1651868820237,US,CA,personal,personal4,likert_rating,4
SS1651868820237,US,CA,personal,personal0,likert_rating,0
SS1651868820237,US,CA,personal,personal2,likert_rating,5
SS1651868820237,US,CA,situational,situational0,likert_rating,0
SS1651868820237,US,CA,situational,situational1,likert_rating,0
SS1651868820237,US,CA,situational,situational2,likert_rating,3
SS1651868820237,US,CA,situational,situational3,likert_rating,0
SS1651868820237,US,CA,situational,situational4,likert_rating,0
SS1651868820237,US,CA,situational,situational5,likert_rating,0
SS1651868826063,US,CA,personal,personal3,likert_rating,6
SS1651868826063,US,CA,personal,personal1,likert_rating,5
SS1651868826063,US,CA,personal,personal5,likert_rating,5
SS1651868826063,US,CA,personal,personal4,likert_rating,4
SS1651868826063,US,CA,personal,personal0,likert_rating,5
SS1651868826063,US,CA,personal,personal2,likert_rating,5
SS1651868826063,US,CA,situational,situational0,likert_rating,1
SS1651868826063,US,CA,situational,situational1,likert_rating,4
SS1651868826063,US,CA,situational,situational2,likert_rating,2
SS1651868826063,US,CA,situational,situational3,likert_rating,1
SS1651868826063,US,CA,situational,situational4,likert_rating,1
SS1651868826063,US,CA,situational,situational5,likert_rating,NA
SS1651868827795,US,CA,personal,personal3,likert_rating,6
SS1651868827795,US,CA,personal,personal1,likert_rating,5
SS1651868827795,US,CA,personal,personal5,likert_rating,6
SS1651868827795,US,CA,personal,personal4,likert_rating,3
SS1651868827795,US,CA,personal,personal0,likert_rating,6
SS1651868827795,US,CA,personal,personal2,likert_rating,4
SS1651868827795,US,CA,situational,situational0,likert_rating,6
SS1651868827795,US,CA,situational,situational1,likert_rating,6
SS1651868827795,US,CA,situational,situational2,likert_rating,6
SS1651868827795,US,CA,situational,situational3,likert_rating,4
SS1651868827795,US,CA,situational,situational4,likert_rating,4
SS1651868827795,US,CA,situational,situational5,likert_rating,6
SS1651868828049,US,CA,personal,personal3,likert_rating,5
SS1651868828049,US,CA,personal,personal1,likert_rating,4
SS1651868828049,US,CA,personal,personal5,likert_rating,5
SS1651868828049,US,CA,personal,personal4,likert_rating,5
SS1651868828049,US,CA,personal,personal0,likert_rating,4
SS1651868828049,US,CA,personal,personal2,likert_rating,6
SS1651868828049,US,CA,situational,situational0,likert_rating,3
SS1651868828049,US,CA,situational,situational1,likert_rating,3
SS1651868828049,US,CA,situational,situational2,likert_rating,3
SS1651868828049,US,CA,situational,situational3,likert_rating,3
SS1651868828049,US,CA,situational,situational4,likert_rating,3
SS1651868828049,US,CA,situational,situational5,likert_rating,3
SS1651868830966,US,CA,personal,personal3,likert_rating,0
SS1651868830966,US,CA,personal,personal1,likert_rating,3
SS1651868830966,US,CA,personal,personal5,likert_rating,2
SS1651868830966,US,CA,personal,personal4,likert_rating,6
SS1651868830966,US,CA,personal,personal0,likert_rating,3
SS1651868830966,US,CA,personal,personal2,likert_rating,0
SS1651868830966,US,CA,situational,situational0,likert_rating,6
SS1651868830966,US,CA,situational,situational1,likert_rating,0
SS1651868830966,US,CA,situational,situational2,likert_rating,1
SS1651868830966,US,CA,situational,situational3,likert_rating,1
SS1651868830966,US,CA,situational,situational4,likert_rating,0
SS1651868830966,US,CA,situational,situational5,likert_rating,2
SS1651868834466,US,CA,personal,personal3,likert_rating,6
SS1651868834466,US,CA,personal,personal1,likert_rating,6
SS1651868834466,US,CA,personal,personal5,likert_rating,6
SS1651868834466,US,CA,personal,personal4,likert_rating,4
SS1651868834466,US,CA,personal,personal0,likert_rating,4
SS1651868834466,US,CA,personal,personal2,likert_rating,5
SS1651868834466,US,CA,situational,situational0,likert_rating,6
SS1651868834466,US,CA,situational,situational1,likert_rating,2
SS1651868834466,US,CA,situational,situational2,likert_rating,2
SS1651868834466,US,CA,situational,situational3,likert_rating,1
SS1651868834466,US,CA,situational,situational4,likert_rating,2
SS1651868834466,US,CA,situational,situational5,likert_rating,0
SS1651868837282,US,CA,personal,personal3,likert_rating,6
SS1651868837282,US,CA,personal,personal1,likert_rating,5
SS1651868837282,US,CA,personal,personal5,likert_rating,5
SS1651868837282,US,CA,personal,personal4,likert_rating,5
SS1651868837282,US,CA,personal,personal0,likert_rating,5
SS1651868837282,US,CA,personal,personal2,likert_rating,4
SS1651868837282,US,CA,situational,situational0,likert_rating,0
SS1651868837282,US,CA,situational,situational1,likert_rating,0
SS1651868837282,US,CA,situational,situational2,likert_rating,5
SS1651868837282,US,CA,situational,situational3,likert_rating,2
SS1651868837282,US,CA,situational,situational4,likert_rating,2
SS1651868837282,US,CA,situational,situational5,likert_rating,NA
SS1651868837282,US,CA,personal,personal3,likert_rating,NA
SS1651868837282,US,CA,personal,personal1,likert_rating,NA
SS1651868837282,US,CA,personal,personal5,likert_rating,NA
SS1651868837282,US,CA,personal,personal4,likert_rating,NA
SS1651868837282,US,CA,personal,personal0,likert_rating,NA
SS1651868837282,US,CA,personal,personal2,likert_rating,NA
SS1651868837282,US,CA,situational,situational0,likert_rating,NA
SS1651868837282,US,CA,situational,situational1,likert_rating,NA
SS1651868837282,US,CA,situational,situational2,likert_rating,NA
SS1651868837282,US,CA,situational,situational3,likert_rating,NA
SS1651868837282,US,CA,situational,situational4,likert_rating,NA
SS1651868837282,US,CA,situational,situational5,likert_rating,NA
SS1651868839147,US,CA,personal,personal3,likert_rating,3
SS1651868839147,US,CA,personal,personal1,likert_rating,5
SS1651868839147,US,CA,personal,personal5,likert_rating,6
SS1651868839147,US,CA,personal,personal4,likert_rating,3
SS1651868839147,US,CA,personal,personal0,likert_rating,5
SS1651868839147,US,CA,personal,personal2,likert_rating,2
SS1651868839147,US,CA,situational,situational0,likert_rating,3
SS1651868839147,US,CA,situational,situational1,likert_rating,0
SS1651868839147,US,CA,situational,situational2,likert_rating,4
SS1651868839147,US,CA,situational,situational3,likert_rating,1
SS1651868839147,US,CA,situational,situational4,likert_rating,0
SS1651868839147,US,CA,situational,situational5,likert_rating,NA
SS1651868839906,US,CA,personal,personal3,likert_rating,2
SS1651868839906,US,CA,personal,personal1,likert_rating,5
SS1651868839906,US,CA,personal,personal5,likert_rating,6
SS1651868839906,US,CA,personal,personal4,likert_rating,5
SS1651868839906,US,CA,personal,personal0,likert_rating,5
SS1651868839906,US,CA,personal,personal2,likert_rating,2
SS1651868839906,US,CA,situational,situational0,likert_rating,1
SS1651868839906,US,CA,situational,situational1,likert_rating,0
SS1651868839906,US,CA,situational,situational2,likert_rating,4
SS1651868839906,US,CA,situational,situational3,likert_rating,0
SS1651868839906,US,CA,situational,situational4,likert_rating,2
SS1651868839906,US,CA,situational,situational5,likert_rating,NA
SS1651868840289,US,CA,personal,personal3,likert_rating,2
SS1651868840289,US,CA,personal,personal1,likert_rating,5
SS1651868840289,US,CA,personal,personal5,likert_rating,5
SS1651868840289,US,CA,personal,personal4,likert_rating,5
SS1651868840289,US,CA,personal,personal0,likert_rating,4
SS1651868840289,US,CA,personal,personal2,likert_rating,4
SS1651868840289,US,CA,situational,situational0,likert_rating,0
SS1651868840289,US,CA,situational,situational1,likert_rating,1
SS1651868840289,US,CA,situational,situational2,likert_rating,1
SS1651868840289,US,CA,situational,situational3,likert_rating,0
SS1651868840289,US,CA,situational,situational4,likert_rating,1
SS1651868840289,US,CA,situational,situational5,likert_rating,NA
SS1651868840790,US,CA,personal,personal3,likert_rating,1
SS1651868840790,US,CA,personal,personal1,likert_rating,1
SS1651868840790,US,CA,personal,personal5,likert_rating,2
SS1651868840790,US,CA,personal,personal4,likert_rating,5
SS1651868840790,US,CA,personal,personal0,likert_rating,2
SS1651868840790,US,CA,personal,personal2,likert_rating,2
SS1651868840790,US,CA,situational,situational0,likert_rating,0
SS1651868840790,US,CA,situational,situational1,likert_rating,0
SS1651868840790,US,CA,situational,situational2,likert_rating,2
SS1651868840790,US,CA,situational,situational3,likert_rating,0
SS1651868840790,US,CA,situational,situational4,likert_rating,0
SS1651868840790,US,CA,situational,situational5,likert_rating,NA
SS1651868840790,US,CA,personal,personal3,likert_rating,NA
SS1651868840790,US,CA,personal,personal1,likert_rating,NA
SS1651868840790,US,CA,personal,personal5,likert_rating,NA
SS1651868840790,US,CA,personal,personal4,likert_rating,NA
SS1651868840790,US,CA,personal,personal0,likert_rating,NA
SS1651868840790,US,CA,personal,personal2,likert_rating,NA
SS1651868840790,US,CA,situational,situational0,likert_rating,NA
SS1651868840790,US,CA,situational,situational1,likert_rating,NA
SS1651868840790,US,CA,situational,situational2,likert_rating,NA
SS1651868840790,US,CA,situational,situational3,likert_rating,NA
SS1651868840790,US,CA,situational,situational4,likert_rating,NA
SS1651868840790,US,CA,situational,situational5,likert_rating,NA
SS1651868850581,US,CA,personal,personal3,likert_rating,2
SS1651868850581,US,CA,personal,personal1,likert_rating,2
SS1651868850581,US,CA,personal,personal5,likert_rating,2
SS1651868850581,US,CA,personal,personal4,likert_rating,0
SS1651868850581,US,CA,personal,personal0,likert_rating,2
SS1651868850581,US,CA,personal,personal2,likert_rating,2
SS1651868850581,US,CA,situational,situational0,likert_rating,2
SS1651868850581,US,CA,situational,situational1,likert_rating,0
SS1651868850581,US,CA,situational,situational2,likert_rating,2
SS1651868850581,US,CA,situational,situational3,likert_rating,2
SS1651868850581,US,CA,situational,situational4,likert_rating,2
SS1651868850581,US,CA,situational,situational5,likert_rating,NA
SS1651868852345,US,CA,personal,personal3,likert_rating,6
SS1651868852345,US,CA,personal,personal1,likert_rating,3
SS1651868852345,US,CA,personal,personal5,likert_rating,4
SS1651868852345,US,CA,personal,personal4,likert_rating,4
SS1651868852345,US,CA,personal,personal0,likert_rating,1
SS1651868852345,US,CA,personal,personal2,likert_rating,5
SS1651868852345,US,CA,situational,situational0,likert_rating,1
SS1651868852345,US,CA,situational,situational1,likert_rating,0
SS1651868852345,US,CA,situational,situational2,likert_rating,2
SS1651868852345,US,CA,situational,situational3,likert_rating,1
SS1651868852345,US,CA,situational,situational4,likert_rating,0
SS1651868852345,US,CA,situational,situational5,likert_rating,1
SS1651868868975,US,CA,personal,personal3,likert_rating,4
SS1651868868975,US,CA,personal,personal1,likert_rating,1
SS1651868868975,US,CA,personal,personal5,likert_rating,1
SS1651868868975,US,CA,personal,personal4,likert_rating,5
SS1651868868975,US,CA,personal,personal0,likert_rating,2
SS1651868868975,US,CA,personal,personal2,likert_rating,1
SS1651868868975,US,CA,situational,situational0,likert_rating,1
SS1651868868975,US,CA,situational,situational1,likert_rating,1
SS1651868868975,US,CA,situational,situational2,likert_rating,2
SS1651868868975,US,CA,situational,situational3,likert_rating,2
SS1651868868975,US,CA,situational,situational4,likert_rating,1
SS1651868868975,US,CA,situational,situational5,likert_rating,2
SS1651868873914,US,CA,personal,personal3,likert_rating,4
SS1651868873914,US,CA,personal,personal1,likert_rating,2
SS1651868873914,US,CA,personal,personal5,likert_rating,1
SS1651868873914,US,CA,personal,personal4,likert_rating,2
SS1651868873914,US,CA,personal,personal0,likert_rating,4
SS1651868873914,US,CA,personal,personal2,likert_rating,2
SS1651868873914,US,CA,situational,situational0,likert_rating,0
SS1651868873914,US,CA,situational,situational1,likert_rating,0
SS1651868873914,US,CA,situational,situational2,likert_rating,2
SS1651868873914,US,CA,situational,situational3,likert_rating,0
SS1651868873914,US,CA,situational,situational4,likert_rating,1
SS1651868873914,US,CA,situational,situational5,likert_rating,NA
SS1651868876318,US,CA,personal,personal3,likert_rating,5
SS1651868876318,US,CA,personal,personal1,likert_rating,1
SS1651868876318,US,CA,personal,personal5,likert_rating,2
SS1651868876318,US,CA,personal,personal4,likert_rating,5
SS1651868876318,US,CA,personal,personal0,likert_rating,3
SS1651868876318,US,CA,personal,personal2,likert_rating,5
SS1651868876318,US,CA,situational,situational0,likert_rating,4
SS1651868876318,US,CA,situational,situational1,likert_rating,1
SS1651868876318,US,CA,situational,situational2,likert_rating,0
SS1651868876318,US,CA,situational,situational3,likert_rating,0
SS1651868876318,US,CA,situational,situational4,likert_rating,2
SS1651868876318,US,CA,situational,situational5,likert_rating,NA
SS1651868901145,US,CA,personal,personal3,likert_rating,2
SS1651868901145,US,CA,personal,personal1,likert_rating,1
SS1651868901145,US,CA,personal,personal5,likert_rating,3
SS1651868901145,US,CA,personal,personal4,likert_rating,0
SS1651868901145,US,CA,personal,personal0,likert_rating,1
SS1651868901145,US,CA,personal,personal2,likert_rating,4
SS1651868901145,US,CA,situational,situational0,likert_rating,1
SS1651868901145,US,CA,situational,situational1,likert_rating,1
SS1651868901145,US,CA,situational,situational2,likert_rating,2
SS1651868901145,US,CA,situational,situational3,likert_rating,0
SS1651868901145,US,CA,situational,situational4,likert_rating,2
SS1651868901145,US,CA,situational,situational5,likert_rating,5
SS1651868924360,US,CA,personal,personal3,likert_rating,4
SS1651868924360,US,CA,personal,personal1,likert_rating,3
SS1651868924360,US,CA,personal,personal5,likert_rating,5
SS1651868924360,US,CA,personal,personal4,likert_rating,4
SS1651868924360,US,CA,personal,personal0,likert_rating,0
SS1651868924360,US,CA,personal,personal2,likert_rating,4
SS1651868924360,US,CA,situational,situational0,likert_rating,0
SS1651868924360,US,CA,situational,situational1,likert_rating,0
SS1651868924360,US,CA,situational,situational2,likert_rating,2
SS1651868924360,US,CA,situational,situational3,likert_rating,1
SS1651868924360,US,CA,situational,situational4,likert_rating,4
SS1651868924360,US,CA,situational,situational5,likert_rating,5
SS1651868966456,US,CA,personal,personal3,likert_rating,6
SS1651868966456,US,CA,personal,personal1,likert_rating,6
SS1651868966456,US,CA,personal,personal5,likert_rating,4
SS1651868966456,US,CA,personal,personal4,likert_rating,6
SS1651868966456,US,CA,personal,personal0,likert_rating,6
SS1651868966456,US,CA,personal,personal2,likert_rating,5
SS1651868966456,US,CA,situational,situational0,likert_rating,1
SS1651868966456,US,CA,situational,situational1,likert_rating,3
SS1651868966456,US,CA,situational,situational2,likert_rating,0
SS1651868966456,US,CA,situational,situational3,likert_rating,0
SS1651868966456,US,CA,situational,situational4,likert_rating,2
SS1651868966456,US,CA,situational,situational5,likert_rating,NA
SS1651869014963,US,CA,personal,personal3,likert_rating,2
SS1651869014963,US,CA,personal,personal1,likert_rating,5
SS1651869014963,US,CA,personal,personal5,likert_rating,5
SS1651869014963,US,CA,personal,personal4,likert_rating,4
SS1651869014963,US,CA,personal,personal0,likert_rating,4
SS1651869014963,US,CA,personal,personal2,likert_rating,3
SS1651869014963,US,CA,situational,situational0,likert_rating,0
SS1651869014963,US,CA,situational,situational1,likert_rating,2
SS1651869014963,US,CA,situational,situational2,likert_rating,0
SS1651869014963,US,CA,situational,situational3,likert_rating,2
SS1651869014963,US,CA,situational,situational4,likert_rating,2
SS1651869014963,US,CA,situational,situational5,likert_rating,NA
SS1651869017878,US,CA,personal,personal3,likert_rating,1
SS1651869017878,US,CA,personal,personal1,likert_rating,1
SS1651869017878,US,CA,personal,personal5,likert_rating,2
SS1651869017878,US,CA,personal,personal4,likert_rating,2
SS1651869017878,US,CA,personal,personal0,likert_rating,0
SS1651869017878,US,CA,personal,personal2,likert_rating,0
SS1651869017878,US,CA,situational,situational0,likert_rating,0
SS1651869017878,US,CA,situational,situational1,likert_rating,0
SS1651869017878,US,CA,situational,situational2,likert_rating,5
SS1651869017878,US,CA,situational,situational3,likert_rating,0
SS1651869017878,US,CA,situational,situational4,likert_rating,0
SS1651869017878,US,CA,situational,situational5,likert_rating,2
SS1651869021473,US,CA,personal,personal3,likert_rating,0
SS1651869021473,US,CA,personal,personal1,likert_rating,3
SS1651869021473,US,CA,personal,personal5,likert_rating,6
SS1651869021473,US,CA,personal,personal4,likert_rating,4
SS1651869021473,US,CA,personal,personal0,likert_rating,3
SS1651869021473,US,CA,personal,personal2,likert_rating,2
SS1651869021473,US,CA,situational,situational0,likert_rating,5
SS1651869021473,US,CA,situational,situational1,likert_rating,2
SS1651869021473,US,CA,situational,situational2,likert_rating,1
SS1651869021473,US,CA,situational,situational3,likert_rating,1
SS1651869021473,US,CA,situational,situational4,likert_rating,2
SS1651869021473,US,CA,situational,situational5,likert_rating,NA
SS1651869024622,US,CA,personal,personal3,likert_rating,6
SS1651869024622,US,CA,personal,personal1,likert_rating,1
SS1651869024622,US,CA,personal,personal5,likert_rating,2
SS1651869024622,US,CA,personal,personal4,likert_rating,2
SS1651869024622,US,CA,personal,personal0,likert_rating,0
SS1651869024622,US,CA,personal,personal2,likert_rating,5
SS1651869024622,US,CA,situational,situational0,likert_rating,0
SS1651869024622,US,CA,situational,situational1,likert_rating,0
SS1651869024622,US,CA,situational,situational2,likert_rating,2
SS1651869024622,US,CA,situational,situational3,likert_rating,1
SS1651869024622,US,CA,situational,situational4,likert_rating,0
SS1651869024622,US,CA,situational,situational5,likert_rating,1
SS1651869024622,US,CA,personal,personal3,likert_rating,NA
SS1651869024622,US,CA,personal,personal1,likert_rating,NA
SS1651869024622,US,CA,personal,personal5,likert_rating,NA
SS1651869024622,US,CA,personal,personal4,likert_rating,NA
SS1651869024622,US,CA,personal,personal0,likert_rating,NA
SS1651869024622,US,CA,personal,personal2,likert_rating,NA
SS1651869024622,US,CA,situational,situational0,likert_rating,NA
SS1651869024622,US,CA,situational,situational1,likert_rating,NA
SS1651869024622,US,CA,situational,situational2,likert_rating,NA
SS1651869024622,US,CA,situational,situational3,likert_rating,NA
SS1651869024622,US,CA,situational,situational4,likert_rating,NA
SS1651869024622,US,CA,situational,situational5,likert_rating,NA
SS1651869038791,US,CA,personal,personal3,likert_rating,0
SS1651869038791,US,CA,personal,personal1,likert_rating,4
SS1651869038791,US,CA,personal,personal5,likert_rating,6
SS1651869038791,US,CA,personal,personal4,likert_rating,3
SS1651869038791,US,CA,personal,personal0,likert_rating,0
SS1651869038791,US,CA,personal,personal2,likert_rating,0
SS1651869038791,US,CA,situational,situational0,likert_rating,0
SS1651869038791,US,CA,situational,situational1,likert_rating,0
SS1651869038791,US,CA,situational,situational2,likert_rating,5
SS1651869038791,US,CA,situational,situational3,likert_rating,0
SS1651869038791,US,CA,situational,situational4,likert_rating,0
SS1651869038791,US,CA,situational,situational5,likert_rating,4
SS1651869076619,US,CA,personal,personal3,likert_rating,6
SS1651869076619,US,CA,personal,personal1,likert_rating,4
SS1651869076619,US,CA,personal,personal5,likert_rating,4
SS1651869076619,US,CA,personal,personal4,likert_rating,3
SS1651869076619,US,CA,personal,personal0,likert_rating,3
SS1651869076619,US,CA,personal,personal2,likert_rating,4
SS1651869076619,US,CA,situational,situational0,likert_rating,1
SS1651869076619,US,CA,situational,situational1,likert_rating,0
SS1651869076619,US,CA,situational,situational2,likert_rating,3
SS1651869076619,US,CA,situational,situational3,likert_rating,4
SS1651869076619,US,CA,situational,situational4,likert_rating,0
SS1651869076619,US,CA,situational,situational5,likert_rating,4
SS1651869096666,US,CA,personal,personal3,likert_rating,5
SS1651869096666,US,CA,personal,personal1,likert_rating,5
SS1651869096666,US,CA,personal,personal5,likert_rating,5
SS1651869096666,US,CA,personal,personal4,likert_rating,6
SS1651869096666,US,CA,personal,personal0,likert_rating,4
SS1651869096666,US,CA,personal,personal2,likert_rating,2
SS1651869096666,US,CA,situational,situational0,likert_rating,5
SS1651869096666,US,CA,situational,situational1,likert_rating,1
SS1651869096666,US,CA,situational,situational2,likert_rating,3
SS1651869096666,US,CA,situational,situational3,likert_rating,1
SS1651869096666,US,CA,situational,situational4,likert_rating,0
SS1651869096666,US,CA,situational,situational5,likert_rating,1
SS1651869107778,US,CA,personal,personal3,likert_rating,3
SS1651869107778,US,CA,personal,personal1,likert_rating,3
SS1651869107778,US,CA,personal,personal5,likert_rating,4
SS1651869107778,US,CA,personal,personal4,likert_rating,5
SS1651869107778,US,CA,personal,personal0,likert_rating,1
SS1651869107778,US,CA,personal,personal2,likert_rating,3
SS1651869107778,US,CA,situational,situational0,likert_rating,3
SS1651869107778,US,CA,situational,situational1,likert_rating,1
SS1651869107778,US,CA,situational,situational2,likert_rating,4
SS1651869107778,US,CA,situational,situational3,likert_rating,2
SS1651869107778,US,CA,situational,situational4,likert_rating,0
SS1651869107778,US,CA,situational,situational5,likert_rating,0
SS1651869115143,US,CA,personal,personal3,likert_rating,2
SS1651869115143,US,CA,personal,personal1,likert_rating,0
SS1651869115143,US,CA,personal,personal5,likert_rating,2
SS1651869115143,US,CA,personal,personal4,likert_rating,0
SS1651869115143,US,CA,personal,personal0,likert_rating,0
SS1651869115143,US,CA,personal,personal2,likert_rating,2
SS1651869115143,US,CA,situational,situational0,likert_rating,1
SS1651869115143,US,CA,situational,situational1,likert_rating,0
SS1651869115143,US,CA,situational,situational2,likert_rating,5
SS1651869115143,US,CA,situational,situational3,likert_rating,0
SS1651869115143,US,CA,situational,situational4,likert_rating,1
SS1651869115143,US,CA,situational,situational5,likert_rating,1
SS1651869117517,US,CA,personal,personal3,likert_rating,3
SS1651869117517,US,CA,personal,personal1,likert_rating,2
SS1651869117517,US,CA,personal,personal5,likert_rating,2
SS1651869117517,US,CA,personal,personal4,likert_rating,0
SS1651869117517,US,CA,personal,personal0,likert_rating,1
SS1651869117517,US,CA,personal,personal2,likert_rating,2
SS1651869117517,US,CA,situational,situational0,likert_rating,3
SS1651869117517,US,CA,situational,situational1,likert_rating,0
SS1651869117517,US,CA,situational,situational2,likert_rating,3
SS1651869117517,US,CA,situational,situational3,likert_rating,0
SS1651869117517,US,CA,situational,situational4,likert_rating,0
SS1651869117517,US,CA,situational,situational5,likert_rating,1
SS1651869119140,US,CA,personal,personal3,likert_rating,5
SS1651869119140,US,CA,personal,personal1,likert_rating,5
SS1651869119140,US,CA,personal,personal5,likert_rating,5
SS1651869119140,US,CA,personal,personal4,likert_rating,5
SS1651869119140,US,CA,personal,personal0,likert_rating,5
SS1651869119140,US,CA,personal,personal2,likert_rating,5
SS1651869119140,US,CA,situational,situational0,likert_rating,1
SS1651869119140,US,CA,situational,situational1,likert_rating,0
SS1651869119140,US,CA,situational,situational2,likert_rating,2
SS1651869119140,US,CA,situational,situational3,likert_rating,6
SS1651869119140,US,CA,situational,situational4,likert_rating,4
SS1651869119140,US,CA,situational,situational5,likert_rating,NA
SS1651869128913,US,CA,personal,personal3,likert_rating,NA
SS1651869128913,US,CA,personal,personal1,likert_rating,NA
SS1651869128913,US,CA,personal,personal5,likert_rating,NA
SS1651869128913,US,CA,personal,personal4,likert_rating,NA
SS1651869128913,US,CA,personal,personal0,likert_rating,NA
SS1651869128913,US,CA,personal,personal2,likert_rating,NA
SS1651869128913,US,CA,situational,situational0,likert_rating,NA
SS1651869128913,US,CA,situational,situational1,likert_rating,NA
SS1651869128913,US,CA,situational,situational2,likert_rating,NA
SS1651869128913,US,CA,situational,situational3,likert_rating,NA
SS1651869128913,US,CA,situational,situational4,likert_rating,NA
SS1651869128913,US,CA,situational,situational5,likert_rating,NA
SS1651869128913,US,CA,personal,personal3,likert_rating,2
SS1651869128913,US,CA,personal,personal1,likert_rating,1
SS1651869128913,US,CA,personal,personal5,likert_rating,0
SS1651869128913,US,CA,personal,personal4,likert_rating,1
SS1651869128913,US,CA,personal,personal0,likert_rating,0
SS1651869128913,US,CA,personal,personal2,likert_rating,2
SS1651869128913,US,CA,situational,situational0,likert_rating,2
SS1651869128913,US,CA,situational,situational1,likert_rating,1
SS1651869128913,US,CA,situational,situational2,likert_rating,2
SS1651869128913,US,CA,situational,situational3,likert_rating,0
SS1651869128913,US,CA,situational,situational4,likert_rating,0
SS1651869128913,US,CA,situational,situational5,likert_rating,4
SS1651869192697,US,CA,personal,personal3,likert_rating,5
SS1651869192697,US,CA,personal,personal1,likert_rating,5
SS1651869192697,US,CA,personal,personal5,likert_rating,3
SS1651869192697,US,CA,personal,personal4,likert_rating,4
SS1651869192697,US,CA,personal,personal0,likert_rating,4
SS1651869192697,US,CA,personal,personal2,likert_rating,4
SS1651869192697,US,CA,situational,situational0,likert_rating,4
SS1651869192697,US,CA,situational,situational1,likert_rating,0
SS1651869192697,US,CA,situational,situational2,likert_rating,4
SS1651869192697,US,CA,situational,situational3,likert_rating,5
SS1651869192697,US,CA,situational,situational4,likert_rating,2
SS1651869192697,US,CA,situational,situational5,likert_rating,NA
SS1651869198002,US,CA,personal,personal3,likert_rating,6
SS1651869198002,US,CA,personal,personal1,likert_rating,2
SS1651869198002,US,CA,personal,personal5,likert_rating,3
SS1651869198002,US,CA,personal,personal4,likert_rating,5
SS1651869198002,US,CA,personal,personal0,likert_rating,2
SS1651869198002,US,CA,personal,personal2,likert_rating,4
SS1651869198002,US,CA,situational,situational0,likert_rating,2
SS1651869198002,US,CA,situational,situational1,likert_rating,4
SS1651869198002,US,CA,situational,situational2,likert_rating,2
SS1651869198002,US,CA,situational,situational3,likert_rating,2
SS1651869198002,US,CA,situational,situational4,likert_rating,4
SS1651869198002,US,CA,situational,situational5,likert_rating,NA
SS1651869512955,US,CA,personal,personal3,likert_rating,5
SS1651869512955,US,CA,personal,personal1,likert_rating,3
SS1651869512955,US,CA,personal,personal5,likert_rating,5
SS1651869512955,US,CA,personal,personal4,likert_rating,2
SS1651869512955,US,CA,personal,personal0,likert_rating,1
SS1651869512955,US,CA,personal,personal2,likert_rating,6
SS1651869512955,US,CA,situational,situational0,likert_rating,4
SS1651869512955,US,CA,situational,situational1,likert_rating,4
SS1651869512955,US,CA,situational,situational2,likert_rating,5
SS1651869512955,US,CA,situational,situational3,likert_rating,2
SS1651869512955,US,CA,situational,situational4,likert_rating,1
SS1651869512955,US,CA,situational,situational5,likert_rating,0
SS1651869609511,US,CA,personal,personal3,likert_rating,4
SS1651869609511,US,CA,personal,personal1,likert_rating,2
SS1651869609511,US,CA,personal,personal5,likert_rating,2
SS1651869609511,US,CA,personal,personal4,likert_rating,5
SS1651869609511,US,CA,personal,personal0,likert_rating,1
SS1651869609511,US,CA,personal,personal2,likert_rating,2
SS1651869609511,US,CA,situational,situational0,likert_rating,5
SS1651869609511,US,CA,situational,situational1,likert_rating,5
SS1651869609511,US,CA,situational,situational2,likert_rating,0
SS1651869609511,US,CA,situational,situational3,likert_rating,2
SS1651869609511,US,CA,situational,situational4,likert_rating,0
SS1651869609511,US,CA,situational,situational5,likert_rating,5
SS1651869808693,US,CA,personal,personal3,likert_rating,2
SS1651869808693,US,CA,personal,personal1,likert_rating,4
SS1651869808693,US,CA,personal,personal5,likert_rating,4
SS1651869808693,US,CA,personal,personal4,likert_rating,3
SS1651869808693,US,CA,personal,personal0,likert_rating,0
SS1651869808693,US,CA,personal,personal2,likert_rating,2
SS1651869808693,US,CA,situational,situational0,likert_rating,0
SS1651869808693,US,CA,situational,situational1,likert_rating,1
SS1651869808693,US,CA,situational,situational2,likert_rating,2
SS1651869808693,US,CA,situational,situational3,likert_rating,0
SS1651869808693,US,CA,situational,situational4,likert_rating,0
SS1651869808693,US,CA,situational,situational5,likert_rating,4
SS1651869849200,US,CA,personal,personal3,likert_rating,4
SS1651869849200,US,CA,personal,personal1,likert_rating,5
SS1651869849200,US,CA,personal,personal5,likert_rating,5
SS1651869849200,US,CA,personal,personal4,likert_rating,4
SS1651869849200,US,CA,personal,personal0,likert_rating,4
SS1651869849200,US,CA,personal,personal2,likert_rating,3
SS1651869849200,US,CA,situational,situational0,likert_rating,4
SS1651869849200,US,CA,situational,situational1,likert_rating,0
SS1651869849200,US,CA,situational,situational2,likert_rating,6
SS1651869849200,US,CA,situational,situational3,likert_rating,3
SS1651869849200,US,CA,situational,situational4,likert_rating,0
SS1651869849200,US,CA,situational,situational5,likert_rating,3
SS1651870014949,US,CA,personal,personal3,likert_rating,1
SS1651870014949,US,CA,personal,personal1,likert_rating,1
SS1651870014949,US,CA,personal,personal5,likert_rating,2
SS1651870014949,US,CA,personal,personal4,likert_rating,2
SS1651870014949,US,CA,personal,personal0,likert_rating,0
SS1651870014949,US,CA,personal,personal2,likert_rating,1
SS1651870014949,US,CA,situational,situational0,likert_rating,0
SS1651870014949,US,CA,situational,situational1,likert_rating,0
SS1651870014949,US,CA,situational,situational2,likert_rating,4
SS1651870014949,US,CA,situational,situational3,likert_rating,0
SS1651870014949,US,CA,situational,situational4,likert_rating,0
SS1651870014949,US,CA,situational,situational5,likert_rating,2
SS1651870238624,US,CA,personal,personal3,likert_rating,2
SS1651870238624,US,CA,personal,personal1,likert_rating,2
SS1651870238624,US,CA,personal,personal5,likert_rating,2
SS1651870238624,US,CA,personal,personal4,likert_rating,2
SS1651870238624,US,CA,personal,personal0,likert_rating,2
SS1651870238624,US,CA,personal,personal2,likert_rating,2
SS1651870238624,US,CA,situational,situational0,likert_rating,2
SS1651870238624,US,CA,situational,situational1,likert_rating,2
SS1651870238624,US,CA,situational,situational2,likert_rating,2
SS1651870238624,US,CA,situational,situational3,likert_rating,2
SS1651870238624,US,CA,situational,situational4,likert_rating,0
SS1651870238624,US,CA,situational,situational5,likert_rating,2
SS1651870376242,US,CA,personal,personal3,likert_rating,5
SS1651870376242,US,CA,personal,personal1,likert_rating,3
SS1651870376242,US,CA,personal,personal5,likert_rating,4
SS1651870376242,US,CA,personal,personal4,likert_rating,2
SS1651870376242,US,CA,personal,personal0,likert_rating,4
SS1651870376242,US,CA,personal,personal2,likert_rating,5
SS1651870376242,US,CA,situational,situational0,likert_rating,2
SS1651870376242,US,CA,situational,situational1,likert_rating,2
SS1651870376242,US,CA,situational,situational2,likert_rating,4
SS1651870376242,US,CA,situational,situational3,likert_rating,2
SS1651870376242,US,CA,situational,situational4,likert_rating,0
SS1651870376242,US,CA,situational,situational5,likert_rating,2
SS1651870443746,US,CA,personal,personal3,likert_rating,0
SS1651870443746,US,CA,personal,personal1,likert_rating,3
SS1651870443746,US,CA,personal,personal5,likert_rating,3
SS1651870443746,US,CA,personal,personal4,likert_rating,0
SS1651870443746,US,CA,personal,personal0,likert_rating,0
SS1651870443746,US,CA,personal,personal2,likert_rating,0
SS1651870443746,US,CA,situational,situational0,likert_rating,0
SS1651870443746,US,CA,situational,situational1,likert_rating,1
SS1651870443746,US,CA,situational,situational2,likert_rating,3
SS1651870443746,US,CA,situational,situational3,likert_rating,2
SS1651870443746,US,CA,situational,situational4,likert_rating,0
SS1651870443746,US,CA,situational,situational5,likert_rating,0
SS1651871550730,US,CA,personal,personal3,likert_rating,4
SS1651871550730,US,CA,personal,personal1,likert_rating,1
SS1651871550730,US,CA,personal,personal5,likert_rating,5
SS1651871550730,US,CA,personal,personal4,likert_rating,4
SS1651871550730,US,CA,personal,personal0,likert_rating,2
SS1651871550730,US,CA,personal,personal2,likert_rating,2
SS1651871550730,US,CA,situational,situational0,likert_rating,0
SS1651871550730,US,CA,situational,situational1,likert_rating,0
SS1651871550730,US,CA,situational,situational2,likert_rating,2
SS1651871550730,US,CA,situational,situational3,likert_rating,0
SS1651871550730,US,CA,situational,situational4,likert_rating,1
SS1651871550730,US,CA,situational,situational5,likert_rating,NA
SS1651871841115,US,CA,personal,personal3,likert_rating,1
SS1651871841115,US,CA,personal,personal1,likert_rating,3
SS1651871841115,US,CA,personal,personal5,likert_rating,5
SS1651871841115,US,CA,personal,personal4,likert_rating,4
SS1651871841115,US,CA,personal,personal0,likert_rating,1
SS1651871841115,US,CA,personal,personal2,likert_rating,1
SS1651871841115,US,CA,situational,situational0,likert_rating,0
SS1651871841115,US,CA,situational,situational1,likert_rating,0
SS1651871841115,US,CA,situational,situational2,likert_rating,6
SS1651871841115,US,CA,situational,situational3,likert_rating,1
SS1651871841115,US,CA,situational,situational4,likert_rating,2
SS1651871841115,US,CA,situational,situational5,likert_rating,NA
SS1651871889261,US,CA,personal,personal3,likert_rating,5
SS1651871889261,US,CA,personal,personal1,likert_rating,2
SS1651871889261,US,CA,personal,personal5,likert_rating,4
SS1651871889261,US,CA,personal,personal4,likert_rating,4
SS1651871889261,US,CA,personal,personal0,likert_rating,4
SS1651871889261,US,CA,personal,personal2,likert_rating,5
SS1651871889261,US,CA,situational,situational0,likert_rating,2
SS1651871889261,US,CA,situational,situational1,likert_rating,1
SS1651871889261,US,CA,situational,situational2,likert_rating,3
SS1651871889261,US,CA,situational,situational3,likert_rating,1
SS1651871889261,US,CA,situational,situational4,likert_rating,4
SS1651871889261,US,CA,situational,situational5,likert_rating,NA
SS1651872480719,US,CA,personal,personal3,likert_rating,5
SS1651872480719,US,CA,personal,personal1,likert_rating,2
SS1651872480719,US,CA,personal,personal5,likert_rating,0
SS1651872480719,US,CA,personal,personal4,likert_rating,3
SS1651872480719,US,CA,personal,personal0,likert_rating,1
SS1651872480719,US,CA,personal,personal2,likert_rating,6
SS1651872480719,US,CA,situational,situational0,likert_rating,0
SS1651872480719,US,CA,situational,situational1,likert_rating,0
SS1651872480719,US,CA,situational,situational2,likert_rating,0
SS1651872480719,US,CA,situational,situational3,likert_rating,1
SS1651872480719,US,CA,situational,situational4,likert_rating,0
SS1651872480719,US,CA,situational,situational5,likert_rating,1
SS1651873332890,US,CA,personal,personal3,likert_rating,6
SS1651873332890,US,CA,personal,personal1,likert_rating,6
SS1651873332890,US,CA,personal,personal5,likert_rating,6
SS1651873332890,US,CA,personal,personal4,likert_rating,6
SS1651873332890,US,CA,personal,personal0,likert_rating,6
SS1651873332890,US,CA,personal,personal2,likert_rating,2
SS1651873332890,US,CA,situational,situational0,likert_rating,0
SS1651873332890,US,CA,situational,situational1,likert_rating,0
SS1651873332890,US,CA,situational,situational2,likert_rating,6
SS1651873332890,US,CA,situational,situational3,likert_rating,6
SS1651873332890,US,CA,situational,situational4,likert_rating,0
SS1651873332890,US,CA,situational,situational5,likert_rating,NA
SS1651873359386,US,CA,personal,personal3,likert_rating,5
SS1651873359386,US,CA,personal,personal1,likert_rating,2
SS1651873359386,US,CA,personal,personal5,likert_rating,3
SS1651873359386,US,CA,personal,personal4,likert_rating,2
SS1651873359386,US,CA,personal,personal0,likert_rating,0
SS1651873359386,US,CA,personal,personal2,likert_rating,5
SS1651873359386,US,CA,situational,situational0,likert_rating,0
SS1651873359386,US,CA,situational,situational1,likert_rating,0
SS1651873359386,US,CA,situational,situational2,likert_rating,2
SS1651873359386,US,CA,situational,situational3,likert_rating,1
SS1651873359386,US,CA,situational,situational4,likert_rating,0
SS1651873359386,US,CA,situational,situational5,likert_rating,1
SS1651878926426,US,CA,personal,personal3,likert_rating,5
SS1651878926426,US,CA,personal,personal1,likert_rating,5
SS1651878926426,US,CA,personal,personal5,likert_rating,5
SS1651878926426,US,CA,personal,personal4,likert_rating,4
SS1651878926426,US,CA,personal,personal0,likert_rating,5
SS1651878926426,US,CA,personal,personal2,likert_rating,5
SS1651878926426,US,CA,situational,situational0,likert_rating,1
SS1651878926426,US,CA,situational,situational1,likert_rating,1
SS1651878926426,US,CA,situational,situational2,likert_rating,2
SS1651878926426,US,CA,situational,situational3,likert_rating,1
SS1651878926426,US,CA,situational,situational4,likert_rating,2
SS1651878926426,US,CA,situational,situational5,likert_rating,NA
SS1651878926426,US,CA,personal,personal3,likert_rating,NA
SS1651878926426,US,CA,personal,personal1,likert_rating,NA
SS1651878926426,US,CA,personal,personal5,likert_rating,NA
SS1651878926426,US,CA,personal,personal4,likert_rating,NA
SS1651878926426,US,CA,personal,personal0,likert_rating,NA
SS1651878926426,US,CA,personal,personal2,likert_rating,NA
SS1651878926426,US,CA,situational,situational0,likert_rating,NA
SS1651878926426,US,CA,situational,situational1,likert_rating,NA
SS1651878926426,US,CA,situational,situational2,likert_rating,NA
SS1651878926426,US,CA,situational,situational3,likert_rating,NA
SS1651878926426,US,CA,situational,situational4,likert_rating,NA
SS1651878926426,US,CA,situational,situational5,likert_rating,NA
SS1651878928252,US,CA,personal,personal3,likert_rating,1
SS1651878928252,US,CA,personal,personal1,likert_rating,1
SS1651878928252,US,CA,personal,personal5,likert_rating,6
SS1651878928252,US,CA,personal,personal4,likert_rating,2
SS1651878928252,US,CA,personal,personal0,likert_rating,2
SS1651878928252,US,CA,personal,personal2,likert_rating,1
SS1651878928252,US,CA,situational,situational0,likert_rating,0
SS1651878928252,US,CA,situational,situational1,likert_rating,0
SS1651878928252,US,CA,situational,situational2,likert_rating,1
SS1651878928252,US,CA,situational,situational3,likert_rating,1
SS1651878928252,US,CA,situational,situational4,likert_rating,0
SS1651878928252,US,CA,situational,situational5,likert_rating,0
SS1651544913549,CN,CA,personal,personal3,likert_rating,0
SS1651544913549,CN,CA,personal,personal1,likert_rating,5
SS1651544913549,CN,CA,personal,personal5,likert_rating,1
SS1651544913549,CN,CA,personal,personal4,likert_rating,5
SS1651544913549,CN,CA,personal,personal0,likert_rating,1
SS1651544913549,CN,CA,personal,personal2,likert_rating,0
SS1651544913549,CN,CA,situational,situational0,likert_rating,1
SS1651544913549,CN,CA,situational,situational1,likert_rating,0
SS1651544913549,CN,CA,situational,situational2,likert_rating,6
SS1651544913549,CN,CA,situational,situational3,likert_rating,0
SS1651544913549,CN,CA,situational,situational4,likert_rating,2
SS1651544913549,CN,CA,situational,situational5,likert_rating,5
SS1651545081461,CN,CA,personal,personal3,likert_rating,2
SS1651545081461,CN,CA,personal,personal1,likert_rating,2
SS1651545081461,CN,CA,personal,personal5,likert_rating,3
SS1651545081461,CN,CA,personal,personal4,likert_rating,5
SS1651545081461,CN,CA,personal,personal0,likert_rating,2
SS1651545081461,CN,CA,personal,personal2,likert_rating,1
SS1651545081461,CN,CA,situational,situational0,likert_rating,2
SS1651545081461,CN,CA,situational,situational1,likert_rating,2
SS1651545081461,CN,CA,situational,situational2,likert_rating,1
SS1651545081461,CN,CA,situational,situational3,likert_rating,3
SS1651545081461,CN,CA,situational,situational4,likert_rating,5
SS1651545081461,CN,CA,situational,situational5,likert_rating,NA
SS1651545188145,CN,CA,personal,personal3,likert_rating,5
SS1651545188145,CN,CA,personal,personal1,likert_rating,2
SS1651545188145,CN,CA,personal,personal5,likert_rating,2
SS1651545188145,CN,CA,personal,personal4,likert_rating,5
SS1651545188145,CN,CA,personal,personal0,likert_rating,2
SS1651545188145,CN,CA,personal,personal2,likert_rating,4
SS1651545188145,CN,CA,situational,situational0,likert_rating,2
SS1651545188145,CN,CA,situational,situational1,likert_rating,1
SS1651545188145,CN,CA,situational,situational2,likert_rating,4
SS1651545188145,CN,CA,situational,situational3,likert_rating,3
SS1651545188145,CN,CA,situational,situational4,likert_rating,4
SS1651545188145,CN,CA,situational,situational5,likert_rating,3
SS1651545279588,CN,CA,personal,personal3,likert_rating,5
SS1651545279588,CN,CA,personal,personal1,likert_rating,5
SS1651545279588,CN,CA,personal,personal5,likert_rating,5
SS1651545279588,CN,CA,personal,personal4,likert_rating,5
SS1651545279588,CN,CA,personal,personal0,likert_rating,4
SS1651545279588,CN,CA,personal,personal2,likert_rating,3
SS1651545279588,CN,CA,situational,situational0,likert_rating,2
SS1651545279588,CN,CA,situational,situational1,likert_rating,5
SS1651545279588,CN,CA,situational,situational2,likert_rating,4
SS1651545279588,CN,CA,situational,situational3,likert_rating,2
SS1651545279588,CN,CA,situational,situational4,likert_rating,5
SS1651545279588,CN,CA,situational,situational5,likert_rating,NA
SS1651545285513,CN,CA,personal,personal3,likert_rating,4
SS1651545285513,CN,CA,personal,personal1,likert_rating,6
SS1651545285513,CN,CA,personal,personal5,likert_rating,4
SS1651545285513,CN,CA,personal,personal4,likert_rating,5
SS1651545285513,CN,CA,personal,personal0,likert_rating,5
SS1651545285513,CN,CA,personal,personal2,likert_rating,4
SS1651545285513,CN,CA,situational,situational0,likert_rating,5
SS1651545285513,CN,CA,situational,situational1,likert_rating,4
SS1651545285513,CN,CA,situational,situational2,likert_rating,4
SS1651545285513,CN,CA,situational,situational3,likert_rating,3
SS1651545285513,CN,CA,situational,situational4,likert_rating,4
SS1651545285513,CN,CA,situational,situational5,likert_rating,4
SS1651545357097,CN,CA,personal,personal3,likert_rating,6
SS1651545357097,CN,CA,personal,personal1,likert_rating,5
SS1651545357097,CN,CA,personal,personal5,likert_rating,6
SS1651545357097,CN,CA,personal,personal4,likert_rating,6
SS1651545357097,CN,CA,personal,personal0,likert_rating,6
SS1651545357097,CN,CA,personal,personal2,likert_rating,6
SS1651545357097,CN,CA,situational,situational0,likert_rating,5
SS1651545357097,CN,CA,situational,situational1,likert_rating,6
SS1651545357097,CN,CA,situational,situational2,likert_rating,6
SS1651545357097,CN,CA,situational,situational3,likert_rating,6
SS1651545357097,CN,CA,situational,situational4,likert_rating,6
SS1651545357097,CN,CA,situational,situational5,likert_rating,NA
SS1651545751233,CN,CA,personal,personal3,likert_rating,2
SS1651545751233,CN,CA,personal,personal1,likert_rating,3
SS1651545751233,CN,CA,personal,personal5,likert_rating,3
SS1651545751233,CN,CA,personal,personal4,likert_rating,4
SS1651545751233,CN,CA,personal,personal0,likert_rating,2
SS1651545751233,CN,CA,personal,personal2,likert_rating,4
SS1651545751233,CN,CA,situational,situational0,likert_rating,4
SS1651545751233,CN,CA,situational,situational1,likert_rating,3
SS1651545751233,CN,CA,situational,situational2,likert_rating,3
SS1651545751233,CN,CA,situational,situational3,likert_rating,2
SS1651545751233,CN,CA,situational,situational4,likert_rating,4
SS1651545751233,CN,CA,situational,situational5,likert_rating,4
SS1651546122639,CN,CA,personal,personal3,likert_rating,0
SS1651546122639,CN,CA,personal,personal1,likert_rating,2
SS1651546122639,CN,CA,personal,personal5,likert_rating,2
SS1651546122639,CN,CA,personal,personal4,likert_rating,0
SS1651546122639,CN,CA,personal,personal0,likert_rating,0
SS1651546122639,CN,CA,personal,personal2,likert_rating,0
SS1651546122639,CN,CA,situational,situational0,likert_rating,0
SS1651546122639,CN,CA,situational,situational1,likert_rating,2
SS1651546122639,CN,CA,situational,situational2,likert_rating,6
SS1651546122639,CN,CA,situational,situational3,likert_rating,1
SS1651546122639,CN,CA,situational,situational4,likert_rating,1
SS1651546122639,CN,CA,situational,situational5,likert_rating,3
SS1651546915326,CN,CA,personal,personal3,likert_rating,5
SS1651546915326,CN,CA,personal,personal1,likert_rating,4
SS1651546915326,CN,CA,personal,personal5,likert_rating,5
SS1651546915326,CN,CA,personal,personal4,likert_rating,4
SS1651546915326,CN,CA,personal,personal0,likert_rating,4
SS1651546915326,CN,CA,personal,personal2,likert_rating,5
SS1651546915326,CN,CA,situational,situational0,likert_rating,2
SS1651546915326,CN,CA,situational,situational1,likert_rating,3
SS1651546915326,CN,CA,situational,situational2,likert_rating,5
SS1651546915326,CN,CA,situational,situational3,likert_rating,5
SS1651546915326,CN,CA,situational,situational4,likert_rating,5
SS1651546915326,CN,CA,situational,situational5,likert_rating,2
SS1651548143005,CN,CA,personal,personal3,likert_rating,2
SS1651548143005,CN,CA,personal,personal1,likert_rating,1
SS1651548143005,CN,CA,personal,personal5,likert_rating,1
SS1651548143005,CN,CA,personal,personal4,likert_rating,1
SS1651548143005,CN,CA,personal,personal0,likert_rating,3
SS1651548143005,CN,CA,personal,personal2,likert_rating,1
SS1651548143005,CN,CA,situational,situational0,likert_rating,1
SS1651548143005,CN,CA,situational,situational1,likert_rating,5
SS1651548143005,CN,CA,situational,situational2,likert_rating,6
SS1651548143005,CN,CA,situational,situational3,likert_rating,0
SS1651548143005,CN,CA,situational,situational4,likert_rating,6
SS1651548143005,CN,CA,situational,situational5,likert_rating,NA
SS1651553913160,CN,CA,personal,personal3,likert_rating,4
SS1651553913160,CN,CA,personal,personal1,likert_rating,2
SS1651553913160,CN,CA,personal,personal5,likert_rating,4
SS1651553913160,CN,CA,personal,personal4,likert_rating,4
SS1651553913160,CN,CA,personal,personal0,likert_rating,3
SS1651553913160,CN,CA,personal,personal2,likert_rating,5
SS1651553913160,CN,CA,situational,situational0,likert_rating,4
SS1651553913160,CN,CA,situational,situational1,likert_rating,2
SS1651553913160,CN,CA,situational,situational2,likert_rating,3
SS1651553913160,CN,CA,situational,situational3,likert_rating,4
SS1651553913160,CN,CA,situational,situational4,likert_rating,4
SS1651553913160,CN,CA,situational,situational5,likert_rating,3
SS1651553969715,CN,CA,personal,personal3,likert_rating,4
SS1651553969715,CN,CA,personal,personal1,likert_rating,5
SS1651553969715,CN,CA,personal,personal5,likert_rating,2
SS1651553969715,CN,CA,personal,personal4,likert_rating,1
SS1651553969715,CN,CA,personal,personal0,likert_rating,2
SS1651553969715,CN,CA,personal,personal2,likert_rating,1
SS1651553969715,CN,CA,situational,situational0,likert_rating,4
SS1651553969715,CN,CA,situational,situational1,likert_rating,0
SS1651553969715,CN,CA,situational,situational2,likert_rating,1
SS1651553969715,CN,CA,situational,situational3,likert_rating,3
SS1651553969715,CN,CA,situational,situational4,likert_rating,2
SS1651553969715,CN,CA,situational,situational5,likert_rating,NA
SS1651554145523,CN,CA,personal,personal3,likert_rating,4
SS1651554145523,CN,CA,personal,personal1,likert_rating,4
SS1651554145523,CN,CA,personal,personal5,likert_rating,2
SS1651554145523,CN,CA,personal,personal4,likert_rating,1
SS1651554145523,CN,CA,personal,personal0,likert_rating,6
SS1651554145523,CN,CA,personal,personal2,likert_rating,2
SS1651554145523,CN,CA,situational,situational0,likert_rating,1
SS1651554145523,CN,CA,situational,situational1,likert_rating,2
SS1651554145523,CN,CA,situational,situational2,likert_rating,1
SS1651554145523,CN,CA,situational,situational3,likert_rating,1
SS1651554145523,CN,CA,situational,situational4,likert_rating,1
SS1651554145523,CN,CA,situational,situational5,likert_rating,NA
SS1651554184228,CN,CA,personal,personal3,likert_rating,4
SS1651554184228,CN,CA,personal,personal1,likert_rating,2
SS1651554184228,CN,CA,personal,personal5,likert_rating,4
SS1651554184228,CN,CA,personal,personal4,likert_rating,6
SS1651554184228,CN,CA,personal,personal0,likert_rating,5
SS1651554184228,CN,CA,personal,personal2,likert_rating,6
SS1651554184228,CN,CA,situational,situational0,likert_rating,3
SS1651554184228,CN,CA,situational,situational1,likert_rating,1
SS1651554184228,CN,CA,situational,situational2,likert_rating,4
SS1651554184228,CN,CA,situational,situational3,likert_rating,4
SS1651554184228,CN,CA,situational,situational4,likert_rating,4
SS1651554184228,CN,CA,situational,situational5,likert_rating,1
SS1651554809980,CN,CA,personal,personal3,likert_rating,3
SS1651554809980,CN,CA,personal,personal1,likert_rating,4
SS1651554809980,CN,CA,personal,personal5,likert_rating,3
SS1651554809980,CN,CA,personal,personal4,likert_rating,3
SS1651554809980,CN,CA,personal,personal0,likert_rating,3
SS1651554809980,CN,CA,personal,personal2,likert_rating,3
SS1651554809980,CN,CA,situational,situational0,likert_rating,2
SS1651554809980,CN,CA,situational,situational1,likert_rating,0
SS1651554809980,CN,CA,situational,situational2,likert_rating,2
SS1651554809980,CN,CA,situational,situational3,likert_rating,1
SS1651554809980,CN,CA,situational,situational4,likert_rating,2
SS1651554809980,CN,CA,situational,situational5,likert_rating,NA
SS1651555233128,CN,CA,personal,personal3,likert_rating,1
SS1651555233128,CN,CA,personal,personal1,likert_rating,4
SS1651555233128,CN,CA,personal,personal5,likert_rating,1
SS1651555233128,CN,CA,personal,personal4,likert_rating,5
SS1651555233128,CN,CA,personal,personal0,likert_rating,1
SS1651555233128,CN,CA,personal,personal2,likert_rating,1
SS1651555233128,CN,CA,situational,situational0,likert_rating,4
SS1651555233128,CN,CA,situational,situational1,likert_rating,4
SS1651555233128,CN,CA,situational,situational2,likert_rating,5
SS1651555233128,CN,CA,situational,situational3,likert_rating,1
SS1651555233128,CN,CA,situational,situational4,likert_rating,4
SS1651555233128,CN,CA,situational,situational5,likert_rating,6
SS1651559729763,CN,CA,personal,personal3,likert_rating,1
SS1651559729763,CN,CA,personal,personal1,likert_rating,3
SS1651559729763,CN,CA,personal,personal5,likert_rating,3
SS1651559729763,CN,CA,personal,personal4,likert_rating,4
SS1651559729763,CN,CA,personal,personal0,likert_rating,1
SS1651559729763,CN,CA,personal,personal2,likert_rating,3
SS1651559729763,CN,CA,situational,situational0,likert_rating,3
SS1651559729763,CN,CA,situational,situational1,likert_rating,2
SS1651559729763,CN,CA,situational,situational2,likert_rating,2
SS1651559729763,CN,CA,situational,situational3,likert_rating,1
SS1651559729763,CN,CA,situational,situational4,likert_rating,4
SS1651559729763,CN,CA,situational,situational5,likert_rating,NA
SS1651560025455,CN,CA,personal,personal3,likert_rating,1
SS1651560025455,CN,CA,personal,personal1,likert_rating,2
SS1651560025455,CN,CA,personal,personal5,likert_rating,4
SS1651560025455,CN,CA,personal,personal4,likert_rating,4
SS1651560025455,CN,CA,personal,personal0,likert_rating,5
SS1651560025455,CN,CA,personal,personal2,likert_rating,5
SS1651560025455,CN,CA,situational,situational0,likert_rating,0
SS1651560025455,CN,CA,situational,situational1,likert_rating,1
SS1651560025455,CN,CA,situational,situational2,likert_rating,3
SS1651560025455,CN,CA,situational,situational3,likert_rating,1
SS1651560025455,CN,CA,situational,situational4,likert_rating,1
SS1651560025455,CN,CA,situational,situational5,likert_rating,NA
SS1651561685665,CN,CA,personal,personal3,likert_rating,4
SS1651561685665,CN,CA,personal,personal1,likert_rating,5
SS1651561685665,CN,CA,personal,personal5,likert_rating,4
SS1651561685665,CN,CA,personal,personal4,likert_rating,3
SS1651561685665,CN,CA,personal,personal0,likert_rating,3
SS1651561685665,CN,CA,personal,personal2,likert_rating,3
SS1651561685665,CN,CA,situational,situational0,likert_rating,3
SS1651561685665,CN,CA,situational,situational1,likert_rating,2
SS1651561685665,CN,CA,situational,situational2,likert_rating,4
SS1651561685665,CN,CA,situational,situational3,likert_rating,2
SS1651561685665,CN,CA,situational,situational4,likert_rating,6
SS1651561685665,CN,CA,situational,situational5,likert_rating,5
SS1651562034956,CN,CA,personal,personal3,likert_rating,6
SS1651562034956,CN,CA,personal,personal1,likert_rating,2
SS1651562034956,CN,CA,personal,personal5,likert_rating,3
SS1651562034956,CN,CA,personal,personal4,likert_rating,2
SS1651562034956,CN,CA,personal,personal0,likert_rating,2
SS1651562034956,CN,CA,personal,personal2,likert_rating,6
SS1651562034956,CN,CA,situational,situational0,likert_rating,1
SS1651562034956,CN,CA,situational,situational1,likert_rating,1
SS1651562034956,CN,CA,situational,situational2,likert_rating,6
SS1651562034956,CN,CA,situational,situational3,likert_rating,5
SS1651562034956,CN,CA,situational,situational4,likert_rating,4
SS1651562034956,CN,CA,situational,situational5,likert_rating,1
SS1651562868228,CN,CA,personal,personal3,likert_rating,4
SS1651562868228,CN,CA,personal,personal1,likert_rating,1
SS1651562868228,CN,CA,personal,personal5,likert_rating,4
SS1651562868228,CN,CA,personal,personal4,likert_rating,3
SS1651562868228,CN,CA,personal,personal0,likert_rating,4
SS1651562868228,CN,CA,personal,personal2,likert_rating,2
SS1651562868228,CN,CA,situational,situational0,likert_rating,1
SS1651562868228,CN,CA,situational,situational1,likert_rating,1
SS1651562868228,CN,CA,situational,situational2,likert_rating,4
SS1651562868228,CN,CA,situational,situational3,likert_rating,2
SS1651562868228,CN,CA,situational,situational4,likert_rating,2
SS1651562868228,CN,CA,situational,situational5,likert_rating,1
SS1651564308340,CN,CA,personal,personal3,likert_rating,1
SS1651564308340,CN,CA,personal,personal1,likert_rating,1
SS1651564308340,CN,CA,personal,personal5,likert_rating,1
SS1651564308340,CN,CA,personal,personal4,likert_rating,1
SS1651564308340,CN,CA,personal,personal0,likert_rating,1
SS1651564308340,CN,CA,personal,personal2,likert_rating,3
SS1651564308340,CN,CA,situational,situational0,likert_rating,1
SS1651564308340,CN,CA,situational,situational1,likert_rating,1
SS1651564308340,CN,CA,situational,situational2,likert_rating,1
SS1651564308340,CN,CA,situational,situational3,likert_rating,0
SS1651564308340,CN,CA,situational,situational4,likert_rating,1
SS1651564308340,CN,CA,situational,situational5,likert_rating,5
SS1651565828518,CN,CA,personal,personal3,likert_rating,6
SS1651565828518,CN,CA,personal,personal1,likert_rating,2
SS1651565828518,CN,CA,personal,personal5,likert_rating,6
SS1651565828518,CN,CA,personal,personal4,likert_rating,2
SS1651565828518,CN,CA,personal,personal0,likert_rating,3
SS1651565828518,CN,CA,personal,personal2,likert_rating,4
SS1651565828518,CN,CA,situational,situational0,likert_rating,1
SS1651565828518,CN,CA,situational,situational1,likert_rating,1
SS1651565828518,CN,CA,situational,situational2,likert_rating,5
SS1651565828518,CN,CA,situational,situational3,likert_rating,1
SS1651565828518,CN,CA,situational,situational4,likert_rating,3
SS1651565828518,CN,CA,situational,situational5,likert_rating,NA
SS1651568918829,CN,CA,personal,personal3,likert_rating,0
SS1651568918829,CN,CA,personal,personal1,likert_rating,5
SS1651568918829,CN,CA,personal,personal5,likert_rating,2
SS1651568918829,CN,CA,personal,personal4,likert_rating,3
SS1651568918829,CN,CA,personal,personal0,likert_rating,3
SS1651568918829,CN,CA,personal,personal2,likert_rating,2
SS1651568918829,CN,CA,situational,situational0,likert_rating,2
SS1651568918829,CN,CA,situational,situational1,likert_rating,2
SS1651568918829,CN,CA,situational,situational2,likert_rating,4
SS1651568918829,CN,CA,situational,situational3,likert_rating,2
SS1651568918829,CN,CA,situational,situational4,likert_rating,3
SS1651568918829,CN,CA,situational,situational5,likert_rating,NA
SS1651570752111,CN,CA,personal,personal3,likert_rating,2
SS1651570752111,CN,CA,personal,personal1,likert_rating,2
SS1651570752111,CN,CA,personal,personal5,likert_rating,2
SS1651570752111,CN,CA,personal,personal4,likert_rating,2
SS1651570752111,CN,CA,personal,personal0,likert_rating,1
SS1651570752111,CN,CA,personal,personal2,likert_rating,2
SS1651570752111,CN,CA,situational,situational0,likert_rating,1
SS1651570752111,CN,CA,situational,situational1,likert_rating,3
SS1651570752111,CN,CA,situational,situational2,likert_rating,3
SS1651570752111,CN,CA,situational,situational3,likert_rating,4
SS1651570752111,CN,CA,situational,situational4,likert_rating,4
SS1651570752111,CN,CA,situational,situational5,likert_rating,NA
SS1651571509239,CN,CA,personal,personal3,likert_rating,4
SS1651571509239,CN,CA,personal,personal1,likert_rating,3
SS1651571509239,CN,CA,personal,personal5,likert_rating,3
SS1651571509239,CN,CA,personal,personal4,likert_rating,4
SS1651571509239,CN,CA,personal,personal0,likert_rating,3
SS1651571509239,CN,CA,personal,personal2,likert_rating,4
SS1651571509239,CN,CA,situational,situational0,likert_rating,3
SS1651571509239,CN,CA,situational,situational1,likert_rating,3
SS1651571509239,CN,CA,situational,situational2,likert_rating,3
SS1651571509239,CN,CA,situational,situational3,likert_rating,0
SS1651571509239,CN,CA,situational,situational4,likert_rating,3
SS1651571509239,CN,CA,situational,situational5,likert_rating,NA
SS1651572914976,CN,CA,personal,personal3,likert_rating,4
SS1651572914976,CN,CA,personal,personal1,likert_rating,4
SS1651572914976,CN,CA,personal,personal5,likert_rating,4
SS1651572914976,CN,CA,personal,personal4,likert_rating,1
SS1651572914976,CN,CA,personal,personal0,likert_rating,1
SS1651572914976,CN,CA,personal,personal2,likert_rating,4
SS1651572914976,CN,CA,situational,situational0,likert_rating,2
SS1651572914976,CN,CA,situational,situational1,likert_rating,4
SS1651572914976,CN,CA,situational,situational2,likert_rating,6
SS1651572914976,CN,CA,situational,situational3,likert_rating,0
SS1651572914976,CN,CA,situational,situational4,likert_rating,5
SS1651572914976,CN,CA,situational,situational5,likert_rating,5
SS1651576408487,CN,CA,personal,personal3,likert_rating,4
SS1651576408487,CN,CA,personal,personal1,likert_rating,2
SS1651576408487,CN,CA,personal,personal5,likert_rating,5
SS1651576408487,CN,CA,personal,personal4,likert_rating,4
SS1651576408487,CN,CA,personal,personal0,likert_rating,2
SS1651576408487,CN,CA,personal,personal2,likert_rating,5
SS1651576408487,CN,CA,situational,situational0,likert_rating,2
SS1651576408487,CN,CA,situational,situational1,likert_rating,2
SS1651576408487,CN,CA,situational,situational2,likert_rating,5
SS1651576408487,CN,CA,situational,situational3,likert_rating,2
SS1651576408487,CN,CA,situational,situational4,likert_rating,5
SS1651576408487,CN,CA,situational,situational5,likert_rating,1
SS1651578940027,CN,CA,personal,personal3,likert_rating,3
SS1651578940027,CN,CA,personal,personal1,likert_rating,3
SS1651578940027,CN,CA,personal,personal5,likert_rating,4
SS1651578940027,CN,CA,personal,personal4,likert_rating,3
SS1651578940027,CN,CA,personal,personal0,likert_rating,5
SS1651578940027,CN,CA,personal,personal2,likert_rating,3
SS1651578940027,CN,CA,situational,situational0,likert_rating,3
SS1651578940027,CN,CA,situational,situational1,likert_rating,2
SS1651578940027,CN,CA,situational,situational2,likert_rating,5
SS1651578940027,CN,CA,situational,situational3,likert_rating,4
SS1651578940027,CN,CA,situational,situational4,likert_rating,3
SS1651578940027,CN,CA,situational,situational5,likert_rating,3
SS1651582669897,CN,CA,personal,personal3,likert_rating,1
SS1651582669897,CN,CA,personal,personal1,likert_rating,2
SS1651582669897,CN,CA,personal,personal5,likert_rating,2
SS1651582669897,CN,CA,personal,personal4,likert_rating,2
SS1651582669897,CN,CA,personal,personal0,likert_rating,3
SS1651582669897,CN,CA,personal,personal2,likert_rating,0
SS1651582669897,CN,CA,situational,situational0,likert_rating,2
SS1651582669897,CN,CA,situational,situational1,likert_rating,1
SS1651582669897,CN,CA,situational,situational2,likert_rating,0
SS1651582669897,CN,CA,situational,situational3,likert_rating,3
SS1651582669897,CN,CA,situational,situational4,likert_rating,2
SS1651582669897,CN,CA,situational,situational5,likert_rating,2
SS1651620046254,CN,CA,personal,personal3,likert_rating,2
SS1651620046254,CN,CA,personal,personal1,likert_rating,3
SS1651620046254,CN,CA,personal,personal5,likert_rating,2
SS1651620046254,CN,CA,personal,personal4,likert_rating,2
SS1651620046254,CN,CA,personal,personal0,likert_rating,3
SS1651620046254,CN,CA,personal,personal2,likert_rating,3
SS1651620046254,CN,CA,situational,situational0,likert_rating,3
SS1651620046254,CN,CA,situational,situational1,likert_rating,2
SS1651620046254,CN,CA,situational,situational2,likert_rating,1
SS1651620046254,CN,CA,situational,situational3,likert_rating,3
SS1651620046254,CN,CA,situational,situational4,likert_rating,4
SS1651620046254,CN,CA,situational,situational5,likert_rating,NA
SS1651623308643,CN,CA,personal,personal3,likert_rating,1
SS1651623308643,CN,CA,personal,personal1,likert_rating,3
SS1651623308643,CN,CA,personal,personal5,likert_rating,4
SS1651623308643,CN,CA,personal,personal4,likert_rating,4
SS1651623308643,CN,CA,personal,personal0,likert_rating,4
SS1651623308643,CN,CA,personal,personal2,likert_rating,3
SS1651623308643,CN,CA,situational,situational0,likert_rating,2
SS1651623308643,CN,CA,situational,situational1,likert_rating,1
SS1651623308643,CN,CA,situational,situational2,likert_rating,4
SS1651623308643,CN,CA,situational,situational3,likert_rating,1
SS1651623308643,CN,CA,situational,situational4,likert_rating,2
SS1651623308643,CN,CA,situational,situational5,likert_rating,NA
SS1651625504097,CN,CA,personal,personal3,likert_rating,0
SS1651625504097,CN,CA,personal,personal1,likert_rating,0
SS1651625504097,CN,CA,personal,personal5,likert_rating,0
SS1651625504097,CN,CA,personal,personal4,likert_rating,0
SS1651625504097,CN,CA,personal,personal0,likert_rating,0
SS1651625504097,CN,CA,personal,personal2,likert_rating,0
SS1651625504097,CN,CA,situational,situational0,likert_rating,6
SS1651625504097,CN,CA,situational,situational1,likert_rating,0
SS1651625504097,CN,CA,situational,situational2,likert_rating,0
SS1651625504097,CN,CA,situational,situational3,likert_rating,5
SS1651625504097,CN,CA,situational,situational4,likert_rating,0
SS1651625504097,CN,CA,situational,situational5,likert_rating,NA
SS1651629675682,CN,CA,personal,personal3,likert_rating,5
SS1651629675682,CN,CA,personal,personal1,likert_rating,6
SS1651629675682,CN,CA,personal,personal5,likert_rating,5
SS1651629675682,CN,CA,personal,personal4,likert_rating,5
SS1651629675682,CN,CA,personal,personal0,likert_rating,5
SS1651629675682,CN,CA,personal,personal2,likert_rating,4
SS1651629675682,CN,CA,situational,situational0,likert_rating,4
SS1651629675682,CN,CA,situational,situational1,likert_rating,1
SS1651629675682,CN,CA,situational,situational2,likert_rating,4
SS1651629675682,CN,CA,situational,situational3,likert_rating,1
SS1651629675682,CN,CA,situational,situational4,likert_rating,3
SS1651629675682,CN,CA,situational,situational5,likert_rating,NA
SS1651632269384,CN,CA,personal,personal3,likert_rating,2
SS1651632269384,CN,CA,personal,personal1,likert_rating,2
SS1651632269384,CN,CA,personal,personal5,likert_rating,2
SS1651632269384,CN,CA,personal,personal4,likert_rating,2
SS1651632269384,CN,CA,personal,personal0,likert_rating,2
SS1651632269384,CN,CA,personal,personal2,likert_rating,3
SS1651632269384,CN,CA,situational,situational0,likert_rating,3
SS1651632269384,CN,CA,situational,situational1,likert_rating,4
SS1651632269384,CN,CA,situational,situational2,likert_rating,3
SS1651632269384,CN,CA,situational,situational3,likert_rating,0
SS1651632269384,CN,CA,situational,situational4,likert_rating,6
SS1651632269384,CN,CA,situational,situational5,likert_rating,NA
SS1651633449820,CN,CA,personal,personal3,likert_rating,4
SS1651633449820,CN,CA,personal,personal1,likert_rating,4
SS1651633449820,CN,CA,personal,personal5,likert_rating,4
SS1651633449820,CN,CA,personal,personal4,likert_rating,2
SS1651633449820,CN,CA,personal,personal0,likert_rating,3
SS1651633449820,CN,CA,personal,personal2,likert_rating,5
SS1651633449820,CN,CA,situational,situational0,likert_rating,3
SS1651633449820,CN,CA,situational,situational1,likert_rating,4
SS1651633449820,CN,CA,situational,situational2,likert_rating,4
SS1651633449820,CN,CA,situational,situational3,likert_rating,3
SS1651633449820,CN,CA,situational,situational4,likert_rating,4
SS1651633449820,CN,CA,situational,situational5,likert_rating,4
SS1651634616537,CN,CA,personal,personal3,likert_rating,3
SS1651634616537,CN,CA,personal,personal1,likert_rating,3
SS1651634616537,CN,CA,personal,personal5,likert_rating,2
SS1651634616537,CN,CA,personal,personal4,likert_rating,2
SS1651634616537,CN,CA,personal,personal0,likert_rating,2
SS1651634616537,CN,CA,personal,personal2,likert_rating,2
SS1651634616537,CN,CA,situational,situational0,likert_rating,3
SS1651634616537,CN,CA,situational,situational1,likert_rating,4
SS1651634616537,CN,CA,situational,situational2,likert_rating,3
SS1651634616537,CN,CA,situational,situational3,likert_rating,3
SS1651634616537,CN,CA,situational,situational4,likert_rating,3
SS1651634616537,CN,CA,situational,situational5,likert_rating,4
SS1651634772197,CN,CA,personal,personal3,likert_rating,3
SS1651634772197,CN,CA,personal,personal1,likert_rating,4
SS1651634772197,CN,CA,personal,personal5,likert_rating,5
SS1651634772197,CN,CA,personal,personal4,likert_rating,4
SS1651634772197,CN,CA,personal,personal0,likert_rating,4
SS1651634772197,CN,CA,personal,personal2,likert_rating,4
SS1651634772197,CN,CA,situational,situational0,likert_rating,4
SS1651634772197,CN,CA,situational,situational1,likert_rating,4
SS1651634772197,CN,CA,situational,situational2,likert_rating,4
SS1651634772197,CN,CA,situational,situational3,likert_rating,4
SS1651634772197,CN,CA,situational,situational4,likert_rating,5
SS1651634772197,CN,CA,situational,situational5,likert_rating,4
SS1651636059839,CN,CA,personal,personal3,likert_rating,2
SS1651636059839,CN,CA,personal,personal1,likert_rating,2
SS1651636059839,CN,CA,personal,personal5,likert_rating,4
SS1651636059839,CN,CA,personal,personal4,likert_rating,2
SS1651636059839,CN,CA,personal,personal0,likert_rating,3
SS1651636059839,CN,CA,personal,personal2,likert_rating,3
SS1651636059839,CN,CA,situational,situational0,likert_rating,4
SS1651636059839,CN,CA,situational,situational1,likert_rating,4
SS1651636059839,CN,CA,situational,situational2,likert_rating,2
SS1651636059839,CN,CA,situational,situational3,likert_rating,2
SS1651636059839,CN,CA,situational,situational4,likert_rating,5
SS1651636059839,CN,CA,situational,situational5,likert_rating,NA
SS1651642739005,CN,CA,personal,personal3,likert_rating,4
SS1651642739005,CN,CA,personal,personal1,likert_rating,2
SS1651642739005,CN,CA,personal,personal5,likert_rating,4
SS1651642739005,CN,CA,personal,personal4,likert_rating,2
SS1651642739005,CN,CA,personal,personal0,likert_rating,3
SS1651642739005,CN,CA,personal,personal2,likert_rating,3
SS1651642739005,CN,CA,situational,situational0,likert_rating,3
SS1651642739005,CN,CA,situational,situational1,likert_rating,3
SS1651642739005,CN,CA,situational,situational2,likert_rating,3
SS1651642739005,CN,CA,situational,situational3,likert_rating,3
SS1651642739005,CN,CA,situational,situational4,likert_rating,2
SS1651642739005,CN,CA,situational,situational5,likert_rating,NA
SS1651648364635,CN,CA,personal,personal3,likert_rating,4
SS1651648364635,CN,CA,personal,personal1,likert_rating,3
SS1651648364635,CN,CA,personal,personal5,likert_rating,6
SS1651648364635,CN,CA,personal,personal4,likert_rating,4
SS1651648364635,CN,CA,personal,personal0,likert_rating,4
SS1651648364635,CN,CA,personal,personal2,likert_rating,2
SS1651648364635,CN,CA,situational,situational0,likert_rating,3
SS1651648364635,CN,CA,situational,situational1,likert_rating,3
SS1651648364635,CN,CA,situational,situational2,likert_rating,5
SS1651648364635,CN,CA,situational,situational3,likert_rating,4
SS1651648364635,CN,CA,situational,situational4,likert_rating,4
SS1651648364635,CN,CA,situational,situational5,likert_rating,4
SS1651652206023,CN,CA,personal,personal3,likert_rating,5
SS1651652206023,CN,CA,personal,personal1,likert_rating,3
SS1651652206023,CN,CA,personal,personal5,likert_rating,4
SS1651652206023,CN,CA,personal,personal4,likert_rating,4
SS1651652206023,CN,CA,personal,personal0,likert_rating,4
SS1651652206023,CN,CA,personal,personal2,likert_rating,6
SS1651652206023,CN,CA,situational,situational0,likert_rating,3
SS1651652206023,CN,CA,situational,situational1,likert_rating,1
SS1651652206023,CN,CA,situational,situational2,likert_rating,4
SS1651652206023,CN,CA,situational,situational3,likert_rating,4
SS1651652206023,CN,CA,situational,situational4,likert_rating,1
SS1651652206023,CN,CA,situational,situational5,likert_rating,NA
SS1651652979760,CN,CA,personal,personal3,likert_rating,3
SS1651652979760,CN,CA,personal,personal1,likert_rating,5
SS1651652979760,CN,CA,personal,personal5,likert_rating,5
SS1651652979760,CN,CA,personal,personal4,likert_rating,3
SS1651652979760,CN,CA,personal,personal0,likert_rating,1
SS1651652979760,CN,CA,personal,personal2,likert_rating,2
SS1651652979760,CN,CA,situational,situational0,likert_rating,5
SS1651652979760,CN,CA,situational,situational1,likert_rating,4
SS1651652979760,CN,CA,situational,situational2,likert_rating,5
SS1651652979760,CN,CA,situational,situational3,likert_rating,5
SS1651652979760,CN,CA,situational,situational4,likert_rating,4
SS1651652979760,CN,CA,situational,situational5,likert_rating,5
SS1651654468673,CN,CA,personal,personal3,likert_rating,4
SS1651654468673,CN,CA,personal,personal1,likert_rating,3
SS1651654468673,CN,CA,personal,personal5,likert_rating,2
SS1651654468673,CN,CA,personal,personal4,likert_rating,4
SS1651654468673,CN,CA,personal,personal0,likert_rating,4
SS1651654468673,CN,CA,personal,personal2,likert_rating,2
SS1651654468673,CN,CA,situational,situational0,likert_rating,1
SS1651654468673,CN,CA,situational,situational1,likert_rating,3
SS1651654468673,CN,CA,situational,situational2,likert_rating,4
SS1651654468673,CN,CA,situational,situational3,likert_rating,2
SS1651654468673,CN,CA,situational,situational4,likert_rating,3
SS1651654468673,CN,CA,situational,situational5,likert_rating,5
SS1651655612985,CN,CA,personal,personal3,likert_rating,3
SS1651655612985,CN,CA,personal,personal1,likert_rating,4
SS1651655612985,CN,CA,personal,personal5,likert_rating,5
SS1651655612985,CN,CA,personal,personal4,likert_rating,5
SS1651655612985,CN,CA,personal,personal0,likert_rating,2
SS1651655612985,CN,CA,personal,personal2,likert_rating,4
SS1651655612985,CN,CA,situational,situational0,likert_rating,4
SS1651655612985,CN,CA,situational,situational1,likert_rating,4
SS1651655612985,CN,CA,situational,situational2,likert_rating,4
SS1651655612985,CN,CA,situational,situational3,likert_rating,5
SS1651655612985,CN,CA,situational,situational4,likert_rating,4
SS1651655612985,CN,CA,situational,situational5,likert_rating,4
SS1651662575870,CN,CA,personal,personal3,likert_rating,5
SS1651662575870,CN,CA,personal,personal1,likert_rating,4
SS1651662575870,CN,CA,personal,personal5,likert_rating,4
SS1651662575870,CN,CA,personal,personal4,likert_rating,3
SS1651662575870,CN,CA,personal,personal0,likert_rating,4
SS1651662575870,CN,CA,personal,personal2,likert_rating,5
SS1651662575870,CN,CA,situational,situational0,likert_rating,3
SS1651662575870,CN,CA,situational,situational1,likert_rating,4
SS1651662575870,CN,CA,situational,situational2,likert_rating,5
SS1651662575870,CN,CA,situational,situational3,likert_rating,4
SS1651662575870,CN,CA,situational,situational4,likert_rating,4
SS1651662575870,CN,CA,situational,situational5,likert_rating,NA
SS1651663394470,CN,CA,personal,personal3,likert_rating,4
SS1651663394470,CN,CA,personal,personal1,likert_rating,4
SS1651663394470,CN,CA,personal,personal5,likert_rating,4
SS1651663394470,CN,CA,personal,personal4,likert_rating,3
SS1651663394470,CN,CA,personal,personal0,likert_rating,3
SS1651663394470,CN,CA,personal,personal2,likert_rating,3
SS1651663394470,CN,CA,situational,situational0,likert_rating,2
SS1651663394470,CN,CA,situational,situational1,likert_rating,2
SS1651663394470,CN,CA,situational,situational2,likert_rating,4
SS1651663394470,CN,CA,situational,situational3,likert_rating,4
SS1651663394470,CN,CA,situational,situational4,likert_rating,2
SS1651663394470,CN,CA,situational,situational5,likert_rating,2
SS1651664105704,CN,CA,personal,personal3,likert_rating,3
SS1651664105704,CN,CA,personal,personal1,likert_rating,4
SS1651664105704,CN,CA,personal,personal5,likert_rating,6
SS1651664105704,CN,CA,personal,personal4,likert_rating,4
SS1651664105704,CN,CA,personal,personal0,likert_rating,4
SS1651664105704,CN,CA,personal,personal2,likert_rating,2
SS1651664105704,CN,CA,situational,situational0,likert_rating,1
SS1651664105704,CN,CA,situational,situational1,likert_rating,0
SS1651664105704,CN,CA,situational,situational2,likert_rating,0
SS1651664105704,CN,CA,situational,situational3,likert_rating,0
SS1651664105704,CN,CA,situational,situational4,likert_rating,3
SS1651664105704,CN,CA,situational,situational5,likert_rating,NA
SS1651665034176,CN,CA,personal,personal3,likert_rating,1
SS1651665034176,CN,CA,personal,personal1,likert_rating,2
SS1651665034176,CN,CA,personal,personal5,likert_rating,4
SS1651665034176,CN,CA,personal,personal4,likert_rating,1
SS1651665034176,CN,CA,personal,personal0,likert_rating,3
SS1651665034176,CN,CA,personal,personal2,likert_rating,3
SS1651665034176,CN,CA,situational,situational0,likert_rating,5
SS1651665034176,CN,CA,situational,situational1,likert_rating,6
SS1651665034176,CN,CA,situational,situational2,likert_rating,3
SS1651665034176,CN,CA,situational,situational3,likert_rating,6
SS1651665034176,CN,CA,situational,situational4,likert_rating,5
SS1651665034176,CN,CA,situational,situational5,likert_rating,5
SS1651675575564,CN,CA,personal,personal3,likert_rating,3
SS1651675575564,CN,CA,personal,personal1,likert_rating,4
SS1651675575564,CN,CA,personal,personal5,likert_rating,4
SS1651675575564,CN,CA,personal,personal4,likert_rating,3
SS1651675575564,CN,CA,personal,personal0,likert_rating,4
SS1651675575564,CN,CA,personal,personal2,likert_rating,4
SS1651675575564,CN,CA,situational,situational0,likert_rating,1
SS1651675575564,CN,CA,situational,situational1,likert_rating,1
SS1651675575564,CN,CA,situational,situational2,likert_rating,2
SS1651675575564,CN,CA,situational,situational3,likert_rating,1
SS1651675575564,CN,CA,situational,situational4,likert_rating,2
SS1651675575564,CN,CA,situational,situational5,likert_rating,NA
SS1651675739437,CN,CA,personal,personal3,likert_rating,4
SS1651675739437,CN,CA,personal,personal1,likert_rating,3
SS1651675739437,CN,CA,personal,personal5,likert_rating,5
SS1651675739437,CN,CA,personal,personal4,likert_rating,1
SS1651675739437,CN,CA,personal,personal0,likert_rating,3
SS1651675739437,CN,CA,personal,personal2,likert_rating,6
SS1651675739437,CN,CA,situational,situational0,likert_rating,1
SS1651675739437,CN,CA,situational,situational1,likert_rating,1
SS1651675739437,CN,CA,situational,situational2,likert_rating,2
SS1651675739437,CN,CA,situational,situational3,likert_rating,0
SS1651675739437,CN,CA,situational,situational4,likert_rating,1
SS1651675739437,CN,CA,situational,situational5,likert_rating,NA
SS1651682617757,CN,CA,personal,personal3,likert_rating,3
SS1651682617757,CN,CA,personal,personal1,likert_rating,4
SS1651682617757,CN,CA,personal,personal5,likert_rating,5
SS1651682617757,CN,CA,personal,personal4,likert_rating,4
SS1651682617757,CN,CA,personal,personal0,likert_rating,5
SS1651682617757,CN,CA,personal,personal2,likert_rating,4
SS1651682617757,CN,CA,situational,situational0,likert_rating,4
SS1651682617757,CN,CA,situational,situational1,likert_rating,4
SS1651682617757,CN,CA,situational,situational2,likert_rating,4
SS1651682617757,CN,CA,situational,situational3,likert_rating,5
SS1651682617757,CN,CA,situational,situational4,likert_rating,4
SS1651682617757,CN,CA,situational,situational5,likert_rating,NA
SS1651724542208,CN,CA,personal,personal3,likert_rating,2
SS1651724542208,CN,CA,personal,personal1,likert_rating,2
SS1651724542208,CN,CA,personal,personal5,likert_rating,2
SS1651724542208,CN,CA,personal,personal4,likert_rating,2
SS1651724542208,CN,CA,personal,personal0,likert_rating,0
SS1651724542208,CN,CA,personal,personal2,likert_rating,1
SS1651724542208,CN,CA,situational,situational0,likert_rating,0
SS1651724542208,CN,CA,situational,situational1,likert_rating,3
SS1651724542208,CN,CA,situational,situational2,likert_rating,5
SS1651724542208,CN,CA,situational,situational3,likert_rating,4
SS1651724542208,CN,CA,situational,situational4,likert_rating,3
SS1651724542208,CN,CA,situational,situational5,likert_rating,2
SS1651726203467,CN,CA,personal,personal3,likert_rating,2
SS1651726203467,CN,CA,personal,personal1,likert_rating,4
SS1651726203467,CN,CA,personal,personal5,likert_rating,5
SS1651726203467,CN,CA,personal,personal4,likert_rating,2
SS1651726203467,CN,CA,personal,personal0,likert_rating,3
SS1651726203467,CN,CA,personal,personal2,likert_rating,3
SS1651726203467,CN,CA,situational,situational0,likert_rating,1
SS1651726203467,CN,CA,situational,situational1,likert_rating,4
SS1651726203467,CN,CA,situational,situational2,likert_rating,2
SS1651726203467,CN,CA,situational,situational3,likert_rating,1
SS1651726203467,CN,CA,situational,situational4,likert_rating,4
SS1651726203467,CN,CA,situational,situational5,likert_rating,NA
SS1651729682124,CN,CA,personal,personal3,likert_rating,2
SS1651729682124,CN,CA,personal,personal1,likert_rating,3
SS1651729682124,CN,CA,personal,personal5,likert_rating,3
SS1651729682124,CN,CA,personal,personal4,likert_rating,2
SS1651729682124,CN,CA,personal,personal0,likert_rating,4
SS1651729682124,CN,CA,personal,personal2,likert_rating,3
SS1651729682124,CN,CA,situational,situational0,likert_rating,2
SS1651729682124,CN,CA,situational,situational1,likert_rating,1
SS1651729682124,CN,CA,situational,situational2,likert_rating,2
SS1651729682124,CN,CA,situational,situational3,likert_rating,1
SS1651729682124,CN,CA,situational,situational4,likert_rating,1
SS1651729682124,CN,CA,situational,situational5,likert_rating,NA
SS1651729792731,CN,CA,personal,personal3,likert_rating,1
SS1651729792731,CN,CA,personal,personal1,likert_rating,2
SS1651729792731,CN,CA,personal,personal5,likert_rating,2
SS1651729792731,CN,CA,personal,personal4,likert_rating,1
SS1651729792731,CN,CA,personal,personal0,likert_rating,2
SS1651729792731,CN,CA,personal,personal2,likert_rating,1
SS1651729792731,CN,CA,situational,situational0,likert_rating,2
SS1651729792731,CN,CA,situational,situational1,likert_rating,1
SS1651729792731,CN,CA,situational,situational2,likert_rating,6
SS1651729792731,CN,CA,situational,situational3,likert_rating,2
SS1651729792731,CN,CA,situational,situational4,likert_rating,3
SS1651729792731,CN,CA,situational,situational5,likert_rating,3
SS1651732296508,CN,CA,personal,personal3,likert_rating,4
SS1651732296508,CN,CA,personal,personal1,likert_rating,5
SS1651732296508,CN,CA,personal,personal5,likert_rating,5
SS1651732296508,CN,CA,personal,personal4,likert_rating,4
SS1651732296508,CN,CA,personal,personal0,likert_rating,4
SS1651732296508,CN,CA,personal,personal2,likert_rating,3
SS1651732296508,CN,CA,situational,situational0,likert_rating,4
SS1651732296508,CN,CA,situational,situational1,likert_rating,4
SS1651732296508,CN,CA,situational,situational2,likert_rating,6
SS1651732296508,CN,CA,situational,situational3,likert_rating,5
SS1651732296508,CN,CA,situational,situational4,likert_rating,5
SS1651732296508,CN,CA,situational,situational5,likert_rating,NA
SS1651734446265,CN,CA,personal,personal3,likert_rating,1
SS1651734446265,CN,CA,personal,personal1,likert_rating,4
SS1651734446265,CN,CA,personal,personal5,likert_rating,2
SS1651734446265,CN,CA,personal,personal4,likert_rating,4
SS1651734446265,CN,CA,personal,personal0,likert_rating,1
SS1651734446265,CN,CA,personal,personal2,likert_rating,2
SS1651734446265,CN,CA,situational,situational0,likert_rating,4
SS1651734446265,CN,CA,situational,situational1,likert_rating,1
SS1651734446265,CN,CA,situational,situational2,likert_rating,5
SS1651734446265,CN,CA,situational,situational3,likert_rating,4
SS1651734446265,CN,CA,situational,situational4,likert_rating,1
SS1651734446265,CN,CA,situational,situational5,likert_rating,5
SS1651743246534,CN,CA,personal,personal3,likert_rating,2
SS1651743246534,CN,CA,personal,personal1,likert_rating,2
SS1651743246534,CN,CA,personal,personal5,likert_rating,2
SS1651743246534,CN,CA,personal,personal4,likert_rating,3
SS1651743246534,CN,CA,personal,personal0,likert_rating,3
SS1651743246534,CN,CA,personal,personal2,likert_rating,2
SS1651743246534,CN,CA,situational,situational0,likert_rating,2
SS1651743246534,CN,CA,situational,situational1,likert_rating,1
SS1651743246534,CN,CA,situational,situational2,likert_rating,3
SS1651743246534,CN,CA,situational,situational3,likert_rating,1
SS1651743246534,CN,CA,situational,situational4,likert_rating,3
SS1651743246534,CN,CA,situational,situational5,likert_rating,NA
SS1651747335475,CN,CA,personal,personal3,likert_rating,5
SS1651747335475,CN,CA,personal,personal1,likert_rating,6
SS1651747335475,CN,CA,personal,personal5,likert_rating,5
SS1651747335475,CN,CA,personal,personal4,likert_rating,1
SS1651747335475,CN,CA,personal,personal0,likert_rating,5
SS1651747335475,CN,CA,personal,personal2,likert_rating,3
SS1651747335475,CN,CA,situational,situational0,likert_rating,1
SS1651747335475,CN,CA,situational,situational1,likert_rating,0
SS1651747335475,CN,CA,situational,situational2,likert_rating,5
SS1651747335475,CN,CA,situational,situational3,likert_rating,1
SS1651747335475,CN,CA,situational,situational4,likert_rating,5
SS1651747335475,CN,CA,situational,situational5,likert_rating,NA
SS1651751338853,CN,CA,personal,personal3,likert_rating,4
SS1651751338853,CN,CA,personal,personal1,likert_rating,5
SS1651751338853,CN,CA,personal,personal5,likert_rating,5
SS1651751338853,CN,CA,personal,personal4,likert_rating,4
SS1651751338853,CN,CA,personal,personal0,likert_rating,6
SS1651751338853,CN,CA,personal,personal2,likert_rating,2
SS1651751338853,CN,CA,situational,situational0,likert_rating,1
SS1651751338853,CN,CA,situational,situational1,likert_rating,1
SS1651751338853,CN,CA,situational,situational2,likert_rating,5
SS1651751338853,CN,CA,situational,situational3,likert_rating,0
SS1651751338853,CN,CA,situational,situational4,likert_rating,4
SS1651751338853,CN,CA,situational,situational5,likert_rating,NA
SS1651751579584,CN,CA,personal,personal3,likert_rating,4
SS1651751579584,CN,CA,personal,personal1,likert_rating,3
SS1651751579584,CN,CA,personal,personal5,likert_rating,3
SS1651751579584,CN,CA,personal,personal4,likert_rating,3
SS1651751579584,CN,CA,personal,personal0,likert_rating,3
SS1651751579584,CN,CA,personal,personal2,likert_rating,3
SS1651751579584,CN,CA,situational,situational0,likert_rating,5
SS1651751579584,CN,CA,situational,situational1,likert_rating,2
SS1651751579584,CN,CA,situational,situational2,likert_rating,4
SS1651751579584,CN,CA,situational,situational3,likert_rating,4
SS1651751579584,CN,CA,situational,situational4,likert_rating,2
SS1651751579584,CN,CA,situational,situational5,likert_rating,NA
SS1651761786814,CN,CA,personal,personal3,likert_rating,2
SS1651761786814,CN,CA,personal,personal1,likert_rating,4
SS1651761786814,CN,CA,personal,personal5,likert_rating,1
SS1651761786814,CN,CA,personal,personal4,likert_rating,3
SS1651761786814,CN,CA,personal,personal0,likert_rating,1
SS1651761786814,CN,CA,personal,personal2,likert_rating,2
SS1651761786814,CN,CA,situational,situational0,likert_rating,2
SS1651761786814,CN,CA,situational,situational1,likert_rating,2
SS1651761786814,CN,CA,situational,situational2,likert_rating,2
SS1651761786814,CN,CA,situational,situational3,likert_rating,3
SS1651761786814,CN,CA,situational,situational4,likert_rating,3
SS1651761786814,CN,CA,situational,situational5,likert_rating,6
SS1651762141455,CN,CA,personal,personal3,likert_rating,4
SS1651762141455,CN,CA,personal,personal1,likert_rating,0
SS1651762141455,CN,CA,personal,personal5,likert_rating,3
SS1651762141455,CN,CA,personal,personal4,likert_rating,1
SS1651762141455,CN,CA,personal,personal0,likert_rating,0
SS1651762141455,CN,CA,personal,personal2,likert_rating,1
SS1651762141455,CN,CA,situational,situational0,likert_rating,1
SS1651762141455,CN,CA,situational,situational1,likert_rating,1
SS1651762141455,CN,CA,situational,situational2,likert_rating,4
SS1651762141455,CN,CA,situational,situational3,likert_rating,1
SS1651762141455,CN,CA,situational,situational4,likert_rating,2
SS1651762141455,CN,CA,situational,situational5,likert_rating,1
SS1651763037034,CN,CA,personal,personal3,likert_rating,2
SS1651763037034,CN,CA,personal,personal1,likert_rating,4
SS1651763037034,CN,CA,personal,personal5,likert_rating,3
SS1651763037034,CN,CA,personal,personal4,likert_rating,4
SS1651763037034,CN,CA,personal,personal0,likert_rating,5
SS1651763037034,CN,CA,personal,personal2,likert_rating,4
SS1651763037034,CN,CA,situational,situational0,likert_rating,5
SS1651763037034,CN,CA,situational,situational1,likert_rating,5
SS1651763037034,CN,CA,situational,situational2,likert_rating,3
SS1651763037034,CN,CA,situational,situational3,likert_rating,0
SS1651763037034,CN,CA,situational,situational4,likert_rating,5
SS1651763037034,CN,CA,situational,situational5,likert_rating,NA
SS1651764193629,CN,CA,personal,personal3,likert_rating,4
SS1651764193629,CN,CA,personal,personal1,likert_rating,0
SS1651764193629,CN,CA,personal,personal5,likert_rating,4
SS1651764193629,CN,CA,personal,personal4,likert_rating,5
SS1651764193629,CN,CA,personal,personal0,likert_rating,4
SS1651764193629,CN,CA,personal,personal2,likert_rating,1
SS1651764193629,CN,CA,situational,situational0,likert_rating,3
SS1651764193629,CN,CA,situational,situational1,likert_rating,4
SS1651764193629,CN,CA,situational,situational2,likert_rating,3
SS1651764193629,CN,CA,situational,situational3,likert_rating,4
SS1651764193629,CN,CA,situational,situational4,likert_rating,6
SS1651764193629,CN,CA,situational,situational5,likert_rating,5
SS1651765894743,CN,CA,personal,personal3,likert_rating,1
SS1651765894743,CN,CA,personal,personal1,likert_rating,1
SS1651765894743,CN,CA,personal,personal5,likert_rating,1
SS1651765894743,CN,CA,personal,personal4,likert_rating,1
SS1651765894743,CN,CA,personal,personal0,likert_rating,1
SS1651765894743,CN,CA,personal,personal2,likert_rating,2
SS1651765894743,CN,CA,situational,situational0,likert_rating,2
SS1651765894743,CN,CA,situational,situational1,likert_rating,2
SS1651765894743,CN,CA,situational,situational2,likert_rating,4
SS1651765894743,CN,CA,situational,situational3,likert_rating,1
SS1651765894743,CN,CA,situational,situational4,likert_rating,2
SS1651765894743,CN,CA,situational,situational5,likert_rating,3
SS1651765911820,CN,CA,personal,personal3,likert_rating,5
SS1651765911820,CN,CA,personal,personal1,likert_rating,5
SS1651765911820,CN,CA,personal,personal5,likert_rating,4
SS1651765911820,CN,CA,personal,personal4,likert_rating,4
SS1651765911820,CN,CA,personal,personal0,likert_rating,3
SS1651765911820,CN,CA,personal,personal2,likert_rating,5
SS1651765911820,CN,CA,situational,situational0,likert_rating,5
SS1651765911820,CN,CA,situational,situational1,likert_rating,4
SS1651765911820,CN,CA,situational,situational2,likert_rating,5
SS1651765911820,CN,CA,situational,situational3,likert_rating,4
SS1651765911820,CN,CA,situational,situational4,likert_rating,4
SS1651765911820,CN,CA,situational,situational5,likert_rating,5
SS1651767555827,CN,CA,personal,personal3,likert_rating,1
SS1651767555827,CN,CA,personal,personal1,likert_rating,0
SS1651767555827,CN,CA,personal,personal5,likert_rating,0
SS1651767555827,CN,CA,personal,personal4,likert_rating,2
SS1651767555827,CN,CA,personal,personal0,likert_rating,1
SS1651767555827,CN,CA,personal,personal2,likert_rating,1
SS1651767555827,CN,CA,situational,situational0,likert_rating,4
SS1651767555827,CN,CA,situational,situational1,likert_rating,1
SS1651767555827,CN,CA,situational,situational2,likert_rating,0
SS1651767555827,CN,CA,situational,situational3,likert_rating,3
SS1651767555827,CN,CA,situational,situational4,likert_rating,4
SS1651767555827,CN,CA,situational,situational5,likert_rating,NA
SS1651771465459,CN,CA,personal,personal3,likert_rating,4
SS1651771465459,CN,CA,personal,personal1,likert_rating,4
SS1651771465459,CN,CA,personal,personal5,likert_rating,3
SS1651771465459,CN,CA,personal,personal4,likert_rating,4
SS1651771465459,CN,CA,personal,personal0,likert_rating,5
SS1651771465459,CN,CA,personal,personal2,likert_rating,4
SS1651771465459,CN,CA,situational,situational0,likert_rating,2
SS1651771465459,CN,CA,situational,situational1,likert_rating,2
SS1651771465459,CN,CA,situational,situational2,likert_rating,6
SS1651771465459,CN,CA,situational,situational3,likert_rating,6
SS1651771465459,CN,CA,situational,situational4,likert_rating,3
SS1651771465459,CN,CA,situational,situational5,likert_rating,NA
SS1651798074227,CN,CA,personal,personal3,likert_rating,1
SS1651798074227,CN,CA,personal,personal1,likert_rating,2
SS1651798074227,CN,CA,personal,personal5,likert_rating,2
SS1651798074227,CN,CA,personal,personal4,likert_rating,2
SS1651798074227,CN,CA,personal,personal0,likert_rating,2
SS1651798074227,CN,CA,personal,personal2,likert_rating,2
SS1651798074227,CN,CA,situational,situational0,likert_rating,2
SS1651798074227,CN,CA,situational,situational1,likert_rating,2
SS1651798074227,CN,CA,situational,situational2,likert_rating,2
SS1651798074227,CN,CA,situational,situational3,likert_rating,3
SS1651798074227,CN,CA,situational,situational4,likert_rating,3
SS1651798074227,CN,CA,situational,situational5,likert_rating,5
SS1651802919199,CN,CA,personal,personal3,likert_rating,1
SS1651802919199,CN,CA,personal,personal1,likert_rating,0
SS1651802919199,CN,CA,personal,personal5,likert_rating,3
SS1651802919199,CN,CA,personal,personal4,likert_rating,3
SS1651802919199,CN,CA,personal,personal0,likert_rating,1
SS1651802919199,CN,CA,personal,personal2,likert_rating,2
SS1651802919199,CN,CA,situational,situational0,likert_rating,2
SS1651802919199,CN,CA,situational,situational1,likert_rating,2
SS1651802919199,CN,CA,situational,situational2,likert_rating,6
SS1651802919199,CN,CA,situational,situational3,likert_rating,1
SS1651802919199,CN,CA,situational,situational4,likert_rating,4
SS1651802919199,CN,CA,situational,situational5,likert_rating,2
SS1651804768520,CN,CA,personal,personal3,likert_rating,0
SS1651804768520,CN,CA,personal,personal1,likert_rating,4
SS1651804768520,CN,CA,personal,personal5,likert_rating,5
SS1651804768520,CN,CA,personal,personal4,likert_rating,3
SS1651804768520,CN,CA,personal,personal0,likert_rating,2
SS1651804768520,CN,CA,personal,personal2,likert_rating,5
SS1651804768520,CN,CA,situational,situational0,likert_rating,4
SS1651804768520,CN,CA,situational,situational1,likert_rating,1
SS1651804768520,CN,CA,situational,situational2,likert_rating,4
SS1651804768520,CN,CA,situational,situational3,likert_rating,2
SS1651804768520,CN,CA,situational,situational4,likert_rating,0
SS1651804768520,CN,CA,situational,situational5,likert_rating,4
SS1651806183814,CN,CA,personal,personal3,likert_rating,4
SS1651806183814,CN,CA,personal,personal1,likert_rating,5
SS1651806183814,CN,CA,personal,personal5,likert_rating,5
SS1651806183814,CN,CA,personal,personal4,likert_rating,5
SS1651806183814,CN,CA,personal,personal0,likert_rating,3
SS1651806183814,CN,CA,personal,personal2,likert_rating,5
SS1651806183814,CN,CA,situational,situational0,likert_rating,4
SS1651806183814,CN,CA,situational,situational1,likert_rating,5
SS1651806183814,CN,CA,situational,situational2,likert_rating,5
SS1651806183814,CN,CA,situational,situational3,likert_rating,3
SS1651806183814,CN,CA,situational,situational4,likert_rating,4
SS1651806183814,CN,CA,situational,situational5,likert_rating,4
SS1651807227958,CN,CA,personal,personal3,likert_rating,6
SS1651807227958,CN,CA,personal,personal1,likert_rating,5
SS1651807227958,CN,CA,personal,personal5,likert_rating,3
SS1651807227958,CN,CA,personal,personal4,likert_rating,5
SS1651807227958,CN,CA,personal,personal0,likert_rating,5
SS1651807227958,CN,CA,personal,personal2,likert_rating,5
SS1651807227958,CN,CA,situational,situational0,likert_rating,0
SS1651807227958,CN,CA,situational,situational1,likert_rating,2
SS1651807227958,CN,CA,situational,situational2,likert_rating,2
SS1651807227958,CN,CA,situational,situational3,likert_rating,0
SS1651807227958,CN,CA,situational,situational4,likert_rating,0
SS1651807227958,CN,CA,situational,situational5,likert_rating,NA
SS1651809674248,CN,CA,personal,personal3,likert_rating,1
SS1651809674248,CN,CA,personal,personal1,likert_rating,4
SS1651809674248,CN,CA,personal,personal5,likert_rating,4
SS1651809674248,CN,CA,personal,personal4,likert_rating,2
SS1651809674248,CN,CA,personal,personal0,likert_rating,5
SS1651809674248,CN,CA,personal,personal2,likert_rating,1
SS1651809674248,CN,CA,situational,situational0,likert_rating,2
SS1651809674248,CN,CA,situational,situational1,likert_rating,4
SS1651809674248,CN,CA,situational,situational2,likert_rating,5
SS1651809674248,CN,CA,situational,situational3,likert_rating,3
SS1651809674248,CN,CA,situational,situational4,likert_rating,1
SS1651809674248,CN,CA,situational,situational5,likert_rating,2
SS1651811217708,CN,CA,personal,personal3,likert_rating,2
SS1651811217708,CN,CA,personal,personal1,likert_rating,4
SS1651811217708,CN,CA,personal,personal5,likert_rating,3
SS1651811217708,CN,CA,personal,personal4,likert_rating,2
SS1651811217708,CN,CA,personal,personal0,likert_rating,1
SS1651811217708,CN,CA,personal,personal2,likert_rating,4
SS1651811217708,CN,CA,situational,situational0,likert_rating,3
SS1651811217708,CN,CA,situational,situational1,likert_rating,3
SS1651811217708,CN,CA,situational,situational2,likert_rating,1
SS1651811217708,CN,CA,situational,situational3,likert_rating,2
SS1651811217708,CN,CA,situational,situational4,likert_rating,0
SS1651811217708,CN,CA,situational,situational5,likert_rating,2
SS1651812084324,CN,CA,personal,personal3,likert_rating,5
SS1651812084324,CN,CA,personal,personal1,likert_rating,4
SS1651812084324,CN,CA,personal,personal5,likert_rating,5
SS1651812084324,CN,CA,personal,personal4,likert_rating,2
SS1651812084324,CN,CA,personal,personal0,likert_rating,1
SS1651812084324,CN,CA,personal,personal2,likert_rating,5
SS1651812084324,CN,CA,situational,situational0,likert_rating,1
SS1651812084324,CN,CA,situational,situational1,likert_rating,0
SS1651812084324,CN,CA,situational,situational2,likert_rating,1
SS1651812084324,CN,CA,situational,situational3,likert_rating,0
SS1651812084324,CN,CA,situational,situational4,likert_rating,0
SS1651812084324,CN,CA,situational,situational5,likert_rating,NA
SS1651813633535,CN,CA,personal,personal3,likert_rating,2
SS1651813633535,CN,CA,personal,personal1,likert_rating,4
SS1651813633535,CN,CA,personal,personal5,likert_rating,5
SS1651813633535,CN,CA,personal,personal4,likert_rating,2
SS1651813633535,CN,CA,personal,personal0,likert_rating,4
SS1651813633535,CN,CA,personal,personal2,likert_rating,4
SS1651813633535,CN,CA,situational,situational0,likert_rating,4
SS1651813633535,CN,CA,situational,situational1,likert_rating,3
SS1651813633535,CN,CA,situational,situational2,likert_rating,3
SS1651813633535,CN,CA,situational,situational3,likert_rating,4
SS1651813633535,CN,CA,situational,situational4,likert_rating,3
SS1651813633535,CN,CA,situational,situational5,likert_rating,4
SS1651818877028,CN,CA,personal,personal3,likert_rating,5
SS1651818877028,CN,CA,personal,personal1,likert_rating,6
SS1651818877028,CN,CA,personal,personal5,likert_rating,2
SS1651818877028,CN,CA,personal,personal4,likert_rating,4
SS1651818877028,CN,CA,personal,personal0,likert_rating,5
SS1651818877028,CN,CA,personal,personal2,likert_rating,3
SS1651818877028,CN,CA,situational,situational0,likert_rating,2
SS1651818877028,CN,CA,situational,situational1,likert_rating,0
SS1651818877028,CN,CA,situational,situational2,likert_rating,3
SS1651818877028,CN,CA,situational,situational3,likert_rating,4
SS1651818877028,CN,CA,situational,situational4,likert_rating,1
SS1651818877028,CN,CA,situational,situational5,likert_rating,NA
SS1651821991579,CN,CA,personal,personal3,likert_rating,1
SS1651821991579,CN,CA,personal,personal1,likert_rating,6
SS1651821991579,CN,CA,personal,personal5,likert_rating,2
SS1651821991579,CN,CA,personal,personal4,likert_rating,4
SS1651821991579,CN,CA,personal,personal0,likert_rating,5
SS1651821991579,CN,CA,personal,personal2,likert_rating,3
SS1651821991579,CN,CA,situational,situational0,likert_rating,5
SS1651821991579,CN,CA,situational,situational1,likert_rating,4
SS1651821991579,CN,CA,situational,situational2,likert_rating,6
SS1651821991579,CN,CA,situational,situational3,likert_rating,4
SS1651821991579,CN,CA,situational,situational4,likert_rating,5
SS1651821991579,CN,CA,situational,situational5,likert_rating,4
SS1651822926317,CN,CA,personal,personal3,likert_rating,2
SS1651822926317,CN,CA,personal,personal1,likert_rating,4
SS1651822926317,CN,CA,personal,personal5,likert_rating,3
SS1651822926317,CN,CA,personal,personal4,likert_rating,5
SS1651822926317,CN,CA,personal,personal0,likert_rating,2
SS1651822926317,CN,CA,personal,personal2,likert_rating,1
SS1651822926317,CN,CA,situational,situational0,likert_rating,2
SS1651822926317,CN,CA,situational,situational1,likert_rating,2
SS1651822926317,CN,CA,situational,situational2,likert_rating,6
SS1651822926317,CN,CA,situational,situational3,likert_rating,4
SS1651822926317,CN,CA,situational,situational4,likert_rating,3
SS1651822926317,CN,CA,situational,situational5,likert_rating,3
SS1651835352625,CN,CA,personal,personal3,likert_rating,3
SS1651835352625,CN,CA,personal,personal1,likert_rating,4
SS1651835352625,CN,CA,personal,personal5,likert_rating,3
SS1651835352625,CN,CA,personal,personal4,likert_rating,4
SS1651835352625,CN,CA,personal,personal0,likert_rating,0
SS1651835352625,CN,CA,personal,personal2,likert_rating,2
SS1651835352625,CN,CA,situational,situational0,likert_rating,3
SS1651835352625,CN,CA,situational,situational1,likert_rating,3
SS1651835352625,CN,CA,situational,situational2,likert_rating,3
SS1651835352625,CN,CA,situational,situational3,likert_rating,3
SS1651835352625,CN,CA,situational,situational4,likert_rating,4
SS1651835352625,CN,CA,situational,situational5,likert_rating,NA
SS1651837445397,CN,CA,personal,personal3,likert_rating,4
SS1651837445397,CN,CA,personal,personal1,likert_rating,2
SS1651837445397,CN,CA,personal,personal5,likert_rating,2
SS1651837445397,CN,CA,personal,personal4,likert_rating,5
SS1651837445397,CN,CA,personal,personal0,likert_rating,3
SS1651837445397,CN,CA,personal,personal2,likert_rating,2
SS1651837445397,CN,CA,situational,situational0,likert_rating,3
SS1651837445397,CN,CA,situational,situational1,likert_rating,4
SS1651837445397,CN,CA,situational,situational2,likert_rating,6
SS1651837445397,CN,CA,situational,situational3,likert_rating,3
SS1651837445397,CN,CA,situational,situational4,likert_rating,5
SS1651837445397,CN,CA,situational,situational5,likert_rating,5
SS1651837683659,CN,CA,personal,personal3,likert_rating,0
SS1651837683659,CN,CA,personal,personal1,likert_rating,0
SS1651837683659,CN,CA,personal,personal5,likert_rating,3
SS1651837683659,CN,CA,personal,personal4,likert_rating,1
SS1651837683659,CN,CA,personal,personal0,likert_rating,5
SS1651837683659,CN,CA,personal,personal2,likert_rating,0
SS1651837683659,CN,CA,situational,situational0,likert_rating,1
SS1651837683659,CN,CA,situational,situational1,likert_rating,0
SS1651837683659,CN,CA,situational,situational2,likert_rating,6
SS1651837683659,CN,CA,situational,situational3,likert_rating,3
SS1651837683659,CN,CA,situational,situational4,likert_rating,1
SS1651837683659,CN,CA,situational,situational5,likert_rating,1
SS1651839455332,CN,CA,personal,personal3,likert_rating,4
SS1651839455332,CN,CA,personal,personal1,likert_rating,4
SS1651839455332,CN,CA,personal,personal5,likert_rating,4
SS1651839455332,CN,CA,personal,personal4,likert_rating,5
SS1651839455332,CN,CA,personal,personal0,likert_rating,4
SS1651839455332,CN,CA,personal,personal2,likert_rating,3
SS1651839455332,CN,CA,situational,situational0,likert_rating,3
SS1651839455332,CN,CA,situational,situational1,likert_rating,4
SS1651839455332,CN,CA,situational,situational2,likert_rating,5
SS1651839455332,CN,CA,situational,situational3,likert_rating,1
SS1651839455332,CN,CA,situational,situational4,likert_rating,5
SS1651839455332,CN,CA,situational,situational5,likert_rating,NA
SS1651840732818,CN,CA,personal,personal3,likert_rating,5
SS1651840732818,CN,CA,personal,personal1,likert_rating,6
SS1651840732818,CN,CA,personal,personal5,likert_rating,3
SS1651840732818,CN,CA,personal,personal4,likert_rating,4
SS1651840732818,CN,CA,personal,personal0,likert_rating,6
SS1651840732818,CN,CA,personal,personal2,likert_rating,6
SS1651840732818,CN,CA,situational,situational0,likert_rating,2
SS1651840732818,CN,CA,situational,situational1,likert_rating,2
SS1651840732818,CN,CA,situational,situational2,likert_rating,2
SS1651840732818,CN,CA,situational,situational3,likert_rating,2
SS1651840732818,CN,CA,situational,situational4,likert_rating,2
SS1651840732818,CN,CA,situational,situational5,likert_rating,NA
SS1651840989750,CN,CA,personal,personal3,likert_rating,4
SS1651840989750,CN,CA,personal,personal1,likert_rating,5
SS1651840989750,CN,CA,personal,personal5,likert_rating,5
SS1651840989750,CN,CA,personal,personal4,likert_rating,4
SS1651840989750,CN,CA,personal,personal0,likert_rating,5
SS1651840989750,CN,CA,personal,personal2,likert_rating,4
SS1651840989750,CN,CA,situational,situational0,likert_rating,4
SS1651840989750,CN,CA,situational,situational1,likert_rating,5
SS1651840989750,CN,CA,situational,situational2,likert_rating,5
SS1651840989750,CN,CA,situational,situational3,likert_rating,4
SS1651840989750,CN,CA,situational,situational4,likert_rating,4
SS1651840989750,CN,CA,situational,situational5,likert_rating,3
SS1651842824466,CN,CA,personal,personal3,likert_rating,4
SS1651842824466,CN,CA,personal,personal1,likert_rating,4
SS1651842824466,CN,CA,personal,personal5,likert_rating,3
SS1651842824466,CN,CA,personal,personal4,likert_rating,5
SS1651842824466,CN,CA,personal,personal0,likert_rating,4
SS1651842824466,CN,CA,personal,personal2,likert_rating,4
SS1651842824466,CN,CA,situational,situational0,likert_rating,4
SS1651842824466,CN,CA,situational,situational1,likert_rating,3
SS1651842824466,CN,CA,situational,situational2,likert_rating,2
SS1651842824466,CN,CA,situational,situational3,likert_rating,1
SS1651842824466,CN,CA,situational,situational4,likert_rating,3
SS1651842824466,CN,CA,situational,situational5,likert_rating,NA
SS1651844131204,CN,CA,personal,personal3,likert_rating,5
SS1651844131204,CN,CA,personal,personal1,likert_rating,6
SS1651844131204,CN,CA,personal,personal5,likert_rating,5
SS1651844131204,CN,CA,personal,personal4,likert_rating,0
SS1651844131204,CN,CA,personal,personal0,likert_rating,5
SS1651844131204,CN,CA,personal,personal2,likert_rating,5
SS1651844131204,CN,CA,situational,situational0,likert_rating,1
SS1651844131204,CN,CA,situational,situational1,likert_rating,0
SS1651844131204,CN,CA,situational,situational2,likert_rating,4
SS1651844131204,CN,CA,situational,situational3,likert_rating,0
SS1651844131204,CN,CA,situational,situational4,likert_rating,2
SS1651844131204,CN,CA,situational,situational5,likert_rating,NA
SS1651845522237,CN,CA,personal,personal3,likert_rating,6
SS1651845522237,CN,CA,personal,personal1,likert_rating,5
SS1651845522237,CN,CA,personal,personal5,likert_rating,3
SS1651845522237,CN,CA,personal,personal4,likert_rating,3
SS1651845522237,CN,CA,personal,personal0,likert_rating,2
SS1651845522237,CN,CA,personal,personal2,likert_rating,4
SS1651845522237,CN,CA,situational,situational0,likert_rating,1
SS1651845522237,CN,CA,situational,situational1,likert_rating,1
SS1651845522237,CN,CA,situational,situational2,likert_rating,2
SS1651845522237,CN,CA,situational,situational3,likert_rating,5
SS1651845522237,CN,CA,situational,situational4,likert_rating,0
SS1651845522237,CN,CA,situational,situational5,likert_rating,NA
SS1651845673245,CN,CA,personal,personal3,likert_rating,2
SS1651845673245,CN,CA,personal,personal1,likert_rating,3
SS1651845673245,CN,CA,personal,personal5,likert_rating,4
SS1651845673245,CN,CA,personal,personal4,likert_rating,1
SS1651845673245,CN,CA,personal,personal0,likert_rating,4
SS1651845673245,CN,CA,personal,personal2,likert_rating,1
SS1651845673245,CN,CA,situational,situational0,likert_rating,3
SS1651845673245,CN,CA,situational,situational1,likert_rating,2
SS1651845673245,CN,CA,situational,situational2,likert_rating,5
SS1651845673245,CN,CA,situational,situational3,likert_rating,4
SS1651845673245,CN,CA,situational,situational4,likert_rating,2
SS1651845673245,CN,CA,situational,situational5,likert_rating,2
SS1651849043017,CN,CA,personal,personal3,likert_rating,0
SS1651849043017,CN,CA,personal,personal1,likert_rating,1
SS1651849043017,CN,CA,personal,personal5,likert_rating,1
SS1651849043017,CN,CA,personal,personal4,likert_rating,2
SS1651849043017,CN,CA,personal,personal0,likert_rating,0
SS1651849043017,CN,CA,personal,personal2,likert_rating,4
SS1651849043017,CN,CA,situational,situational0,likert_rating,0
SS1651849043017,CN,CA,situational,situational1,likert_rating,0
SS1651849043017,CN,CA,situational,situational2,likert_rating,4
SS1651849043017,CN,CA,situational,situational3,likert_rating,0
SS1651849043017,CN,CA,situational,situational4,likert_rating,0
SS1651849043017,CN,CA,situational,situational5,likert_rating,4
SS1651890985414,CN,CA,personal,personal3,likert_rating,1
SS1651890985414,CN,CA,personal,personal1,likert_rating,4
SS1651890985414,CN,CA,personal,personal5,likert_rating,4
SS1651890985414,CN,CA,personal,personal4,likert_rating,2
SS1651890985414,CN,CA,personal,personal0,likert_rating,2
SS1651890985414,CN,CA,personal,personal2,likert_rating,1
SS1651890985414,CN,CA,situational,situational0,likert_rating,4
SS1651890985414,CN,CA,situational,situational1,likert_rating,3
SS1651890985414,CN,CA,situational,situational2,likert_rating,5
SS1651890985414,CN,CA,situational,situational3,likert_rating,3
SS1651890985414,CN,CA,situational,situational4,likert_rating,4
SS1651890985414,CN,CA,situational,situational5,likert_rating,2
SS1651891187280,CN,CA,personal,personal3,likert_rating,4
SS1651891187280,CN,CA,personal,personal1,likert_rating,2
SS1651891187280,CN,CA,personal,personal5,likert_rating,5
SS1651891187280,CN,CA,personal,personal4,likert_rating,2
SS1651891187280,CN,CA,personal,personal0,likert_rating,2
SS1651891187280,CN,CA,personal,personal2,likert_rating,3
SS1651891187280,CN,CA,situational,situational0,likert_rating,1
SS1651891187280,CN,CA,situational,situational1,likert_rating,3
SS1651891187280,CN,CA,situational,situational2,likert_rating,4
SS1651891187280,CN,CA,situational,situational3,likert_rating,4
SS1651891187280,CN,CA,situational,situational4,likert_rating,3
SS1651891187280,CN,CA,situational,situational5,likert_rating,NA
SS1651897042062,CN,CA,personal,personal3,likert_rating,5
SS1651897042062,CN,CA,personal,personal1,likert_rating,6
SS1651897042062,CN,CA,personal,personal5,likert_rating,5
SS1651897042062,CN,CA,personal,personal4,likert_rating,3
SS1651897042062,CN,CA,personal,personal0,likert_rating,5
SS1651897042062,CN,CA,personal,personal2,likert_rating,6
SS1651897042062,CN,CA,situational,situational0,likert_rating,4
SS1651897042062,CN,CA,situational,situational1,likert_rating,4
SS1651897042062,CN,CA,situational,situational2,likert_rating,4
SS1651897042062,CN,CA,situational,situational3,likert_rating,5
SS1651897042062,CN,CA,situational,situational4,likert_rating,4
SS1651897042062,CN,CA,situational,situational5,likert_rating,NA
SS1651905218784,CN,CA,personal,personal3,likert_rating,2
SS1651905218784,CN,CA,personal,personal1,likert_rating,2
SS1651905218784,CN,CA,personal,personal5,likert_rating,3
SS1651905218784,CN,CA,personal,personal4,likert_rating,3
SS1651905218784,CN,CA,personal,personal0,likert_rating,2
SS1651905218784,CN,CA,personal,personal2,likert_rating,2
SS1651905218784,CN,CA,situational,situational0,likert_rating,3
SS1651905218784,CN,CA,situational,situational1,likert_rating,2
SS1651905218784,CN,CA,situational,situational2,likert_rating,5
SS1651905218784,CN,CA,situational,situational3,likert_rating,1
SS1651905218784,CN,CA,situational,situational4,likert_rating,3
SS1651905218784,CN,CA,situational,situational5,likert_rating,3
SS1651906129454,CN,CA,personal,personal3,likert_rating,1
SS1651906129454,CN,CA,personal,personal1,likert_rating,4
SS1651906129454,CN,CA,personal,personal5,likert_rating,4
SS1651906129454,CN,CA,personal,personal4,likert_rating,5
SS1651906129454,CN,CA,personal,personal0,likert_rating,5
SS1651906129454,CN,CA,personal,personal2,likert_rating,5
SS1651906129454,CN,CA,situational,situational0,likert_rating,5
SS1651906129454,CN,CA,situational,situational1,likert_rating,1
SS1651906129454,CN,CA,situational,situational2,likert_rating,3
SS1651906129454,CN,CA,situational,situational3,likert_rating,1
SS1651906129454,CN,CA,situational,situational4,likert_rating,3
SS1651906129454,CN,CA,situational,situational5,likert_rating,NA
SS1651906687128,CN,CA,personal,personal3,likert_rating,1
SS1651906687128,CN,CA,personal,personal1,likert_rating,4
SS1651906687128,CN,CA,personal,personal5,likert_rating,2
SS1651906687128,CN,CA,personal,personal4,likert_rating,2
SS1651906687128,CN,CA,personal,personal0,likert_rating,2
SS1651906687128,CN,CA,personal,personal2,likert_rating,1
SS1651906687128,CN,CA,situational,situational0,likert_rating,1
SS1651906687128,CN,CA,situational,situational1,likert_rating,2
SS1651906687128,CN,CA,situational,situational2,likert_rating,2
SS1651906687128,CN,CA,situational,situational3,likert_rating,0
SS1651906687128,CN,CA,situational,situational4,likert_rating,0
SS1651906687128,CN,CA,situational,situational5,likert_rating,NA
SS1651907106845,CN,CA,personal,personal3,likert_rating,1
SS1651907106845,CN,CA,personal,personal1,likert_rating,2
SS1651907106845,CN,CA,personal,personal5,likert_rating,2
SS1651907106845,CN,CA,personal,personal4,likert_rating,4
SS1651907106845,CN,CA,personal,personal0,likert_rating,2
SS1651907106845,CN,CA,personal,personal2,likert_rating,1
SS1651907106845,CN,CA,situational,situational0,likert_rating,5
SS1651907106845,CN,CA,situational,situational1,likert_rating,1
SS1651907106845,CN,CA,situational,situational2,likert_rating,6
SS1651907106845,CN,CA,situational,situational3,likert_rating,4
SS1651907106845,CN,CA,situational,situational4,likert_rating,3
SS1651907106845,CN,CA,situational,situational5,likert_rating,6
SS1651910974793,CN,CA,personal,personal3,likert_rating,3
SS1651910974793,CN,CA,personal,personal1,likert_rating,5
SS1651910974793,CN,CA,personal,personal5,likert_rating,3
SS1651910974793,CN,CA,personal,personal4,likert_rating,1
SS1651910974793,CN,CA,personal,personal0,likert_rating,2
SS1651910974793,CN,CA,personal,personal2,likert_rating,1
SS1651910974793,CN,CA,situational,situational0,likert_rating,1
SS1651910974793,CN,CA,situational,situational1,likert_rating,4
SS1651910974793,CN,CA,situational,situational2,likert_rating,4
SS1651910974793,CN,CA,situational,situational3,likert_rating,4
SS1651910974793,CN,CA,situational,situational4,likert_rating,3
SS1651910974793,CN,CA,situational,situational5,likert_rating,NA
SS1651912088419,CN,CA,personal,personal3,likert_rating,3
SS1651912088419,CN,CA,personal,personal1,likert_rating,2
SS1651912088419,CN,CA,personal,personal5,likert_rating,4
SS1651912088419,CN,CA,personal,personal4,likert_rating,2
SS1651912088419,CN,CA,personal,personal0,likert_rating,3
SS1651912088419,CN,CA,personal,personal2,likert_rating,4
SS1651912088419,CN,CA,situational,situational0,likert_rating,2
SS1651912088419,CN,CA,situational,situational1,likert_rating,0
SS1651912088419,CN,CA,situational,situational2,likert_rating,2
SS1651912088419,CN,CA,situational,situational3,likert_rating,4
SS1651912088419,CN,CA,situational,situational4,likert_rating,5
SS1651912088419,CN,CA,situational,situational5,likert_rating,NA
SS1651916837690,CN,CA,personal,personal3,likert_rating,4
SS1651916837690,CN,CA,personal,personal1,likert_rating,5
SS1651916837690,CN,CA,personal,personal5,likert_rating,4
SS1651916837690,CN,CA,personal,personal4,likert_rating,6
SS1651916837690,CN,CA,personal,personal0,likert_rating,5
SS1651916837690,CN,CA,personal,personal2,likert_rating,5
SS1651916837690,CN,CA,situational,situational0,likert_rating,6
SS1651916837690,CN,CA,situational,situational1,likert_rating,5
SS1651916837690,CN,CA,situational,situational2,likert_rating,6
SS1651916837690,CN,CA,situational,situational3,likert_rating,6
SS1651916837690,CN,CA,situational,situational4,likert_rating,6
SS1651916837690,CN,CA,situational,situational5,likert_rating,NA
SS1651916886491,CN,CA,personal,personal3,likert_rating,0
SS1651916886491,CN,CA,personal,personal1,likert_rating,3
SS1651916886491,CN,CA,personal,personal5,likert_rating,1
SS1651916886491,CN,CA,personal,personal4,likert_rating,2
SS1651916886491,CN,CA,personal,personal0,likert_rating,4
SS1651916886491,CN,CA,personal,personal2,likert_rating,2
SS1651916886491,CN,CA,situational,situational0,likert_rating,2
SS1651916886491,CN,CA,situational,situational1,likert_rating,3
SS1651916886491,CN,CA,situational,situational2,likert_rating,2
SS1651916886491,CN,CA,situational,situational3,likert_rating,2
SS1651916886491,CN,CA,situational,situational4,likert_rating,2
SS1651916886491,CN,CA,situational,situational5,likert_rating,2
SS1651918483229,CN,CA,personal,personal3,likert_rating,3
SS1651918483229,CN,CA,personal,personal1,likert_rating,4
SS1651918483229,CN,CA,personal,personal5,likert_rating,3
SS1651918483229,CN,CA,personal,personal4,likert_rating,4
SS1651918483229,CN,CA,personal,personal0,likert_rating,4
SS1651918483229,CN,CA,personal,personal2,likert_rating,3
SS1651918483229,CN,CA,situational,situational0,likert_rating,3
SS1651918483229,CN,CA,situational,situational1,likert_rating,4
SS1651918483229,CN,CA,situational,situational2,likert_rating,3
SS1651918483229,CN,CA,situational,situational3,likert_rating,3
SS1651918483229,CN,CA,situational,situational4,likert_rating,3
SS1651918483229,CN,CA,situational,situational5,likert_rating,NA
SS1651919285907,CN,CA,personal,personal3,likert_rating,2
SS1651919285907,CN,CA,personal,personal1,likert_rating,1
SS1651919285907,CN,CA,personal,personal5,likert_rating,4
SS1651919285907,CN,CA,personal,personal4,likert_rating,2
SS1651919285907,CN,CA,personal,personal0,likert_rating,1
SS1651919285907,CN,CA,personal,personal2,likert_rating,4
SS1651919285907,CN,CA,situational,situational0,likert_rating,1
SS1651919285907,CN,CA,situational,situational1,likert_rating,1
SS1651919285907,CN,CA,situational,situational2,likert_rating,6
SS1651919285907,CN,CA,situational,situational3,likert_rating,4
SS1651919285907,CN,CA,situational,situational4,likert_rating,2
SS1651919285907,CN,CA,situational,situational5,likert_rating,1
SS1651921503296,CN,CA,personal,personal3,likert_rating,3
SS1651921503296,CN,CA,personal,personal1,likert_rating,3
SS1651921503296,CN,CA,personal,personal5,likert_rating,1
SS1651921503296,CN,CA,personal,personal4,likert_rating,2
SS1651921503296,CN,CA,personal,personal0,likert_rating,4
SS1651921503296,CN,CA,personal,personal2,likert_rating,2
SS1651921503296,CN,CA,situational,situational0,likert_rating,2
SS1651921503296,CN,CA,situational,situational1,likert_rating,0
SS1651921503296,CN,CA,situational,situational2,likert_rating,6
SS1651921503296,CN,CA,situational,situational3,likert_rating,4
SS1651921503296,CN,CA,situational,situational4,likert_rating,4
SS1651921503296,CN,CA,situational,situational5,likert_rating,3
SS1651922816094,CN,CA,personal,personal3,likert_rating,4
SS1651922816094,CN,CA,personal,personal1,likert_rating,5
SS1651922816094,CN,CA,personal,personal5,likert_rating,5
SS1651922816094,CN,CA,personal,personal4,likert_rating,3
SS1651922816094,CN,CA,personal,personal0,likert_rating,5
SS1651922816094,CN,CA,personal,personal2,likert_rating,5
SS1651922816094,CN,CA,situational,situational0,likert_rating,4
SS1651922816094,CN,CA,situational,situational1,likert_rating,2
SS1651922816094,CN,CA,situational,situational2,likert_rating,5
SS1651922816094,CN,CA,situational,situational3,likert_rating,4
SS1651922816094,CN,CA,situational,situational4,likert_rating,2
SS1651922816094,CN,CA,situational,situational5,likert_rating,4
SS1651924494966,CN,CA,personal,personal3,likert_rating,2
SS1651924494966,CN,CA,personal,personal1,likert_rating,4
SS1651924494966,CN,CA,personal,personal5,likert_rating,5
SS1651924494966,CN,CA,personal,personal4,likert_rating,3
SS1651924494966,CN,CA,personal,personal0,likert_rating,0
SS1651924494966,CN,CA,personal,personal2,likert_rating,2
SS1651924494966,CN,CA,situational,situational0,likert_rating,1
SS1651924494966,CN,CA,situational,situational1,likert_rating,2
SS1651924494966,CN,CA,situational,situational2,likert_rating,3
SS1651924494966,CN,CA,situational,situational3,likert_rating,2
SS1651924494966,CN,CA,situational,situational4,likert_rating,3
SS1651924494966,CN,CA,situational,situational5,likert_rating,4
SS1651926576151,CN,CA,personal,personal3,likert_rating,4
SS1651926576151,CN,CA,personal,personal1,likert_rating,5
SS1651926576151,CN,CA,personal,personal5,likert_rating,3
SS1651926576151,CN,CA,personal,personal4,likert_rating,4
SS1651926576151,CN,CA,personal,personal0,likert_rating,4
SS1651926576151,CN,CA,personal,personal2,likert_rating,4
SS1651926576151,CN,CA,situational,situational0,likert_rating,5
SS1651926576151,CN,CA,situational,situational1,likert_rating,4
SS1651926576151,CN,CA,situational,situational2,likert_rating,4
SS1651926576151,CN,CA,situational,situational3,likert_rating,5
SS1651926576151,CN,CA,situational,situational4,likert_rating,4
SS1651926576151,CN,CA,situational,situational5,likert_rating,NA
SS1651926856493,CN,CA,personal,personal3,likert_rating,4
SS1651926856493,CN,CA,personal,personal1,likert_rating,4
SS1651926856493,CN,CA,personal,personal5,likert_rating,5
SS1651926856493,CN,CA,personal,personal4,likert_rating,3
SS1651926856493,CN,CA,personal,personal0,likert_rating,4
SS1651926856493,CN,CA,personal,personal2,likert_rating,5
SS1651926856493,CN,CA,situational,situational0,likert_rating,5
SS1651926856493,CN,CA,situational,situational1,likert_rating,5
SS1651926856493,CN,CA,situational,situational2,likert_rating,4
SS1651926856493,CN,CA,situational,situational3,likert_rating,5
SS1651926856493,CN,CA,situational,situational4,likert_rating,4
SS1651926856493,CN,CA,situational,situational5,likert_rating,5
SS1651928385240,CN,CA,personal,personal3,likert_rating,4
SS1651928385240,CN,CA,personal,personal1,likert_rating,6
SS1651928385240,CN,CA,personal,personal5,likert_rating,5
SS1651928385240,CN,CA,personal,personal4,likert_rating,4
SS1651928385240,CN,CA,personal,personal0,likert_rating,3
SS1651928385240,CN,CA,personal,personal2,likert_rating,4
SS1651928385240,CN,CA,situational,situational0,likert_rating,1
SS1651928385240,CN,CA,situational,situational1,likert_rating,1
SS1651928385240,CN,CA,situational,situational2,likert_rating,3
SS1651928385240,CN,CA,situational,situational3,likert_rating,5
SS1651928385240,CN,CA,situational,situational4,likert_rating,5
SS1651928385240,CN,CA,situational,situational5,likert_rating,NA
SS1651932416698,CN,CA,personal,personal3,likert_rating,3
SS1651932416698,CN,CA,personal,personal1,likert_rating,4
SS1651932416698,CN,CA,personal,personal5,likert_rating,4
SS1651932416698,CN,CA,personal,personal4,likert_rating,3
SS1651932416698,CN,CA,personal,personal0,likert_rating,2
SS1651932416698,CN,CA,personal,personal2,likert_rating,4
SS1651932416698,CN,CA,situational,situational0,likert_rating,2
SS1651932416698,CN,CA,situational,situational1,likert_rating,3
SS1651932416698,CN,CA,situational,situational2,likert_rating,2
SS1651932416698,CN,CA,situational,situational3,likert_rating,3
SS1651932416698,CN,CA,situational,situational4,likert_rating,2
SS1651932416698,CN,CA,situational,situational5,likert_rating,NA
SS1651934015946,CN,CA,personal,personal3,likert_rating,4
SS1651934015946,CN,CA,personal,personal1,likert_rating,4
SS1651934015946,CN,CA,personal,personal5,likert_rating,3
SS1651934015946,CN,CA,personal,personal4,likert_rating,2
SS1651934015946,CN,CA,personal,personal0,likert_rating,4
SS1651934015946,CN,CA,personal,personal2,likert_rating,3
SS1651934015946,CN,CA,situational,situational0,likert_rating,2
SS1651934015946,CN,CA,situational,situational1,likert_rating,1
SS1651934015946,CN,CA,situational,situational2,likert_rating,2
SS1651934015946,CN,CA,situational,situational3,likert_rating,3
SS1651934015946,CN,CA,situational,situational4,likert_rating,2
SS1651934015946,CN,CA,situational,situational5,likert_rating,3
SS1651544913549,CN,SSI,SSI,SSI,task_score_ratio,1.74570985082364
SS1651544913549,CN,SSI,SSI,SSI,task_score_diff,41.707351685
SS1651545081461,CN,SSI,SSI,SSI,task_score_ratio,2.39331176862577
SS1651545081461,CN,SSI,SSI,SSI,task_score_diff,33.3415626814286
SS1651545107281,CN,SSI,SSI,SSI,task_score_ratio,0.867591686668081
SS1651545107281,CN,SSI,SSI,SSI,task_score_diff,-8.91465176181818
SS1651545123067,CN,SSI,SSI,SSI,task_score_ratio,0.954607876688457
SS1651545123067,CN,SSI,SSI,SSI,task_score_diff,-3.39245719
SS1651545188145,CN,SSI,SSI,SSI,task_score_ratio,0.938703417898542
SS1651545188145,CN,SSI,SSI,SSI,task_score_diff,-4.82065566
SS1651545279588,CN,SSI,SSI,SSI,task_score_ratio,1.71940352030514
SS1651545279588,CN,SSI,SSI,SSI,task_score_diff,27.9704803245455
SS1651545285513,CN,SSI,SSI,SSI,task_score_ratio,1.53921649291808
SS1651545285513,CN,SSI,SSI,SSI,task_score_diff,24.88003564
SS1651545357097,CN,SSI,SSI,SSI,task_score_ratio,1.37621446138307
SS1651545357097,CN,SSI,SSI,SSI,task_score_diff,45.2341142
SS1651545751233,CN,SSI,SSI,SSI,task_score_ratio,2.2099352023759
SS1651545751233,CN,SSI,SSI,SSI,task_score_diff,45.583938882
SS1651546122639,CN,SSI,SSI,SSI,task_score_ratio,1.06233234300521
SS1651546122639,CN,SSI,SSI,SSI,task_score_diff,2.616799448
SS1651546915326,CN,SSI,SSI,SSI,task_score_ratio,0.789224012907025
SS1651546915326,CN,SSI,SSI,SSI,task_score_diff,-18.4585873833333
SS1651547162777,CN,SSI,SSI,SSI,task_score_ratio,1.36211808395384
SS1651547162777,CN,SSI,SSI,SSI,task_score_diff,25.813401822
SS1651548143005,CN,SSI,SSI,SSI,task_score_ratio,1.48816748306122
SS1651548143005,CN,SSI,SSI,SSI,task_score_diff,37.4029120328571
SS1651553474432,CN,SSI,SSI,SSI,task_score_ratio,0.898296792840294
SS1651553474432,CN,SSI,SSI,SSI,task_score_diff,-7.09307627111111
SS1651553913160,CN,SSI,SSI,SSI,task_score_ratio,1.29714118624657
SS1651553913160,CN,SSI,SSI,SSI,task_score_diff,11.50169975875
SS1651553969715,CN,SSI,SSI,SSI,task_score_ratio,0.944478202940363
SS1651553969715,CN,SSI,SSI,SSI,task_score_diff,-4.68112729799999
SS1651554145523,CN,SSI,SSI,SSI,task_score_ratio,0.790487425215976
SS1651554145523,CN,SSI,SSI,SSI,task_score_diff,-18.8850748333333
SS1651554184228,CN,SSI,SSI,SSI,task_score_ratio,0.910085220263958
SS1651554184228,CN,SSI,SSI,SSI,task_score_diff,-5.971368315
SS1651554284065,CN,SSI,SSI,SSI,task_score_ratio,0.970039816915243
SS1651554284065,CN,SSI,SSI,SSI,task_score_diff,-3.64082500000001
SS1651554809980,CN,SSI,SSI,SSI,task_score_ratio,1.05245894587785
SS1651554809980,CN,SSI,SSI,SSI,task_score_diff,2.434213055
SS1651559729763,CN,SSI,SSI,SSI,task_score_ratio,1.8485769910484
SS1651559729763,CN,SSI,SSI,SSI,task_score_diff,50.5614953266667
SS1651560025455,CN,SSI,SSI,SSI,task_score_ratio,1.321705028911
SS1651560025455,CN,SSI,SSI,SSI,task_score_diff,22.88492218
SS1651561685665,CN,SSI,SSI,SSI,task_score_ratio,1.59007823189133
SS1651561685665,CN,SSI,SSI,SSI,task_score_diff,30.727448966
SS1651562034956,CN,SSI,SSI,SSI,task_score_ratio,2.42522710057654
SS1651562034956,CN,SSI,SSI,SSI,task_score_diff,132.87654271
SS1651562868228,CN,SSI,SSI,SSI,task_score_ratio,1.48298662179432
SS1651562868228,CN,SSI,SSI,SSI,task_score_diff,24.95053848
SS1651564260438,CN,SSI,SSI,SSI,task_score_ratio,1.85863196015341
SS1651564260438,CN,SSI,SSI,SSI,task_score_diff,35.8941965816667
SS1651564308340,CN,SSI,SSI,SSI,task_score_ratio,2.17869343732251
SS1651564308340,CN,SSI,SSI,SSI,task_score_diff,60.6244326695
SS1651568252846,CN,SSI,SSI,SSI,task_score_ratio,1.03829087978487
SS1651568252846,CN,SSI,SSI,SSI,task_score_diff,2.93643867
SS1651568382617,CN,SSI,SSI,SSI,task_score_ratio,1.56716845134927
SS1651568382617,CN,SSI,SSI,SSI,task_score_diff,68.6230461
SS1651568918829,CN,SSI,SSI,SSI,task_score_ratio,1.30526385741648
SS1651568918829,CN,SSI,SSI,SSI,task_score_diff,14.612750855
SS1651570752111,CN,SSI,SSI,SSI,task_score_ratio,1.6047878675695
SS1651570752111,CN,SSI,SSI,SSI,task_score_diff,47.9077877025
SS1651571509239,CN,SSI,SSI,SSI,task_score_ratio,0.954446216932391
SS1651571509239,CN,SSI,SSI,SSI,task_score_diff,-5.55062165
SS1651576408487,CN,SSI,SSI,SSI,task_score_ratio,1.78029519183447
SS1651576408487,CN,SSI,SSI,SSI,task_score_diff,42.032962965
SS1651578940027,CN,SSI,SSI,SSI,task_score_ratio,0.807522195153694
SS1651578940027,CN,SSI,SSI,SSI,task_score_diff,-11.834084088
SS1651579399729,CN,SSI,SSI,SSI,task_score_ratio,1.67078417916647
SS1651579399729,CN,SSI,SSI,SSI,task_score_diff,24.1321734157143
SS1651582669897,CN,SSI,SSI,SSI,task_score_ratio,1.66619986313293
SS1651582669897,CN,SSI,SSI,SSI,task_score_diff,29.253380925
SS1651620046254,CN,SSI,SSI,SSI,task_score_ratio,1.6172670844202
SS1651620046254,CN,SSI,SSI,SSI,task_score_diff,42.1502426433333
SS1651623308643,CN,SSI,SSI,SSI,task_score_ratio,2.21401560752184
SS1651623308643,CN,SSI,SSI,SSI,task_score_diff,60.9808298822222
SS1651625504097,CN,SSI,SSI,SSI,task_score_ratio,1.75338701113193
SS1651625504097,CN,SSI,SSI,SSI,task_score_diff,44.055859192
SS1651629675682,CN,SSI,SSI,SSI,task_score_ratio,1.64147529843508
SS1651629675682,CN,SSI,SSI,SSI,task_score_diff,20.5379656366667
SS1651631038398,CN,SSI,SSI,SSI,task_score_ratio,1.09348806185625
SS1651631038398,CN,SSI,SSI,SSI,task_score_diff,8.47611377999999
SS1651631374290,CN,SSI,SSI,SSI,task_score_ratio,1.12874063250733
SS1651631374290,CN,SSI,SSI,SSI,task_score_diff,5.73582502
SS1651632269384,CN,SSI,SSI,SSI,task_score_ratio,1.61717118314404
SS1651632269384,CN,SSI,SSI,SSI,task_score_diff,46.9676274175
SS1651633449820,CN,SSI,SSI,SSI,task_score_ratio,2.23848147669618
SS1651633449820,CN,SSI,SSI,SSI,task_score_diff,59.3108050983333
SS1651634088254,CN,SSI,SSI,SSI,task_score_ratio,0.922286053960378
SS1651634088254,CN,SSI,SSI,SSI,task_score_diff,-3.251476868
SS1651634616537,CN,SSI,SSI,SSI,task_score_ratio,1.31612949480009
SS1651634616537,CN,SSI,SSI,SSI,task_score_diff,9.19359160571429
SS1651634772197,CN,SSI,SSI,SSI,task_score_ratio,0.982080579491385
SS1651634772197,CN,SSI,SSI,SSI,task_score_diff,-1.99086374500001
SS1651636059839,CN,SSI,SSI,SSI,task_score_ratio,2.23833549874174
SS1651636059839,CN,SSI,SSI,SSI,task_score_diff,76.6451311933333
SS1651637972613,CN,SSI,SSI,SSI,task_score_ratio,2.83217158023611
SS1651637972613,CN,SSI,SSI,SSI,task_score_diff,145.457871935
SS1651642739005,CN,SSI,SSI,SSI,task_score_ratio,1.43917406619187
SS1651642739005,CN,SSI,SSI,SSI,task_score_diff,18.4714545033333
SS1651648364635,CN,SSI,SSI,SSI,task_score_ratio,1.82173255931501
SS1651648364635,CN,SSI,SSI,SSI,task_score_diff,31.5008485466667
SS1651652206023,CN,SSI,SSI,SSI,task_score_ratio,1.62774389512311
SS1651652206023,CN,SSI,SSI,SSI,task_score_diff,61.63932533
SS1651652979760,CN,SSI,SSI,SSI,task_score_ratio,1.06270896102519
SS1651652979760,CN,SSI,SSI,SSI,task_score_diff,3.85186475333333
SS1651654468673,CN,SSI,SSI,SSI,task_score_ratio,0.821818915553221
SS1651654468673,CN,SSI,SSI,SSI,task_score_diff,-14.6617586233333
SS1651654992618,CN,SSI,SSI,SSI,task_score_ratio,0.620767508716424
SS1651654992618,CN,SSI,SSI,SSI,task_score_diff,-38.49211856
SS1651655612985,CN,SSI,SSI,SSI,task_score_ratio,3.65740572767174
SS1651655612985,CN,SSI,SSI,SSI,task_score_diff,165.22995767
SS1651660777144,CN,SSI,SSI,SSI,task_score_ratio,2.22129588530086
SS1651660777144,CN,SSI,SSI,SSI,task_score_diff,89.261148405
SS1651661370426,CN,SSI,SSI,SSI,task_score_ratio,0.818128376933351
SS1651661370426,CN,SSI,SSI,SSI,task_score_diff,-9.45241322444444
SS1651662575870,CN,SSI,SSI,SSI,task_score_ratio,1.54326533936457
SS1651662575870,CN,SSI,SSI,SSI,task_score_diff,28.1288415133333
SS1651663394470,CN,SSI,SSI,SSI,task_score_ratio,1.32857567328344
SS1651663394470,CN,SSI,SSI,SSI,task_score_diff,21.335063668
SS1651664105704,CN,SSI,SSI,SSI,task_score_ratio,1.60468900633981
SS1651664105704,CN,SSI,SSI,SSI,task_score_diff,26.1344722066667
SS1651665034176,CN,SSI,SSI,SSI,task_score_ratio,1.20505367959113
SS1651665034176,CN,SSI,SSI,SSI,task_score_diff,9.02497567
SS1651666650135,CN,SSI,SSI,SSI,task_score_ratio,1.25944608075195
SS1651666650135,CN,SSI,SSI,SSI,task_score_diff,10.1443308914286
SS1651669607417,CN,SSI,SSI,SSI,task_score_ratio,1.06386957467514
SS1651669607417,CN,SSI,SSI,SSI,task_score_diff,4.16109024333333
SS1651669856701,CN,SSI,SSI,SSI,task_score_ratio,0.531161649822436
SS1651669856701,CN,SSI,SSI,SSI,task_score_diff,-14.4767994447368
SS1651672824225,CN,SSI,SSI,SSI,task_score_ratio,1.50785142235433
SS1651672824225,CN,SSI,SSI,SSI,task_score_diff,18.13748733
SS1651674999028,CN,SSI,SSI,SSI,task_score_ratio,1.32062579215503
SS1651674999028,CN,SSI,SSI,SSI,task_score_diff,18.7321066525
SS1651675575564,CN,SSI,SSI,SSI,task_score_ratio,1.63173515389734
SS1651675575564,CN,SSI,SSI,SSI,task_score_diff,38.9086409414286
SS1651675739437,CN,SSI,SSI,SSI,task_score_ratio,4.52648926545649
SS1651675739437,CN,SSI,SSI,SSI,task_score_diff,104.364501405714
SS1651682617757,CN,SSI,SSI,SSI,task_score_ratio,1.75239334643688
SS1651682617757,CN,SSI,SSI,SSI,task_score_diff,27.8119276233333
SS1651705155608,CN,SSI,SSI,SSI,task_score_ratio,0.867093341747133
SS1651705155608,CN,SSI,SSI,SSI,task_score_diff,-12.67029123125
SS1651713128281,CN,SSI,SSI,SSI,task_score_ratio,1.0098384607511
SS1651713128281,CN,SSI,SSI,SSI,task_score_diff,0.303431816666667
SS1651721379726,CN,SSI,SSI,SSI,task_score_ratio,1.07529814599038
SS1651721379726,CN,SSI,SSI,SSI,task_score_diff,6.028691925
SS1651724542208,CN,SSI,SSI,SSI,task_score_ratio,2.19925823017947
SS1651724542208,CN,SSI,SSI,SSI,task_score_diff,55.5939891416667
SS1651726203467,CN,SSI,SSI,SSI,task_score_ratio,1.02760579550254
SS1651726203467,CN,SSI,SSI,SSI,task_score_diff,2.95066147
SS1651727116955,CN,SSI,SSI,SSI,task_score_ratio,1.18062924286104
SS1651727116955,CN,SSI,SSI,SSI,task_score_diff,7.6832871875
SS1651727696486,CN,SSI,SSI,SSI,task_score_ratio,0.839114350544317
SS1651727696486,CN,SSI,SSI,SSI,task_score_diff,-5.58992038333333
SS1651728177417,CN,SSI,SSI,SSI,task_score_ratio,1.02755177160533
SS1651728177417,CN,SSI,SSI,SSI,task_score_diff,0.888073949999999
SS1651729682124,CN,SSI,SSI,SSI,task_score_ratio,0.966876455860325
SS1651729682124,CN,SSI,SSI,SSI,task_score_diff,-1.6547149225
SS1651729792731,CN,SSI,SSI,SSI,task_score_ratio,1.34197907355401
SS1651729792731,CN,SSI,SSI,SSI,task_score_diff,12.8254137
SS1651731235827,CN,SSI,SSI,SSI,task_score_ratio,3.38493394
SS1651731235827,CN,SSI,SSI,SSI,task_score_diff,35.7740091
SS1651732296508,CN,SSI,SSI,SSI,task_score_ratio,0.888497338321125
SS1651732296508,CN,SSI,SSI,SSI,task_score_diff,-18.2020795
SS1651734446265,CN,SSI,SSI,SSI,task_score_ratio,1.11083149742503
SS1651734446265,CN,SSI,SSI,SSI,task_score_diff,6.75886923599999
SS1651737005457,CN,SSI,SSI,SSI,task_score_ratio,1.42887575572114
SS1651737005457,CN,SSI,SSI,SSI,task_score_diff,19.6912442966667
SS1651739183035,CN,SSI,SSI,SSI,task_score_ratio,1.8732052283895
SS1651739183035,CN,SSI,SSI,SSI,task_score_diff,54.4365240425
SS1651742060593,CN,SSI,SSI,SSI,task_score_ratio,1.59072330770416
SS1651742060593,CN,SSI,SSI,SSI,task_score_diff,32.84971722
SS1651743246534,CN,SSI,SSI,SSI,task_score_ratio,1.20000603996987
SS1651743246534,CN,SSI,SSI,SSI,task_score_diff,13.834685474
SS1651744829480,CN,SSI,SSI,SSI,task_score_ratio,2.73078685759782
SS1651744829480,CN,SSI,SSI,SSI,task_score_diff,98.79231766
SS1651747335475,CN,SSI,SSI,SSI,task_score_ratio,1.53736735468185
SS1651747335475,CN,SSI,SSI,SSI,task_score_diff,16.675534123
SS1651748703908,CN,SSI,SSI,SSI,task_score_ratio,1.24172731933257
SS1651748703908,CN,SSI,SSI,SSI,task_score_diff,11.28751536
SS1651751338853,CN,SSI,SSI,SSI,task_score_ratio,1.29960663994866
SS1651751338853,CN,SSI,SSI,SSI,task_score_diff,15.6527257185714
SS1651751579584,CN,SSI,SSI,SSI,task_score_ratio,0.979986330823985
SS1651751579584,CN,SSI,SSI,SSI,task_score_diff,-1.38782166499999
SS1651761786814,CN,SSI,SSI,SSI,task_score_ratio,1.32368141367751
SS1651761786814,CN,SSI,SSI,SSI,task_score_diff,21.6475730966667
SS1651762141455,CN,SSI,SSI,SSI,task_score_ratio,1.11853652709721
SS1651762141455,CN,SSI,SSI,SSI,task_score_diff,6.31061076
SS1651763037034,CN,SSI,SSI,SSI,task_score_ratio,1.255270197499
SS1651763037034,CN,SSI,SSI,SSI,task_score_diff,30.50991495
SS1651764193629,CN,SSI,SSI,SSI,task_score_ratio,1.34223461688086
SS1651764193629,CN,SSI,SSI,SSI,task_score_diff,39.9487834333333
SS1651765169248,CN,SSI,SSI,SSI,task_score_ratio,1.13981024314153
SS1651765169248,CN,SSI,SSI,SSI,task_score_diff,7.30425289
SS1651765894743,CN,SSI,SSI,SSI,task_score_ratio,1.35829232431546
SS1651765894743,CN,SSI,SSI,SSI,task_score_diff,29.80847146
SS1651765911820,CN,SSI,SSI,SSI,task_score_ratio,1.0933732265538
SS1651765911820,CN,SSI,SSI,SSI,task_score_diff,13.57229875
SS1651767555827,CN,SSI,SSI,SSI,task_score_ratio,1.05517425196259
SS1651767555827,CN,SSI,SSI,SSI,task_score_diff,3.814247745
SS1651769304707,CN,SSI,SSI,SSI,task_score_ratio,1.25650692337199
SS1651769304707,CN,SSI,SSI,SSI,task_score_diff,10.5465032933333
SS1651771465459,CN,SSI,SSI,SSI,task_score_ratio,3.56455786738255
SS1651771465459,CN,SSI,SSI,SSI,task_score_diff,62.36521572375
SS1651783487150,CN,SSI,SSI,SSI,task_score_ratio,1.02752358637536
SS1651783487150,CN,SSI,SSI,SSI,task_score_diff,2.48088277571429
SS1651798074227,CN,SSI,SSI,SSI,task_score_ratio,2.14986088148351
SS1651798074227,CN,SSI,SSI,SSI,task_score_diff,82.2840619125
SS1651799596238,CN,SSI,SSI,SSI,task_score_ratio,0.251508023293512
SS1651799596238,CN,SSI,SSI,SSI,task_score_diff,-196.61988126
SS1651802919199,CN,SSI,SSI,SSI,task_score_ratio,0.581180004646953
SS1651802919199,CN,SSI,SSI,SSI,task_score_diff,-37.9140157733333
SS1651804768520,CN,SSI,SSI,SSI,task_score_ratio,1.0664350138672
SS1651804768520,CN,SSI,SSI,SSI,task_score_diff,4.96185674499999
SS1651806183814,CN,SSI,SSI,SSI,task_score_ratio,1.29195578949755
SS1651806183814,CN,SSI,SSI,SSI,task_score_diff,27.49254652
SS1651807227958,CN,SSI,SSI,SSI,task_score_ratio,1.51197371013131
SS1651807227958,CN,SSI,SSI,SSI,task_score_diff,27.362766935
SS1651807671427,CN,SSI,SSI,SSI,task_score_ratio,2.03099842792605
SS1651807671427,CN,SSI,SSI,SSI,task_score_diff,101.476759345
SS1651809674248,CN,SSI,SSI,SSI,task_score_ratio,1.98555866297394
SS1651809674248,CN,SSI,SSI,SSI,task_score_diff,62.867908592
SS1651810536901,CN,SSI,SSI,SSI,task_score_ratio,1.21720111442397
SS1651810536901,CN,SSI,SSI,SSI,task_score_diff,17.51016753
SS1651810766684,CN,SSI,SSI,SSI,task_score_ratio,3.14064319111216
SS1651810766684,CN,SSI,SSI,SSI,task_score_diff,202.57217919
SS1651811217708,CN,SSI,SSI,SSI,task_score_ratio,1.01528284846929
SS1651811217708,CN,SSI,SSI,SSI,task_score_diff,1.46755139
SS1651812084324,CN,SSI,SSI,SSI,task_score_ratio,1.49658071642392
SS1651812084324,CN,SSI,SSI,SSI,task_score_diff,30.16371717
SS1651813057402,CN,SSI,SSI,SSI,task_score_ratio,1.66627768168625
SS1651813057402,CN,SSI,SSI,SSI,task_score_diff,98.6900974
SS1651813633535,CN,SSI,SSI,SSI,task_score_ratio,2.90981422380763
SS1651813633535,CN,SSI,SSI,SSI,task_score_diff,83.364937347
SS1651818877028,CN,SSI,SSI,SSI,task_score_ratio,0.906539545550282
SS1651818877028,CN,SSI,SSI,SSI,task_score_diff,-4.92815361555555
SS1651821991579,CN,SSI,SSI,SSI,task_score_ratio,0.877471334297201
SS1651821991579,CN,SSI,SSI,SSI,task_score_diff,-7.0167411875
SS1651822926317,CN,SSI,SSI,SSI,task_score_ratio,1.05301820965238
SS1651822926317,CN,SSI,SSI,SSI,task_score_diff,3.52477604250001
SS1651827681410,CN,SSI,SSI,SSI,task_score_ratio,1.15500543887313
SS1651827681410,CN,SSI,SSI,SSI,task_score_diff,10.281227342
SS1651828791480,CN,SSI,SSI,SSI,task_score_ratio,1.49786953531923
SS1651828791480,CN,SSI,SSI,SSI,task_score_diff,47.7999378633333
SS1651835352625,CN,SSI,SSI,SSI,task_score_ratio,0.921714045376139
SS1651835352625,CN,SSI,SSI,SSI,task_score_diff,-2.82337643333333
SS1651837328638,CN,SSI,SSI,SSI,task_score_ratio,1.46832525759775
SS1651837328638,CN,SSI,SSI,SSI,task_score_diff,62.68765785
SS1651837445397,CN,SSI,SSI,SSI,task_score_ratio,1.4496808144315
SS1651837445397,CN,SSI,SSI,SSI,task_score_diff,35.0202243925
SS1651837683659,CN,SSI,SSI,SSI,task_score_ratio,0.827804152881128
SS1651837683659,CN,SSI,SSI,SSI,task_score_diff,-11.4465077825
SS1651839455332,CN,SSI,SSI,SSI,task_score_ratio,1.44346198172542
SS1651839455332,CN,SSI,SSI,SSI,task_score_diff,58.46975335
SS1651840732818,CN,SSI,SSI,SSI,task_score_ratio,1.03474859228348
SS1651840732818,CN,SSI,SSI,SSI,task_score_diff,1.232040264
SS1651840989750,CN,SSI,SSI,SSI,task_score_ratio,2.00108103318128
SS1651840989750,CN,SSI,SSI,SSI,task_score_diff,83.9142534666667
SS1651844131204,CN,SSI,SSI,SSI,task_score_ratio,2.95095861640672
SS1651844131204,CN,SSI,SSI,SSI,task_score_diff,39.3134417457143
SS1651845522237,CN,SSI,SSI,SSI,task_score_ratio,1.46710755506961
SS1651845522237,CN,SSI,SSI,SSI,task_score_diff,16.7327289175
SS1651845673245,CN,SSI,SSI,SSI,task_score_ratio,2.10804843763049
SS1651845673245,CN,SSI,SSI,SSI,task_score_diff,62.83393731
SS1651847391324,CN,SSI,SSI,SSI,task_score_ratio,1.00258388047731
SS1651847391324,CN,SSI,SSI,SSI,task_score_diff,0.101563446666667
SS1651849043017,CN,SSI,SSI,SSI,task_score_ratio,2.39421697240493
SS1651849043017,CN,SSI,SSI,SSI,task_score_diff,76.131309915
SS1651849550334,CN,SSI,SSI,SSI,task_score_ratio,0.947058414016134
SS1651849550334,CN,SSI,SSI,SSI,task_score_diff,-5.7716339975
SS1651890985414,CN,SSI,SSI,SSI,task_score_ratio,1.23544621670268
SS1651890985414,CN,SSI,SSI,SSI,task_score_diff,16.61838923
SS1651891187280,CN,SSI,SSI,SSI,task_score_ratio,0.987070900450264
SS1651891187280,CN,SSI,SSI,SSI,task_score_diff,-1.26723702999999
SS1651897042062,CN,SSI,SSI,SSI,task_score_ratio,1.23270014980101
SS1651897042062,CN,SSI,SSI,SSI,task_score_diff,8.03116413
SS1651901964830,CN,SSI,SSI,SSI,task_score_ratio,0.971791933465525
SS1651901964830,CN,SSI,SSI,SSI,task_score_diff,-2.33463292
SS1651905218784,CN,SSI,SSI,SSI,task_score_ratio,1.13403618198961
SS1651905218784,CN,SSI,SSI,SSI,task_score_diff,10.02421026
SS1651906129454,CN,SSI,SSI,SSI,task_score_ratio,1.04979075467274
SS1651906129454,CN,SSI,SSI,SSI,task_score_diff,2.36813853285714
SS1651906687128,CN,SSI,SSI,SSI,task_score_ratio,1.08107565090294
SS1651906687128,CN,SSI,SSI,SSI,task_score_diff,3.074809505
SS1651907106845,CN,SSI,SSI,SSI,task_score_ratio,1.77341916096801
SS1651907106845,CN,SSI,SSI,SSI,task_score_diff,45.080714856
SS1651910974793,CN,SSI,SSI,SSI,task_score_ratio,1.11210309228841
SS1651910974793,CN,SSI,SSI,SSI,task_score_diff,3.652623485
SS1651912088419,CN,SSI,SSI,SSI,task_score_ratio,0.972950302332651
SS1651912088419,CN,SSI,SSI,SSI,task_score_diff,-1.05683133500001
SS1651915236922,CN,SSI,SSI,SSI,task_score_ratio,2.94746681789179
SS1651915236922,CN,SSI,SSI,SSI,task_score_diff,94.243192425
SS1651916837690,CN,SSI,SSI,SSI,task_score_ratio,0.954367194080597
SS1651916837690,CN,SSI,SSI,SSI,task_score_diff,-2.309505714
SS1651916886491,CN,SSI,SSI,SSI,task_score_ratio,1.34161026314813
SS1651916886491,CN,SSI,SSI,SSI,task_score_diff,36.840055405
SS1651918483229,CN,SSI,SSI,SSI,task_score_ratio,1.1277587378954
SS1651918483229,CN,SSI,SSI,SSI,task_score_diff,7.71673173000001
SS1651919285907,CN,SSI,SSI,SSI,task_score_ratio,1.10946307409575
SS1651919285907,CN,SSI,SSI,SSI,task_score_diff,5.60993256
SS1651921503296,CN,SSI,SSI,SSI,task_score_ratio,1.71934338295181
SS1651921503296,CN,SSI,SSI,SSI,task_score_diff,19.9292465253846
SS1651922816094,CN,SSI,SSI,SSI,task_score_ratio,1.05943281433554
SS1651922816094,CN,SSI,SSI,SSI,task_score_diff,3.86877790200001
SS1651924494966,CN,SSI,SSI,SSI,task_score_ratio,0.897001749850363
SS1651924494966,CN,SSI,SSI,SSI,task_score_diff,-5.268204274
SS1651926576151,CN,SSI,SSI,SSI,task_score_ratio,0.905872223402982
SS1651926576151,CN,SSI,SSI,SSI,task_score_diff,-5.22133488
SS1651926856493,CN,SSI,SSI,SSI,task_score_ratio,2.32613741452308
SS1651926856493,CN,SSI,SSI,SSI,task_score_diff,60.65904333
SS1651928385240,CN,SSI,SSI,SSI,task_score_ratio,1.42459674541332
SS1651928385240,CN,SSI,SSI,SSI,task_score_diff,41.1876759533333
SS1651932416698,CN,SSI,SSI,SSI,task_score_ratio,1.04140572280589
SS1651932416698,CN,SSI,SSI,SSI,task_score_diff,3.58033827
SS1651934015946,CN,SSI,SSI,SSI,task_score_ratio,0.68039404034162
SS1651934015946,CN,SSI,SSI,SSI,task_score_diff,-18.0711264866667
SS1651616819170,US,SSI,SSI,SSI,task_score_ratio,0.929177293435638
SS1651616819170,US,SSI,SSI,SSI,task_score_diff,-3.90590154857143
SS1651616821119,US,SSI,SSI,SSI,task_score_ratio,0.80500652718532
SS1651616821119,US,SSI,SSI,SSI,task_score_diff,-16.8168322266667
SS1651616823657,US,SSI,SSI,SSI,task_score_ratio,1.54352675535935
SS1651616823657,US,SSI,SSI,SSI,task_score_diff,22.8994793375
SS1651616824013,US,SSI,SSI,SSI,task_score_ratio,1.13168866980092
SS1651616824013,US,SSI,SSI,SSI,task_score_diff,8.62356234000001
SS1651616829561,US,SSI,SSI,SSI,task_score_ratio,1.18249945418395
SS1651616829561,US,SSI,SSI,SSI,task_score_diff,8.33544586999999
SS1651616834023,US,SSI,SSI,SSI,task_score_ratio,1.28415802739115
SS1651616834023,US,SSI,SSI,SSI,task_score_diff,17.5356262385714
SS1651616835091,US,SSI,SSI,SSI,task_score_ratio,1.86787259752313
SS1651616835091,US,SSI,SSI,SSI,task_score_diff,39.512811615
SS1651616837719,US,SSI,SSI,SSI,task_score_ratio,0.969996086523665
SS1651616837719,US,SSI,SSI,SSI,task_score_diff,-1.12083139
SS1651616838947,US,SSI,SSI,SSI,task_score_ratio,0.967112679162603
SS1651616838947,US,SSI,SSI,SSI,task_score_diff,-2.98979330499999
SS1651616839031,US,SSI,SSI,SSI,task_score_ratio,0.998898939280196
SS1651616839031,US,SSI,SSI,SSI,task_score_diff,-0.0468693499999944
SS1651616839120,US,SSI,SSI,SSI,task_score_ratio,1.8819386236061
SS1651616839120,US,SSI,SSI,SSI,task_score_diff,46.8633042833333
SS1651616839551,US,SSI,SSI,SSI,task_score_ratio,1.52857919852111
SS1651616839551,US,SSI,SSI,SSI,task_score_diff,29.1066383733333
SS1651616839622,US,SSI,SSI,SSI,task_score_ratio,1.35260607990604
SS1651616839622,US,SSI,SSI,SSI,task_score_diff,25.07473046
SS1651616841722,US,SSI,SSI,SSI,task_score_ratio,0.871192989251422
SS1651616841722,US,SSI,SSI,SSI,task_score_diff,-3.2426320275
SS1651616841972,US,SSI,SSI,SSI,task_score_ratio,1.11076178760509
SS1651616841972,US,SSI,SSI,SSI,task_score_diff,7.06795605999999
SS1651616843053,US,SSI,SSI,SSI,task_score_ratio,1.1990168423146
SS1651616843053,US,SSI,SSI,SSI,task_score_diff,12.52047141
SS1651616844450,US,SSI,SSI,SSI,task_score_ratio,2.89028508912217
SS1651616844450,US,SSI,SSI,SSI,task_score_diff,81.10820571
SS1651616844684,US,SSI,SSI,SSI,task_score_ratio,0.755847272678965
SS1651616844684,US,SSI,SSI,SSI,task_score_diff,-11.74473595
SS1651616844911,US,SSI,SSI,SSI,task_score_ratio,1.35565470358036
SS1651616844911,US,SSI,SSI,SSI,task_score_diff,15.582737675
SS1651616850845,US,SSI,SSI,SSI,task_score_ratio,1.16457084646018
SS1651616850845,US,SSI,SSI,SSI,task_score_diff,14.88103646
SS1651616854167,US,SSI,SSI,SSI,task_score_ratio,1.58117793200827
SS1651616854167,US,SSI,SSI,SSI,task_score_diff,32.15258178
SS1651616854402,US,SSI,SSI,SSI,task_score_ratio,0.373018949193971
SS1651616854402,US,SSI,SSI,SSI,task_score_diff,-50.81554865125
SS1651616857792,US,SSI,SSI,SSI,task_score_ratio,1.36128417714071
SS1651616857792,US,SSI,SSI,SSI,task_score_diff,23.73805537
SS1651616858489,US,SSI,SSI,SSI,task_score_ratio,1.01217631892158
SS1651616858489,US,SSI,SSI,SSI,task_score_diff,0.688649225000006
SS1651616858633,US,SSI,SSI,SSI,task_score_ratio,2.687900857303
SS1651616858633,US,SSI,SSI,SSI,task_score_diff,68.6061570475
SS1651616860080,US,SSI,SSI,SSI,task_score_ratio,1.16918881788816
SS1651616860080,US,SSI,SSI,SSI,task_score_diff,8.41289276142857
SS1651616860708,US,SSI,SSI,SSI,task_score_ratio,1.85675261917357
SS1651616860708,US,SSI,SSI,SSI,task_score_diff,62.75383969
SS1651616861128,US,SSI,SSI,SSI,task_score_ratio,0.990488511635592
SS1651616861128,US,SSI,SSI,SSI,task_score_diff,-0.437324103333339
SS1651616861546,US,SSI,SSI,SSI,task_score_ratio,1.00090963644618
SS1651616861546,US,SSI,SSI,SSI,task_score_diff,0.0714211150000068
SS1651616863114,US,SSI,SSI,SSI,task_score_ratio,1.37463060593545
SS1651616863114,US,SSI,SSI,SSI,task_score_diff,11.29281967
SS1651616863145,US,SSI,SSI,SSI,task_score_ratio,0.704730659023599
SS1651616863145,US,SSI,SSI,SSI,task_score_diff,-24.55247822
SS1651616876627,US,SSI,SSI,SSI,task_score_ratio,1.21857450663722
SS1651616876627,US,SSI,SSI,SSI,task_score_diff,25.5901189
SS1651616909217,US,SSI,SSI,SSI,task_score_ratio,1.49489916953762
SS1651616909217,US,SSI,SSI,SSI,task_score_diff,40.30765451
SS1651616969092,US,SSI,SSI,SSI,task_score_ratio,0.298434313854332
SS1651616969092,US,SSI,SSI,SSI,task_score_diff,-30.65095732
SS1651616982939,US,SSI,SSI,SSI,task_score_ratio,1.33650698421638
SS1651616982939,US,SSI,SSI,SSI,task_score_diff,25.07970716
SS1651617071100,US,SSI,SSI,SSI,task_score_ratio,1.91470329319905
SS1651617071100,US,SSI,SSI,SSI,task_score_diff,110.052322053333
SS1651617143573,US,SSI,SSI,SSI,task_score_ratio,1.61039177698215
SS1651617143573,US,SSI,SSI,SSI,task_score_diff,61.447799556
SS1651617282312,US,SSI,SSI,SSI,task_score_ratio,1.19588756109376
SS1651617282312,US,SSI,SSI,SSI,task_score_diff,11.6483118
SS1651617310480,US,SSI,SSI,SSI,task_score_ratio,1.22410559144296
SS1651617310480,US,SSI,SSI,SSI,task_score_diff,12.450582752
SS1651624230659,US,SSI,SSI,SSI,task_score_ratio,3.69759741083603
SS1651624230659,US,SSI,SSI,SSI,task_score_diff,160.874540413333
SS1651678198123,US,SSI,SSI,SSI,task_score_ratio,1.5124323462838
SS1651678198123,US,SSI,SSI,SSI,task_score_diff,19.8863551866667
SS1651678202019,US,SSI,SSI,SSI,task_score_ratio,1.10071553707497
SS1651678202019,US,SSI,SSI,SSI,task_score_diff,4.0889369
SS1651678206055,US,SSI,SSI,SSI,task_score_ratio,2.94186170026262
SS1651678206055,US,SSI,SSI,SSI,task_score_diff,76.1869799357143
SS1651678216185,US,SSI,SSI,SSI,task_score_ratio,1.6165532083111
SS1651678216185,US,SSI,SSI,SSI,task_score_diff,34.91632108
SS1651678218891,US,SSI,SSI,SSI,task_score_ratio,0.74029761252105
SS1651678218891,US,SSI,SSI,SSI,task_score_diff,-13.824687442
SS1651678224995,US,SSI,SSI,SSI,task_score_ratio,1.28273507499324
SS1651678224995,US,SSI,SSI,SSI,task_score_diff,24.4850107066667
SS1651678226524,US,SSI,SSI,SSI,task_score_ratio,1.17123246546539
SS1651678226524,US,SSI,SSI,SSI,task_score_diff,12.41224664
SS1651678227696,US,SSI,SSI,SSI,task_score_ratio,0.762075546351173
SS1651678227696,US,SSI,SSI,SSI,task_score_diff,-23.04620701
SS1651678229872,US,SSI,SSI,SSI,task_score_ratio,1.25140476961446
SS1651678229872,US,SSI,SSI,SSI,task_score_diff,11.9631368966667
SS1651678232565,US,SSI,SSI,SSI,task_score_ratio,1.07546435460982
SS1651678232565,US,SSI,SSI,SSI,task_score_diff,5.1242656175
SS1651678239759,US,SSI,SSI,SSI,task_score_ratio,1.60450751159875
SS1651678239759,US,SSI,SSI,SSI,task_score_diff,51.7514927125
SS1651678242246,US,SSI,SSI,SSI,task_score_ratio,2.32299711551734
SS1651678242246,US,SSI,SSI,SSI,task_score_diff,108.07413979
SS1651678243882,US,SSI,SSI,SSI,task_score_ratio,0.612513312449154
SS1651678243882,US,SSI,SSI,SSI,task_score_diff,-36.45656046
SS1651678245327,US,SSI,SSI,SSI,task_score_ratio,0.932605245121296
SS1651678245327,US,SSI,SSI,SSI,task_score_diff,-2.65911779666666
SS1651678246113,US,SSI,SSI,SSI,task_score_ratio,1.08857870603867
SS1651678246113,US,SSI,SSI,SSI,task_score_diff,6.08598290500001
SS1651678246330,US,SSI,SSI,SSI,task_score_ratio,0.944445129594481
SS1651678246330,US,SSI,SSI,SSI,task_score_diff,-3.341008565
SS1651678248637,US,SSI,SSI,SSI,task_score_ratio,1.33069639090656
SS1651678248637,US,SSI,SSI,SSI,task_score_diff,25.8502118516667
SS1651678249603,US,SSI,SSI,SSI,task_score_ratio,1.09438471523452
SS1651678249603,US,SSI,SSI,SSI,task_score_diff,8.11294905000001
SS1651678252363,US,SSI,SSI,SSI,task_score_ratio,1.25062777949944
SS1651678252363,US,SSI,SSI,SSI,task_score_diff,14.93361573
SS1651678252935,US,SSI,SSI,SSI,task_score_ratio,1.28569043210422
SS1651678252935,US,SSI,SSI,SSI,task_score_diff,19.04516528
SS1651678253736,US,SSI,SSI,SSI,task_score_ratio,1.00116277345879
SS1651678253736,US,SSI,SSI,SSI,task_score_diff,0.076565880000004
SS1651678256204,US,SSI,SSI,SSI,task_score_ratio,0.910992610635609
SS1651678256204,US,SSI,SSI,SSI,task_score_diff,-5.72547278
SS1651678258791,US,SSI,SSI,SSI,task_score_ratio,1.19649844234231
SS1651678258791,US,SSI,SSI,SSI,task_score_diff,10.4514003985714
SS1651678259296,US,SSI,SSI,SSI,task_score_ratio,1.11405636739021
SS1651678259296,US,SSI,SSI,SSI,task_score_diff,6.54747764545454
SS1651678260164,US,SSI,SSI,SSI,task_score_ratio,0.897374930877226
SS1651678260164,US,SSI,SSI,SSI,task_score_diff,-6.51960388999999
SS1651678260331,US,SSI,SSI,SSI,task_score_ratio,1.23639514188717
SS1651678260331,US,SSI,SSI,SSI,task_score_diff,9.49847392625
SS1651678260663,US,SSI,SSI,SSI,task_score_ratio,1.25231991428689
SS1651678260663,US,SSI,SSI,SSI,task_score_diff,9.72346344866666
SS1651678261063,US,SSI,SSI,SSI,task_score_ratio,2.07501086690147
SS1651678261063,US,SSI,SSI,SSI,task_score_diff,65.23835355
SS1651678261912,US,SSI,SSI,SSI,task_score_ratio,1.30135017010197
SS1651678261912,US,SSI,SSI,SSI,task_score_diff,16.31522826
SS1651678262590,US,SSI,SSI,SSI,task_score_ratio,1.37247839765536
SS1651678262590,US,SSI,SSI,SSI,task_score_diff,13.2426612725
SS1651678262854,US,SSI,SSI,SSI,task_score_ratio,1
SS1651678262854,US,SSI,SSI,SSI,task_score_diff,0
SS1651678263725,US,SSI,SSI,SSI,task_score_ratio,1.09678675088991
SS1651678263725,US,SSI,SSI,SSI,task_score_diff,16.8364441
SS1651678265100,US,SSI,SSI,SSI,task_score_ratio,1.29675032640353
SS1651678265100,US,SSI,SSI,SSI,task_score_diff,26.7852141466667
SS1651678265263,US,SSI,SSI,SSI,task_score_ratio,2.29804797544442
SS1651678265263,US,SSI,SSI,SSI,task_score_diff,95.741332156
SS1651678267011,US,SSI,SSI,SSI,task_score_ratio,1.1154233770059
SS1651678267011,US,SSI,SSI,SSI,task_score_diff,8.5894161675
SS1651678267140,US,SSI,SSI,SSI,task_score_ratio,1.74473575611746
SS1651678267140,US,SSI,SSI,SSI,task_score_diff,30.922133966
SS1651678267405,US,SSI,SSI,SSI,task_score_ratio,2.1319635591222
SS1651678267405,US,SSI,SSI,SSI,task_score_diff,52.9699631533333
SS1651678268119,US,SSI,SSI,SSI,task_score_ratio,2.27504927225154
SS1651678268119,US,SSI,SSI,SSI,task_score_diff,59.5290851733333
SS1651678270245,US,SSI,SSI,SSI,task_score_ratio,1.38124630639721
SS1651678270245,US,SSI,SSI,SSI,task_score_diff,26.0466261775
SS1651678270524,US,SSI,SSI,SSI,task_score_ratio,0.96438657659179
SS1651678270524,US,SSI,SSI,SSI,task_score_diff,-5.31797145000002
SS1651678271326,US,SSI,SSI,SSI,task_score_ratio,1.16967144651626
SS1651678271326,US,SSI,SSI,SSI,task_score_diff,12.9955436366667
SS1651678274966,US,SSI,SSI,SSI,task_score_ratio,0.712019587981411
SS1651678274966,US,SSI,SSI,SSI,task_score_diff,-16.6270177177778
SS1651678278178,US,SSI,SSI,SSI,task_score_ratio,1.39544387721718
SS1651678278178,US,SSI,SSI,SSI,task_score_diff,11.1098811985714
SS1651678302508,US,SSI,SSI,SSI,task_score_ratio,0.991473114681609
SS1651678302508,US,SSI,SSI,SSI,task_score_diff,-0.713610862499991
SS1651678327719,US,SSI,SSI,SSI,task_score_ratio,1.35320900487914
SS1651678327719,US,SSI,SSI,SSI,task_score_diff,12.1757671366667
SS1651678328286,US,SSI,SSI,SSI,task_score_ratio,1.13266771668258
SS1651678328286,US,SSI,SSI,SSI,task_score_diff,6.84175067181818
SS1651678331156,US,SSI,SSI,SSI,task_score_ratio,1.32568936230668
SS1651678331156,US,SSI,SSI,SSI,task_score_diff,13.4112708816667
SS1651678353530,US,SSI,SSI,SSI,task_score_ratio,1.02529488965861
SS1651678353530,US,SSI,SSI,SSI,task_score_diff,1.467033816
SS1651678384991,US,SSI,SSI,SSI,task_score_ratio,2.11315068476235
SS1651678384991,US,SSI,SSI,SSI,task_score_diff,63.3004922966667
SS1651678386286,US,SSI,SSI,SSI,task_score_ratio,0.86004376867221
SS1651678386286,US,SSI,SSI,SSI,task_score_diff,-15.76481303
SS1651678409670,US,SSI,SSI,SSI,task_score_ratio,1.02734239341655
SS1651678409670,US,SSI,SSI,SSI,task_score_diff,2.32402739
SS1651678434328,US,SSI,SSI,SSI,task_score_ratio,2.17734789345046
SS1651678434328,US,SSI,SSI,SSI,task_score_diff,60.7949773866667
SS1651678459452,US,SSI,SSI,SSI,task_score_ratio,1.00987900042377
SS1651678459452,US,SSI,SSI,SSI,task_score_diff,0.838377399999999
SS1651678474300,US,SSI,SSI,SSI,task_score_ratio,0.870732633594349
SS1651678474300,US,SSI,SSI,SSI,task_score_diff,-7.7083961075
SS1651678537895,US,SSI,SSI,SSI,task_score_ratio,1.06209293276512
SS1651678537895,US,SSI,SSI,SSI,task_score_diff,2.55703774555555
SS1651678538948,US,SSI,SSI,SSI,task_score_ratio,1.06326046800932
SS1651678538948,US,SSI,SSI,SSI,task_score_diff,4.49229485666666
SS1651678556653,US,SSI,SSI,SSI,task_score_ratio,0.829070565909781
SS1651678556653,US,SSI,SSI,SSI,task_score_diff,-9.83584071
SS1651678559284,US,SSI,SSI,SSI,task_score_ratio,0.771426671981571
SS1651678559284,US,SSI,SSI,SSI,task_score_diff,-19.4973168475
SS1651678625157,US,SSI,SSI,SSI,task_score_ratio,1.57043268935747
SS1651678625157,US,SSI,SSI,SSI,task_score_diff,19.4151253483333
SS1651678626616,US,SSI,SSI,SSI,task_score_ratio,1.54864472275501
SS1651678626616,US,SSI,SSI,SSI,task_score_diff,32.1277979655556
SS1651678637077,US,SSI,SSI,SSI,task_score_ratio,1.52038790190246
SS1651678637077,US,SSI,SSI,SSI,task_score_diff,14.0707140925
SS1651678701050,US,SSI,SSI,SSI,task_score_ratio,0.986338503482143
SS1651678701050,US,SSI,SSI,SSI,task_score_diff,-0.989623870000003
SS1651678717637,US,SSI,SSI,SSI,task_score_ratio,1.87960854297798
SS1651678717637,US,SSI,SSI,SSI,task_score_diff,34.414413285
SS1651678770686,US,SSI,SSI,SSI,task_score_ratio,0.603807118400895
SS1651678770686,US,SSI,SSI,SSI,task_score_diff,-45.35091567
SS1651678955017,US,SSI,SSI,SSI,task_score_ratio,1.47420554849364
SS1651678955017,US,SSI,SSI,SSI,task_score_diff,17.633187595
SS1651679034205,US,SSI,SSI,SSI,task_score_ratio,1.10500647520214
SS1651679034205,US,SSI,SSI,SSI,task_score_diff,13.18116485
SS1651679448134,US,SSI,SSI,SSI,task_score_ratio,1.21678651451271
SS1651679448134,US,SSI,SSI,SSI,task_score_diff,11.3144119233333
SS1651679534071,US,SSI,SSI,SSI,task_score_ratio,2.35845324109166
SS1651679534071,US,SSI,SSI,SSI,task_score_diff,75.5100621366666
SS1651679569580,US,SSI,SSI,SSI,task_score_ratio,1.21492054429248
SS1651679569580,US,SSI,SSI,SSI,task_score_diff,8.005621109
SS1651679629301,US,SSI,SSI,SSI,task_score_ratio,0.99571522988761
SS1651679629301,US,SSI,SSI,SSI,task_score_diff,-0.417765965000001
SS1651679984067,US,SSI,SSI,SSI,task_score_ratio,1.00461522866892
SS1651679984067,US,SSI,SSI,SSI,task_score_diff,0.348964600000002
SS1651680530568,US,SSI,SSI,SSI,task_score_ratio,1.91641511023769
SS1651680530568,US,SSI,SSI,SSI,task_score_diff,50.7695302325
SS1651680818305,US,SSI,SSI,SSI,task_score_ratio,1.5475482099747
SS1651680818305,US,SSI,SSI,SSI,task_score_diff,24.0595272175
SS1651680994828,US,SSI,SSI,SSI,task_score_ratio,1.55939134544374
SS1651680994828,US,SSI,SSI,SSI,task_score_diff,47.7116614
SS1651681877580,US,SSI,SSI,SSI,task_score_ratio,1.61202414904391
SS1651681877580,US,SSI,SSI,SSI,task_score_diff,31.46616194
SS1651682805154,US,SSI,SSI,SSI,task_score_ratio,1.05197426291007
SS1651682805154,US,SSI,SSI,SSI,task_score_diff,2.872377885
SS1651687447221,US,SSI,SSI,SSI,task_score_ratio,0.944939149287191
SS1651687447221,US,SSI,SSI,SSI,task_score_diff,-4.74706287000001
SS1651690626669,US,SSI,SSI,SSI,task_score_ratio,1.12766374953696
SS1651690626669,US,SSI,SSI,SSI,task_score_diff,8.48477222333334
SS1651690672320,US,SSI,SSI,SSI,task_score_ratio,0.980976918692315
SS1651690672320,US,SSI,SSI,SSI,task_score_diff,-1.51058393333334
SS1651690674639,US,SSI,SSI,SSI,task_score_ratio,0.846062528283125
SS1651690674639,US,SSI,SSI,SSI,task_score_diff,-13.350404185
SS1651690678231,US,SSI,SSI,SSI,task_score_ratio,1.15648427668325
SS1651690678231,US,SSI,SSI,SSI,task_score_diff,12.0494595433333
SS1651690678388,US,SSI,SSI,SSI,task_score_ratio,0.869242888818805
SS1651690678388,US,SSI,SSI,SSI,task_score_diff,-4.05035579
SS1651690681690,US,SSI,SSI,SSI,task_score_ratio,2.37563629401838
SS1651690681690,US,SSI,SSI,SSI,task_score_diff,62.7739656469231
SS1651690687499,US,SSI,SSI,SSI,task_score_ratio,1.09107400434085
SS1651690687499,US,SSI,SSI,SSI,task_score_diff,4.8907687125
SS1651690691047,US,SSI,SSI,SSI,task_score_ratio,0.878307675384771
SS1651690691047,US,SSI,SSI,SSI,task_score_diff,-9.048488255
SS1651690691327,US,SSI,SSI,SSI,task_score_ratio,1.06503316093192
SS1651690691327,US,SSI,SSI,SSI,task_score_diff,10.758026
SS1651690698980,US,SSI,SSI,SSI,task_score_ratio,1.54917123093879
SS1651690698980,US,SSI,SSI,SSI,task_score_diff,39.628829035
SS1651690706045,US,SSI,SSI,SSI,task_score_ratio,1.18292562854323
SS1651690706045,US,SSI,SSI,SSI,task_score_diff,15.3146594366667
SS1651690708015,US,SSI,SSI,SSI,task_score_ratio,0.994025941111634
SS1651690708015,US,SSI,SSI,SSI,task_score_diff,-0.477215263999994
SS1651690714289,US,SSI,SSI,SSI,task_score_ratio,1.57971423748309
SS1651690714289,US,SSI,SSI,SSI,task_score_diff,63.952544735
SS1651690719363,US,SSI,SSI,SSI,task_score_ratio,0.916225668506676
SS1651690719363,US,SSI,SSI,SSI,task_score_diff,-5.43245164166666
SS1651690719510,US,SSI,SSI,SSI,task_score_ratio,1.20367747010231
SS1651690719510,US,SSI,SSI,SSI,task_score_diff,9.95913918499999
SS1651690723933,US,SSI,SSI,SSI,task_score_ratio,1.61612626592289
SS1651690723933,US,SSI,SSI,SSI,task_score_diff,39.593568242
SS1651690727662,US,SSI,SSI,SSI,task_score_ratio,1.01777902912924
SS1651690727662,US,SSI,SSI,SSI,task_score_diff,1.4700513475
SS1651690727759,US,SSI,SSI,SSI,task_score_ratio,2.42204894645685
SS1651690727759,US,SSI,SSI,SSI,task_score_diff,57.7447124975
SS1651690729593,US,SSI,SSI,SSI,task_score_ratio,1.33940036241373
SS1651690729593,US,SSI,SSI,SSI,task_score_diff,26.24833442
SS1651690730467,US,SSI,SSI,SSI,task_score_ratio,1.39592098819002
SS1651690730467,US,SSI,SSI,SSI,task_score_diff,27.599406685
SS1651690731537,US,SSI,SSI,SSI,task_score_ratio,1.34306422235042
SS1651690731537,US,SSI,SSI,SSI,task_score_diff,22.8024001033333
SS1651690732177,US,SSI,SSI,SSI,task_score_ratio,1.40844606110358
SS1651690732177,US,SSI,SSI,SSI,task_score_diff,14.4475890925
SS1651690735020,US,SSI,SSI,SSI,task_score_ratio,0.839751012190071
SS1651690735020,US,SSI,SSI,SSI,task_score_diff,-21.7285637
SS1651690740366,US,SSI,SSI,SSI,task_score_ratio,0.984703394876886
SS1651690740366,US,SSI,SSI,SSI,task_score_diff,-1.7299577
SS1651690741486,US,SSI,SSI,SSI,task_score_ratio,1.85379720538173
SS1651690741486,US,SSI,SSI,SSI,task_score_diff,31.025925948
SS1651690741942,US,SSI,SSI,SSI,task_score_ratio,1.72488215035435
SS1651690741942,US,SSI,SSI,SSI,task_score_diff,36.1512932133333
SS1651690743939,US,SSI,SSI,SSI,task_score_ratio,1.54703071256524
SS1651690743939,US,SSI,SSI,SSI,task_score_diff,18.93001105125
SS1651690748106,US,SSI,SSI,SSI,task_score_ratio,1.00588332568584
SS1651690748106,US,SSI,SSI,SSI,task_score_diff,0.451731635000002
SS1651690758188,US,SSI,SSI,SSI,task_score_ratio,1.51659825394078
SS1651690758188,US,SSI,SSI,SSI,task_score_diff,23.6240808633333
SS1651690762770,US,SSI,SSI,SSI,task_score_ratio,4.15454450337814
SS1651690762770,US,SSI,SSI,SSI,task_score_diff,67.6970106583333
SS1651690768899,US,SSI,SSI,SSI,task_score_ratio,0.957490109394307
SS1651690768899,US,SSI,SSI,SSI,task_score_diff,-1.512114526
SS1651690802568,US,SSI,SSI,SSI,task_score_ratio,0.982370168406679
SS1651690802568,US,SSI,SSI,SSI,task_score_diff,-0.804383153333333
SS1651690810190,US,SSI,SSI,SSI,task_score_ratio,0.871833648046205
SS1651690810190,US,SSI,SSI,SSI,task_score_diff,-9.22759462799999
SS1651690858692,US,SSI,SSI,SSI,task_score_ratio,1.31405866810214
SS1651690858692,US,SSI,SSI,SSI,task_score_diff,11.68164768875
SS1651690892118,US,SSI,SSI,SSI,task_score_ratio,1.39920239603617
SS1651690892118,US,SSI,SSI,SSI,task_score_diff,15.7359223533333
SS1651690898679,US,SSI,SSI,SSI,task_score_ratio,0.881639707050256
SS1651690898679,US,SSI,SSI,SSI,task_score_diff,-9.13098657
SS1651690926515,US,SSI,SSI,SSI,task_score_ratio,1.33861875483258
SS1651690926515,US,SSI,SSI,SSI,task_score_diff,16.1776619814286
SS1651690949027,US,SSI,SSI,SSI,task_score_ratio,1.10571563182704
SS1651690949027,US,SSI,SSI,SSI,task_score_diff,3.43259226125
SS1651691043519,US,SSI,SSI,SSI,task_score_ratio,1.7244413559616
SS1651691043519,US,SSI,SSI,SSI,task_score_diff,40.7239052733333
SS1651691175620,US,SSI,SSI,SSI,task_score_ratio,0.908229636520316
SS1651691175620,US,SSI,SSI,SSI,task_score_diff,-5.195621532
SS1651691207769,US,SSI,SSI,SSI,task_score_ratio,2.13495629596461
SS1651691207769,US,SSI,SSI,SSI,task_score_diff,70.8214573525
SS1651691673018,US,SSI,SSI,SSI,task_score_ratio,1.07787413560037
SS1651691673018,US,SSI,SSI,SSI,task_score_diff,3.04814196
SS1651692016531,US,SSI,SSI,SSI,task_score_ratio,0.848617644183301
SS1651692016531,US,SSI,SSI,SSI,task_score_diff,-10.9515671633333
SS1651692160397,US,SSI,SSI,SSI,task_score_ratio,1.25430638384705
SS1651692160397,US,SSI,SSI,SSI,task_score_diff,14.22842232
SS1651694070275,US,SSI,SSI,SSI,task_score_ratio,1.01275661613631
SS1651694070275,US,SSI,SSI,SSI,task_score_diff,1.04211854500001
SS1651697396411,US,SSI,SSI,SSI,task_score_ratio,0.938719832443166
SS1651697396411,US,SSI,SSI,SSI,task_score_diff,-5.78387341
SS1651868487521,US,SSI,SSI,SSI,task_score_ratio,1.27261592341561
SS1651868487521,US,SSI,SSI,SSI,task_score_diff,27.649759925
SS1651868699067,US,SSI,SSI,SSI,task_score_ratio,1.07448989987777
SS1651868699067,US,SSI,SSI,SSI,task_score_diff,6.22737345
SS1651868701012,US,SSI,SSI,SSI,task_score_ratio,0.862831519292775
SS1651868701012,US,SSI,SSI,SSI,task_score_diff,-10.0544500866667
SS1651868705438,US,SSI,SSI,SSI,task_score_ratio,1.17821657603804
SS1651868705438,US,SSI,SSI,SSI,task_score_diff,11.2553817325
SS1651868707186,US,SSI,SSI,SSI,task_score_ratio,0.977308188300933
SS1651868707186,US,SSI,SSI,SSI,task_score_diff,-1.08558219666666
SS1651868708760,US,SSI,SSI,SSI,task_score_ratio,1.5241667447989
SS1651868708760,US,SSI,SSI,SSI,task_score_diff,32.1582240683333
SS1651868710355,US,SSI,SSI,SSI,task_score_ratio,1.03158453564626
SS1651868710355,US,SSI,SSI,SSI,task_score_diff,1.25643699909091
SS1651868713554,US,SSI,SSI,SSI,task_score_ratio,1.09523289679362
SS1651868713554,US,SSI,SSI,SSI,task_score_diff,7.30605379249999
SS1651868714312,US,SSI,SSI,SSI,task_score_ratio,0.778170289162491
SS1651868714312,US,SSI,SSI,SSI,task_score_diff,-11.9761554016667
SS1651868714404,US,SSI,SSI,SSI,task_score_ratio,1.11523096502753
SS1651868714404,US,SSI,SSI,SSI,task_score_diff,6.01861148428571
SS1651868716048,US,SSI,SSI,SSI,task_score_ratio,1.39472430379642
SS1651868716048,US,SSI,SSI,SSI,task_score_diff,32.269621965
SS1651868717843,US,SSI,SSI,SSI,task_score_ratio,1.73135628620628
SS1651868717843,US,SSI,SSI,SSI,task_score_diff,30.4902799666667
SS1651868718682,US,SSI,SSI,SSI,task_score_ratio,0.947899462723645
SS1651868718682,US,SSI,SSI,SSI,task_score_diff,-5.29085759749999
SS1651868720723,US,SSI,SSI,SSI,task_score_ratio,1.74509780462665
SS1651868720723,US,SSI,SSI,SSI,task_score_diff,41.8448674233333
SS1651868725160,US,SSI,SSI,SSI,task_score_ratio,0.870545056450127
SS1651868725160,US,SSI,SSI,SSI,task_score_diff,-19.1200967
SS1651868736601,US,SSI,SSI,SSI,task_score_ratio,1.63576349875289
SS1651868736601,US,SSI,SSI,SSI,task_score_diff,50.5712346133333
SS1651868738305,US,SSI,SSI,SSI,task_score_ratio,2.00108139029807
SS1651868738305,US,SSI,SSI,SSI,task_score_diff,58.136907888
SS1651868744832,US,SSI,SSI,SSI,task_score_ratio,1.47943982973115
SS1651868744832,US,SSI,SSI,SSI,task_score_diff,30.2514072075
SS1651868744957,US,SSI,SSI,SSI,task_score_ratio,1.72345331445013
SS1651868744957,US,SSI,SSI,SSI,task_score_diff,35.3529750725
SS1651868745180,US,SSI,SSI,SSI,task_score_ratio,0.861730632853057
SS1651868745180,US,SSI,SSI,SSI,task_score_diff,-11.5316009833333
SS1651868745703,US,SSI,SSI,SSI,task_score_ratio,1.37580802069801
SS1651868745703,US,SSI,SSI,SSI,task_score_diff,10.667020499
SS1651868751261,US,SSI,SSI,SSI,task_score_ratio,1.25393760935046
SS1651868751261,US,SSI,SSI,SSI,task_score_diff,13.206836145
SS1651868754302,US,SSI,SSI,SSI,task_score_ratio,1.22960063374977
SS1651868754302,US,SSI,SSI,SSI,task_score_diff,12.9422714216667
SS1651868756130,US,SSI,SSI,SSI,task_score_ratio,0.969034992637916
SS1651868756130,US,SSI,SSI,SSI,task_score_diff,-1.818880775
SS1651868757005,US,SSI,SSI,SSI,task_score_ratio,1.09824986694376
SS1651868757005,US,SSI,SSI,SSI,task_score_diff,3.96058052142857
SS1651868767690,US,SSI,SSI,SSI,task_score_ratio,1.22209459470492
SS1651868767690,US,SSI,SSI,SSI,task_score_diff,16.8394773366667
SS1651868773205,US,SSI,SSI,SSI,task_score_ratio,1.48324532992187
SS1651868773205,US,SSI,SSI,SSI,task_score_diff,35.98608418
SS1651868778604,US,SSI,SSI,SSI,task_score_ratio,1.44529378045163
SS1651868778604,US,SSI,SSI,SSI,task_score_diff,29.41177132
SS1651868779378,US,SSI,SSI,SSI,task_score_ratio,1.36204932285898
SS1651868779378,US,SSI,SSI,SSI,task_score_diff,13.6162281671429
SS1651868780067,US,SSI,SSI,SSI,task_score_ratio,2.04269764730939
SS1651868780067,US,SSI,SSI,SSI,task_score_diff,50.948050855
SS1651868782330,US,SSI,SSI,SSI,task_score_ratio,1.13342032726611
SS1651868782330,US,SSI,SSI,SSI,task_score_diff,11.41894066
SS1651868783532,US,SSI,SSI,SSI,task_score_ratio,1.78806372072751
SS1651868783532,US,SSI,SSI,SSI,task_score_diff,25.2453536242857
SS1651868784777,US,SSI,SSI,SSI,task_score_ratio,1.09813990892982
SS1651868784777,US,SSI,SSI,SSI,task_score_diff,6.26413859000001
SS1651868788340,US,SSI,SSI,SSI,task_score_ratio,1.0927122316204
SS1651868788340,US,SSI,SSI,SSI,task_score_diff,8.07820991999999
SS1651868788402,US,SSI,SSI,SSI,task_score_ratio,1.20889637664385
SS1651868788402,US,SSI,SSI,SSI,task_score_diff,9.54315001666667
SS1651868793732,US,SSI,SSI,SSI,task_score_ratio,1.01691132643654
SS1651868793732,US,SSI,SSI,SSI,task_score_diff,1.99318405
SS1651868796147,US,SSI,SSI,SSI,task_score_ratio,0.848830594557503
SS1651868796147,US,SSI,SSI,SSI,task_score_diff,-6.66832698
SS1651868800189,US,SSI,SSI,SSI,task_score_ratio,1.19276746758153
SS1651868800189,US,SSI,SSI,SSI,task_score_diff,16.56992843
SS1651868802451,US,SSI,SSI,SSI,task_score_ratio,1.61691561462887
SS1651868802451,US,SSI,SSI,SSI,task_score_diff,33.56888694
SS1651868810933,US,SSI,SSI,SSI,task_score_ratio,1.21607013916759
SS1651868810933,US,SSI,SSI,SSI,task_score_diff,7.1624699
SS1651868811761,US,SSI,SSI,SSI,task_score_ratio,1.15258445183726
SS1651868811761,US,SSI,SSI,SSI,task_score_diff,6.79302096
SS1651868811860,US,SSI,SSI,SSI,task_score_ratio,1.0294690744954
SS1651868811860,US,SSI,SSI,SSI,task_score_diff,2.75311313333333
SS1651868816028,US,SSI,SSI,SSI,task_score_ratio,1.91886655968134
SS1651868816028,US,SSI,SSI,SSI,task_score_diff,63.3434739975
SS1651868817160,US,SSI,SSI,SSI,task_score_ratio,0.781801002756458
SS1651868817160,US,SSI,SSI,SSI,task_score_diff,-12.10783062
SS1651868817171,US,SSI,SSI,SSI,task_score_ratio,1.27085909405732
SS1651868817171,US,SSI,SSI,SSI,task_score_diff,9.51718688571429
SS1651868820237,US,SSI,SSI,SSI,task_score_ratio,0.882781000101633
SS1651868820237,US,SSI,SSI,SSI,task_score_diff,-8.26252351749999
SS1651868826063,US,SSI,SSI,SSI,task_score_ratio,1.94230235801326
SS1651868826063,US,SSI,SSI,SSI,task_score_diff,85.3445319825
SS1651868827795,US,SSI,SSI,SSI,task_score_ratio,1.58049521783769
SS1651868827795,US,SSI,SSI,SSI,task_score_diff,36.1306546616667
SS1651868828049,US,SSI,SSI,SSI,task_score_ratio,0.839711429103881
SS1651868828049,US,SSI,SSI,SSI,task_score_diff,-8.6384827175
SS1651868830966,US,SSI,SSI,SSI,task_score_ratio,0.981800193188389
SS1651868830966,US,SSI,SSI,SSI,task_score_diff,-0.812470025000003
SS1651868837282,US,SSI,SSI,SSI,task_score_ratio,0.903452478708376
SS1651868837282,US,SSI,SSI,SSI,task_score_diff,-7.84494506
SS1651868839906,US,SSI,SSI,SSI,task_score_ratio,0.649773081846442
SS1651868839906,US,SSI,SSI,SSI,task_score_diff,-55.45404595
SS1651868840289,US,SSI,SSI,SSI,task_score_ratio,0.995837933268786
SS1651868840289,US,SSI,SSI,SSI,task_score_diff,-0.172323629999994
SS1651868840790,US,SSI,SSI,SSI,task_score_ratio,1.064042646434
SS1651868840790,US,SSI,SSI,SSI,task_score_diff,3.2889338375
SS1651868850581,US,SSI,SSI,SSI,task_score_ratio,1.09804124708091
SS1651868850581,US,SSI,SSI,SSI,task_score_diff,7.34114023666666
SS1651868852345,US,SSI,SSI,SSI,task_score_ratio,1.08325016688023
SS1651868852345,US,SSI,SSI,SSI,task_score_diff,5.45163366
SS1651868868975,US,SSI,SSI,SSI,task_score_ratio,1.31448027752815
SS1651868868975,US,SSI,SSI,SSI,task_score_diff,15.62423842
SS1651868873914,US,SSI,SSI,SSI,task_score_ratio,0.801036651228993
SS1651868873914,US,SSI,SSI,SSI,task_score_diff,-19.151227875
SS1651868876318,US,SSI,SSI,SSI,task_score_ratio,0.975422568233515
SS1651868876318,US,SSI,SSI,SSI,task_score_diff,-2.22245767
SS1651868901145,US,SSI,SSI,SSI,task_score_ratio,0.83525962376337
SS1651868901145,US,SSI,SSI,SSI,task_score_diff,-8.5449731325
SS1651868924360,US,SSI,SSI,SSI,task_score_ratio,1.07723591323789
SS1651868924360,US,SSI,SSI,SSI,task_score_diff,5.170233225
SS1651868966456,US,SSI,SSI,SSI,task_score_ratio,0.702159687728112
SS1651868966456,US,SSI,SSI,SSI,task_score_diff,-26.7500982716667
SS1651869014963,US,SSI,SSI,SSI,task_score_ratio,0.913404326686364
SS1651869014963,US,SSI,SSI,SSI,task_score_diff,-6.01173966499999
SS1651869017878,US,SSI,SSI,SSI,task_score_ratio,1.01494508313867
SS1651869017878,US,SSI,SSI,SSI,task_score_diff,0.733595535999996
SS1651869021473,US,SSI,SSI,SSI,task_score_ratio,1.75698602363707
SS1651869021473,US,SSI,SSI,SSI,task_score_diff,63.860833545
SS1651869024622,US,SSI,SSI,SSI,task_score_ratio,1.52816693681759
SS1651869024622,US,SSI,SSI,SSI,task_score_diff,26.6688830571429
SS1651869038791,US,SSI,SSI,SSI,task_score_ratio,1.44718227185136
SS1651869038791,US,SSI,SSI,SSI,task_score_diff,25.2891315671429
SS1651869076619,US,SSI,SSI,SSI,task_score_ratio,1.96593231073056
SS1651869076619,US,SSI,SSI,SSI,task_score_diff,47.601255554
SS1651869107778,US,SSI,SSI,SSI,task_score_ratio,1.15693032371182
SS1651869107778,US,SSI,SSI,SSI,task_score_diff,10.2174926042857
SS1651869117517,US,SSI,SSI,SSI,task_score_ratio,1.36041207677928
SS1651869117517,US,SSI,SSI,SSI,task_score_diff,9.93040631375
SS1651869119140,US,SSI,SSI,SSI,task_score_ratio,0.84730181247031
SS1651869119140,US,SSI,SSI,SSI,task_score_diff,-8.21915961
SS1651869128913,US,SSI,SSI,SSI,task_score_ratio,1.04954538810409
SS1651869128913,US,SSI,SSI,SSI,task_score_diff,2.007248875
SS1651869192697,US,SSI,SSI,SSI,task_score_ratio,3.47688886909937
SS1651869192697,US,SSI,SSI,SSI,task_score_diff,92.2176066533333
SS1651869198002,US,SSI,SSI,SSI,task_score_ratio,1.12391948355881
SS1651869198002,US,SSI,SSI,SSI,task_score_diff,4.77170167142857
SS1651869512955,US,SSI,SSI,SSI,task_score_ratio,0.599649782643233
SS1651869512955,US,SSI,SSI,SSI,task_score_diff,-5.38268625325
SS1651869609511,US,SSI,SSI,SSI,task_score_ratio,2.85709769914099
SS1651869609511,US,SSI,SSI,SSI,task_score_diff,96.733503635
SS1651869808693,US,SSI,SSI,SSI,task_score_ratio,1.25821900278914
SS1651869808693,US,SSI,SSI,SSI,task_score_diff,14.6919314883333
SS1651869849200,US,SSI,SSI,SSI,task_score_ratio,1.24250709856391
SS1651869849200,US,SSI,SSI,SSI,task_score_diff,16.172511795
SS1651870014949,US,SSI,SSI,SSI,task_score_ratio,1.36476438909275
SS1651870014949,US,SSI,SSI,SSI,task_score_diff,21.03829088
SS1651870238624,US,SSI,SSI,SSI,task_score_ratio,1.71881006275636
SS1651870238624,US,SSI,SSI,SSI,task_score_diff,23.68663896
SS1651870376242,US,SSI,SSI,SSI,task_score_ratio,1.01583150327942
SS1651870376242,US,SSI,SSI,SSI,task_score_diff,1.27852142500001
SS1651870443746,US,SSI,SSI,SSI,task_score_ratio,0.924097947997251
SS1651870443746,US,SSI,SSI,SSI,task_score_diff,-6.282224386
SS1651871550730,US,SSI,SSI,SSI,task_score_ratio,0.904031532052433
SS1651871550730,US,SSI,SSI,SSI,task_score_diff,-3.91628280368421
SS1651871841115,US,SSI,SSI,SSI,task_score_ratio,1.19475606920857
SS1651871841115,US,SSI,SSI,SSI,task_score_diff,14.3151289875
SS1651871889261,US,SSI,SSI,SSI,task_score_ratio,1.42806375824534
SS1651871889261,US,SSI,SSI,SSI,task_score_diff,30.910724928
SS1651872480719,US,SSI,SSI,SSI,task_score_ratio,1.61936886732332
SS1651872480719,US,SSI,SSI,SSI,task_score_diff,60.93855755
SS1651873359386,US,SSI,SSI,SSI,task_score_ratio,1.57135285557639
SS1651873359386,US,SSI,SSI,SSI,task_score_diff,27.7510006766667
SS1651878926426,US,SSI,SSI,SSI,task_score_ratio,1.06568183470903
SS1651878926426,US,SSI,SSI,SSI,task_score_diff,2.841169735
SS1651878928252,US,SSI,SSI,SSI,task_score_ratio,1.16699399721519
SS1651878928252,US,SSI,SSI,SSI,task_score_diff,13.77383734
SS1651616817210,US,FD,FD,media/images/free_description/06-train-red.jpg,first_mention_focal,1
SS1651616817210,US,FD,FD,media/images/free_description/07-train-green.jpg,first_mention_focal,1
SS1651616817210,US,FD,FD,media/images/free_description/04-squirrel.jpg,first_mention_focal,1
SS1651616817210,US,FD,FD,media/images/free_description/05-tiger.jpg,first_mention_focal,1
SS1651616817210,US,FD,FD,media/images/free_description/02-bike.jpg,first_mention_focal,1
SS1651616817210,US,FD,FD,media/images/free_description/03-plane.jpg,first_mention_focal,1
SS1651616817210,US,FD,FD,media/images/free_description/01-boat-river.jpg,first_mention_focal,0
SS1651616819170,US,FD,FD,media/images/free_description/03-plane.jpg,first_mention_focal,1
SS1651616819170,US,FD,FD,media/images/free_description/04-squirrel.jpg,first_mention_focal,1
SS1651616819170,US,FD,FD,media/images/free_description/07-train-green.jpg,first_mention_focal,1
SS1651616819170,US,FD,FD,media/images/free_description/01-boat-river.jpg,first_mention_focal,1
SS1651616819170,US,FD,FD,media/images/free_description/02-bike.jpg,first_mention_focal,1
SS1651616819170,US,FD,FD,media/images/free_description/06-train-red.jpg,first_mention_focal,1
SS1651616819170,US,FD,FD,media/images/free_description/05-tiger.jpg,first_mention_focal,1
SS1651616823657,US,FD,FD,media/images/free_description/06-train-red.jpg,first_mention_focal,1
SS1651616823657,US,FD,FD,media/images/free_description/05-tiger.jpg,first_mention_focal,1
SS1651616823657,US,FD,FD,media/images/free_description/04-squirrel.jpg,first_mention_focal,1
SS1651616823657,US,FD,FD,media/images/free_description/07-train-green.jpg,first_mention_focal,1
SS1651616823657,US,FD,FD,media/images/free_description/03-plane.jpg,first_mention_focal,1
SS1651616823657,US,FD,FD,media/images/free_description/01-boat-river.jpg,first_mention_focal,1
SS1651616823657,US,FD,FD,media/images/free_description/02-bike.jpg,first_mention_focal,1
SS1651616824013,US,FD,FD,media/images/free_description/06-train-red.jpg,first_mention_focal,1
SS1651616824013,US,FD,FD,media/images/free_description/02-bike.jpg,first_mention_focal,1
SS1651616824013,US,FD,FD,media/images/free_description/07-train-green.jpg,first_mention_focal,1
SS1651616824013,US,FD,FD,media/images/free_description/03-plane.jpg,first_mention_focal,1
SS1651616824013,US,FD,FD,media/images/free_description/05-tiger.jpg,first_mention_focal,1
SS1651616824013,US,FD,FD,media/images/free_description/04-squirrel.jpg,first_mention_focal,1
SS1651616824013,US,FD,FD,media/images/free_description/01-boat-river.jpg,first_mention_focal,1
SS1651616827589,US,FD,FD,media/images/free_description/04-squirrel.jpg,first_mention_focal,1
SS1651616827589,US,FD,FD,media/images/free_description/05-tiger.jpg,first_mention_focal,1
SS1651616827589,US,FD,FD,media/images/free_description/03-plane.jpg,first_mention_focal,1
SS1651616827589,US,FD,FD,media/images/free_description/07-train-green.jpg,first_mention_focal,1
SS1651616827589,US,FD,FD,media/images/free_description/06-train-red.jpg,first_mention_focal,1
SS1651616827589,US,FD,FD,media/images/free_description/01-boat-river.jpg,first_mention_focal,1
SS1651616827589,US,FD,FD,media/images/free_description/02-bike.jpg,first_mention_focal,1
SS1651616829561,US,FD,FD,media/images/free_description/04-squirrel.jpg,first_mention_focal,1
SS1651616829561,US,FD,FD,media/images/free_description/06-train-red.jpg,first_mention_focal,1
SS1651616829561,US,FD,FD,media/images/free_description/03-plane.jpg,first_mention_focal,1
SS1651616829561,US,FD,FD,media/images/free_description/07-train-green.jpg,first_mention_focal,1
SS1651616829561,US,FD,FD,media/images/free_description/05-tiger.jpg,first_mention_focal,1
SS1651616829561,US,FD,FD,media/images/free_description/02-bike.jpg,first_mention_focal,1
SS1651616829561,US,FD,FD,media/images/free_description/01-boat-river.jpg,first_mention_focal,1
SS1651616834023,US,FD,FD,media/images/free_description/04-squirrel.jpg,first_mention_focal,1
SS1651616834023,US,FD,FD,media/images/free_description/07-train-green.jpg,first_mention_focal,1
SS1651616834023,US,FD,FD,media/images/free_description/03-plane.jpg,first_mention_focal,1
SS1651616834023,US,FD,FD,media/images/free_description/05-tiger.jpg,first_mention_focal,1
SS1651616834023,US,FD,FD,media/images/free_description/01-boat-river.jpg,first_mention_focal,0
SS1651616834023,US,FD,FD,media/images/free_description/02-bike.jpg,first_mention_focal,1
SS1651616834023,US,FD,FD,media/images/free_description/06-train-red.jpg,first_mention_focal,1
SS1651616835091,US,FD,FD,media/images/free_description/06-train-red.jpg,first_mention_focal,1
SS1651616835091,US,FD,FD,media/images/free_description/04-squirrel.jpg,first_mention_focal,1
SS1651616835091,US,FD,FD,media/images/free_description/03-plane.jpg,first_mention_focal,1
SS1651616835091,US,FD,FD,media/images/free_description/05-tiger.jpg,first_mention_focal,1
SS1651616835091,US,FD,FD,media/images/free_description/02-bike.jpg,first_mention_focal,1
SS1651616835091,US,FD,FD,media/images/free_description/07-train-green.jpg,first_mention_focal,1
SS1651616835091,US,FD,FD,media/images/free_description/01-boat-river.jpg,first_mention_focal,1
SS1651616837719,US,FD,FD,media/images/free_description/01-boat-river.jpg,first_mention_focal,1
SS1651616837719,US,FD,FD,media/images/free_description/02-bike.jpg,first_mention_focal,1
SS1651616837719,US,FD,FD,media/images/free_description/04-squirrel.jpg,first_mention_focal,1
SS1651616837719,US,FD,FD,media/images/free_description/07-train-green.jpg,first_mention_focal,1
SS1651616837719,US,FD,FD,media/images/free_description/05-tiger.jpg,first_mention_focal,1
SS1651616837719,US,FD,FD,media/images/free_description/03-plane.jpg,first_mention_focal,1
SS1651616837719,US,FD,FD,media/images/free_description/06-train-red.jpg,first_mention_focal,1
SS1651616838947,US,FD,FD,media/images/free_description/05-tiger.jpg,first_mention_focal,1
SS1651616838947,US,FD,FD,media/images/free_description/01-boat-river.jpg,first_mention_focal,1
SS1651616838947,US,FD,FD,media/images/free_description/07-train-green.jpg,first_mention_focal,1
SS1651616838947,US,FD,FD,media/images/free_description/06-train-red.jpg,first_mention_focal,1
SS1651616838947,US,FD,FD,media/images/free_description/04-squirrel.jpg,first_mention_focal,1
SS1651616838947,US,FD,FD,media/images/free_description/03-plane.jpg,first_mention_focal,1
SS1651616838947,US,FD,FD,media/images/free_description/02-bike.jpg,first_mention_focal,1
SS1651616839031,US,FD,FD,media/images/free_description/07-train-green.jpg,first_mention_focal,1
SS1651616839031,US,FD,FD,media/images/free_description/05-tiger.jpg,first_mention_focal,1
SS1651616839031,US,FD,FD,media/images/free_description/04-squirrel.jpg,first_mention_focal,1
SS1651616839031,US,FD,FD,media/images/free_description/02-bike.jpg,first_mention_focal,1
SS1651616839031,US,FD,FD,media/images/free_description/03-plane.jpg,first_mention_focal,1
SS1651616839031,US,FD,FD,media/images/free_description/06-train-red.jpg,first_mention_focal,1
SS1651616839031,US,FD,FD,media/images/free_description/01-boat-river.jpg,first_mention_focal,1
SS1651616839120,US,FD,FD,media/images/free_description/03-plane.jpg,first_mention_focal,1
SS1651616839120,US,FD,FD,media/images/free_description/05-tiger.jpg,first_mention_focal,1
SS1651616839120,US,FD,FD,media/images/free_description/04-squirrel.jpg,first_mention_focal,1
SS1651616839120,US,FD,FD,media/images/free_description/06-train-red.jpg,first_mention_focal,1
SS1651616839120,US,FD,FD,media/images/free_description/02-bike.jpg,first_mention_focal,1
SS1651616839120,US,FD,FD,media/images/free_description/07-train-green.jpg,first_mention_focal,1
SS1651616839120,US,FD,FD,media/images/free_description/01-boat-river.jpg,first_mention_focal,1
SS1651616839551,US,FD,FD,media/images/free_description/01-boat-river.jpg,first_mention_focal,1
SS1651616839551,US,FD,FD,media/images/free_description/04-squirrel.jpg,first_mention_focal,1
SS1651616839551,US,FD,FD,media/images/free_description/03-plane.jpg,first_mention_focal,1
SS1651616839551,US,FD,FD,media/images/free_description/02-bike.jpg,first_mention_focal,1
SS1651616839551,US,FD,FD,media/images/free_description/07-train-green.jpg,first_mention_focal,1
SS1651616839551,US,FD,FD,media/images/free_description/06-train-red.jpg,first_mention_focal,1
SS1651616839551,US,FD,FD,media/images/free_description/05-tiger.jpg,first_mention_focal,1
SS1651616839622,US,FD,FD,media/images/free_description/05-tiger.jpg,first_mention_focal,1
SS1651616839622,US,FD,FD,media/images/free_description/02-bike.jpg,first_mention_focal,1
SS1651616839622,US,FD,FD,media/images/free_description/07-train-green.jpg,first_mention_focal,1
SS1651616839622,US,FD,FD,media/images/free_description/06-train-red.jpg,first_mention_focal,1
SS1651616839622,US,FD,FD,media/images/free_description/01-boat-river.jpg,first_mention_focal,1
SS1651616839622,US,FD,FD,media/images/free_description/04-squirrel.jpg,first_mention_focal,1
SS1651616839622,US,FD,FD,media/images/free_description/03-plane.jpg,first_mention_focal,1
SS1651616840889,US,FD,FD,media/images/free_description/02-bike.jpg,first_mention_focal,1
SS1651616840889,US,FD,FD,media/images/free_description/01-boat-river.jpg,first_mention_focal,1
SS1651616840889,US,FD,FD,media/images/free_description/04-squirrel.jpg,first_mention_focal,1
SS1651616840889,US,FD,FD,media/images/free_description/07-train-green.jpg,first_mention_focal,1
SS1651616840889,US,FD,FD,media/images/free_description/05-tiger.jpg,first_mention_focal,1
SS1651616840889,US,FD,FD,media/images/free_description/06-train-red.jpg,first_mention_focal,1
SS1651616840889,US,FD,FD,media/images/free_description/03-plane.jpg,first_mention_focal,1
SS1651616841722,US,FD,FD,media/images/free_description/02-bike.jpg,first_mention_focal,1
SS1651616841722,US,FD,FD,media/images/free_description/01-boat-river.jpg,first_mention_focal,1
SS1651616841722,US,FD,FD,media/images/free_description/03-plane.jpg,first_mention_focal,1
SS1651616841722,US,FD,FD,media/images/free_description/07-train-green.jpg,first_mention_focal,1
SS1651616841722,US,FD,FD,media/images/free_description/05-tiger.jpg,first_mention_focal,1
SS1651616841722,US,FD,FD,media/images/free_description/04-squirrel.jpg,first_mention_focal,1
SS1651616841722,US,FD,FD,media/images/free_description/06-train-red.jpg,first_mention_focal,1
SS1651616841972,US,FD,FD,media/images/free_description/07-train-green.jpg,first_mention_focal,1
SS1651616841972,US,FD,FD,media/images/free_description/05-tiger.jpg,first_mention_focal,1
SS1651616841972,US,FD,FD,media/images/free_description/01-boat-river.jpg,first_mention_focal,0
SS1651616841972,US,FD,FD,media/images/free_description/04-squirrel.jpg,first_mention_focal,1
SS1651616841972,US,FD,FD,media/images/free_description/03-plane.jpg,first_mention_focal,1
SS1651616841972,US,FD,FD,media/images/free_description/06-train-red.jpg,first_mention_focal,1
SS1651616841972,US,FD,FD,media/images/free_description/02-bike.jpg,first_mention_focal,1
SS1651616843053,US,FD,FD,media/images/free_description/06-train-red.jpg,first_mention_focal,1
SS1651616843053,US,FD,FD,media/images/free_description/04-squirrel.jpg,first_mention_focal,1
SS1651616843053,US,FD,FD,media/images/free_description/02-bike.jpg,first_mention_focal,1
SS1651616843053,US,FD,FD,media/images/free_description/07-train-green.jpg,first_mention_focal,1
SS1651616843053,US,FD,FD,media/images/free_description/05-tiger.jpg,first_mention_focal,1
SS1651616843053,US,FD,FD,media/images/free_description/01-boat-river.jpg,first_mention_focal,1
SS1651616843053,US,FD,FD,media/images/free_description/03-plane.jpg,first_mention_focal,1
SS1651616844450,US,FD,FD,media/images/free_description/05-tiger.jpg,first_mention_focal,1
SS1651616844450,US,FD,FD,media/images/free_description/01-boat-river.jpg,first_mention_focal,1
SS1651616844450,US,FD,FD,media/images/free_description/03-plane.jpg,first_mention_focal,1
SS1651616844450,US,FD,FD,media/images/free_description/07-train-green.jpg,first_mention_focal,1
SS1651616844450,US,FD,FD,media/images/free_description/06-train-red.jpg,first_mention_focal,1
SS1651616844450,US,FD,FD,media/images/free_description/04-squirrel.jpg,first_mention_focal,1
SS1651616844684,US,FD,FD,media/images/free_description/02-bike.jpg,first_mention_focal,1
SS1651616844684,US,FD,FD,media/images/free_description/05-tiger.jpg,first_mention_focal,1
SS1651616844684,US,FD,FD,media/images/free_description/06-train-red.jpg,first_mention_focal,1
SS1651616844684,US,FD,FD,media/images/free_description/01-boat-river.jpg,first_mention_focal,1
SS1651616844684,US,FD,FD,media/images/free_description/07-train-green.jpg,first_mention_focal,1
SS1651616844684,US,FD,FD,media/images/free_description/04-squirrel.jpg,first_mention_focal,1
SS1651616844684,US,FD,FD,media/images/free_description/03-plane.jpg,first_mention_focal,1
SS1651616844911,US,FD,FD,media/images/free_description/05-tiger.jpg,first_mention_focal,1
SS1651616844911,US,FD,FD,media/images/free_description/02-bike.jpg,first_mention_focal,1
SS1651616844911,US,FD,FD,media/images/free_description/07-train-green.jpg,first_mention_focal,1
SS1651616844911,US,FD,FD,media/images/free_description/01-boat-river.jpg,first_mention_focal,1
SS1651616844911,US,FD,FD,media/images/free_description/06-train-red.jpg,first_mention_focal,1
SS1651616844911,US,FD,FD,media/images/free_description/03-plane.jpg,first_mention_focal,1
SS1651616844911,US,FD,FD,media/images/free_description/04-squirrel.jpg,first_mention_focal,1
SS1651616846951,US,FD,FD,media/images/free_description/03-plane.jpg,first_mention_focal,1
SS1651616846951,US,FD,FD,media/images/free_description/06-train-red.jpg,first_mention_focal,1
SS1651616846951,US,FD,FD,media/images/free_description/05-tiger.jpg,first_mention_focal,1
SS1651616846951,US,FD,FD,media/images/free_description/02-bike.jpg,first_mention_focal,1
SS1651616846951,US,FD,FD,media/images/free_description/07-train-green.jpg,first_mention_focal,1
SS1651616846951,US,FD,FD,media/images/free_description/01-boat-river.jpg,first_mention_focal,0
SS1651616846951,US,FD,FD,media/images/free_description/04-squirrel.jpg,first_mention_focal,1
SS1651616850845,US,FD,FD,media/images/free_description/01-boat-river.jpg,first_mention_focal,0
SS1651616850845,US,FD,FD,media/images/free_description/04-squirrel.jpg,first_mention_focal,0
SS1651616850845,US,FD,FD,media/images/free_description/07-train-green.jpg,first_mention_focal,1
SS1651616850845,US,FD,FD,media/images/free_description/02-bike.jpg,first_mention_focal,1
SS1651616850845,US,FD,FD,media/images/free_description/05-tiger.jpg,first_mention_focal,1
SS1651616850845,US,FD,FD,media/images/free_description/03-plane.jpg,first_mention_focal,1
SS1651616850845,US,FD,FD,media/images/free_description/06-train-red.jpg,first_mention_focal,1
SS1651616854167,US,FD,FD,media/images/free_description/06-train-red.jpg,first_mention_focal,1
SS1651616854167,US,FD,FD,media/images/free_description/03-plane.jpg,first_mention_focal,1
SS1651616854167,US,FD,FD,media/images/free_description/04-squirrel.jpg,first_mention_focal,1
SS1651616854167,US,FD,FD,media/images/free_description/02-bike.jpg,first_mention_focal,1
SS1651616854167,US,FD,FD,media/images/free_description/07-train-green.jpg,first_mention_focal,1
SS1651616854167,US,FD,FD,media/images/free_description/05-tiger.jpg,first_mention_focal,1
SS1651616854167,US,FD,FD,media/images/free_description/01-boat-river.jpg,first_mention_focal,1
SS1651616854402,US,FD,FD,media/images/free_description/03-plane.jpg,first_mention_focal,1
SS1651616854402,US,FD,FD,media/images/free_description/06-train-red.jpg,first_mention_focal,1
SS1651616854402,US,FD,FD,media/images/free_description/04-squirrel.jpg,first_mention_focal,1
SS1651616854402,US,FD,FD,media/images/free_description/07-train-green.jpg,first_mention_focal,1
SS1651616854402,US,FD,FD,media/images/free_description/05-tiger.jpg,first_mention_focal,1
SS1651616854402,US,FD,FD,media/images/free_description/02-bike.jpg,first_mention_focal,1
SS1651616854402,US,FD,FD,media/images/free_description/01-boat-river.jpg,first_mention_focal,1
SS1651616857792,US,FD,FD,media/images/free_description/06-train-red.jpg,first_mention_focal,1
SS1651616857792,US,FD,FD,media/images/free_description/04-squirrel.jpg,first_mention_focal,1
SS1651616857792,US,FD,FD,media/images/free_description/01-boat-river.jpg,first_mention_focal,1
SS1651616857792,US,FD,FD,media/images/free_description/05-tiger.jpg,first_mention_focal,1
SS1651616857792,US,FD,FD,media/images/free_description/02-bike.jpg,first_mention_focal,1
SS1651616857792,US,FD,FD,media/images/free_description/03-plane.jpg,first_mention_focal,1
SS1651616857792,US,FD,FD,media/images/free_description/07-train-green.jpg,first_mention_focal,1
SS1651616858489,US,FD,FD,media/images/free_description/02-bike.jpg,first_mention_focal,1
SS1651616858489,US,FD,FD,media/images/free_description/06-train-red.jpg,first_mention_focal,1
SS1651616858489,US,FD,FD,media/images/free_description/03-plane.jpg,first_mention_focal,1
SS1651616858489,US,FD,FD,media/images/free_description/04-squirrel.jpg,first_mention_focal,1
SS1651616858489,US,FD,FD,media/images/free_description/07-train-green.jpg,first_mention_focal,1
SS1651616858489,US,FD,FD,media/images/free_description/01-boat-river.jpg,first_mention_focal,1
SS1651616858633,US,FD,FD,media/images/free_description/04-squirrel.jpg,first_mention_focal,1
SS1651616858633,US,FD,FD,media/images/free_description/02-bike.jpg,first_mention_focal,1
SS1651616858633,US,FD,FD,media/images/free_description/07-train-green.jpg,first_mention_focal,1
SS1651616858633,US,FD,FD,media/images/free_description/03-plane.jpg,first_mention_focal,1
SS1651616858633,US,FD,FD,media/images/free_description/05-tiger.jpg,first_mention_focal,1
SS1651616858633,US,FD,FD,media/images/free_description/01-boat-river.jpg,first_mention_focal,1
SS1651616858633,US,FD,FD,media/images/free_description/06-train-red.jpg,first_mention_focal,1
SS1651616860080,US,FD,FD,media/images/free_description/01-boat-river.jpg,first_mention_focal,0
SS1651616860080,US,FD,FD,media/images/free_description/05-tiger.jpg,first_mention_focal,1
SS1651616860080,US,FD,FD,media/images/free_description/04-squirrel.jpg,first_mention_focal,1
SS1651616860080,US,FD,FD,media/images/free_description/07-train-green.jpg,first_mention_focal,1
SS1651616860080,US,FD,FD,media/images/free_description/03-plane.jpg,first_mention_focal,1
SS1651616860080,US,FD,FD,media/images/free_description/02-bike.jpg,first_mention_focal,1
SS1651616860080,US,FD,FD,media/images/free_description/06-train-red.jpg,first_mention_focal,1
SS1651616860708,US,FD,FD,media/images/free_description/01-boat-river.jpg,first_mention_focal,0
SS1651616860708,US,FD,FD,media/images/free_description/06-train-red.jpg,first_mention_focal,1
SS1651616860708,US,FD,FD,media/images/free_description/07-train-green.jpg,first_mention_focal,1
SS1651616860708,US,FD,FD,media/images/free_description/02-bike.jpg,first_mention_focal,1
SS1651616860708,US,FD,FD,media/images/free_description/04-squirrel.jpg,first_mention_focal,1
SS1651616860708,US,FD,FD,media/images/free_description/05-tiger.jpg,first_mention_focal,1
SS1651616861546,US,FD,FD,media/images/free_description/04-squirrel.jpg,first_mention_focal,1
SS1651616861546,US,FD,FD,media/images/free_description/01-boat-river.jpg,first_mention_focal,1
SS1651616861546,US,FD,FD,media/images/free_description/05-tiger.jpg,first_mention_focal,1
SS1651616861546,US,FD,FD,media/images/free_description/07-train-green.jpg,first_mention_focal,1
SS1651616861546,US,FD,FD,media/images/free_description/06-train-red.jpg,first_mention_focal,1
SS1651616861546,US,FD,FD,media/images/free_description/03-plane.jpg,first_mention_focal,1
SS1651616861546,US,FD,FD,media/images/free_description/02-bike.jpg,first_mention_focal,1
SS1651616863114,US,FD,FD,media/images/free_description/01-boat-river.jpg,first_mention_focal,1
SS1651616863114,US,FD,FD,media/images/free_description/02-bike.jpg,first_mention_focal,1
SS1651616863114,US,FD,FD,media/images/free_description/04-squirrel.jpg,first_mention_focal,1
SS1651616863114,US,FD,FD,media/images/free_description/05-tiger.jpg,first_mention_focal,1
SS1651616863114,US,FD,FD,media/images/free_description/07-train-green.jpg,first_mention_focal,1
SS1651616863114,US,FD,FD,media/images/free_description/06-train-red.jpg,first_mention_focal,1
SS1651616863114,US,FD,FD,media/images/free_description/03-plane.jpg,first_mention_focal,0
SS1651616863145,US,FD,FD,media/images/free_description/02-bike.jpg,first_mention_focal,1
SS1651616863145,US,FD,FD,media/images/free_description/05-tiger.jpg,first_mention_focal,1
SS1651616863145,US,FD,FD,media/images/free_description/07-train-green.jpg,first_mention_focal,1
SS1651616863145,US,FD,FD,media/images/free_description/01-boat-river.jpg,first_mention_focal,1
SS1651616863145,US,FD,FD,media/images/free_description/06-train-red.jpg,first_mention_focal,1
SS1651616863145,US,FD,FD,media/images/free_description/03-plane.jpg,first_mention_focal,1
SS1651616863145,US,FD,FD,media/images/free_description/04-squirrel.jpg,first_mention_focal,1
SS1651616876627,US,FD,FD,media/images/free_description/01-boat-river.jpg,first_mention_focal,1
SS1651616876627,US,FD,FD,media/images/free_description/06-train-red.jpg,first_mention_focal,1
SS1651616876627,US,FD,FD,media/images/free_description/05-tiger.jpg,first_mention_focal,1
SS1651616876627,US,FD,FD,media/images/free_description/03-plane.jpg,first_mention_focal,1
SS1651616876627,US,FD,FD,media/images/free_description/02-bike.jpg,first_mention_focal,1
SS1651616876627,US,FD,FD,media/images/free_description/04-squirrel.jpg,first_mention_focal,1
SS1651616876627,US,FD,FD,media/images/free_description/07-train-green.jpg,first_mention_focal,1
SS1651616909217,US,FD,FD,media/images/free_description/01-boat-river.jpg,first_mention_focal,1
SS1651616909217,US,FD,FD,media/images/free_description/03-plane.jpg,first_mention_focal,1
SS1651616909217,US,FD,FD,media/images/free_description/02-bike.jpg,first_mention_focal,1
SS1651616909217,US,FD,FD,media/images/free_description/06-train-red.jpg,first_mention_focal,1
SS1651616909217,US,FD,FD,media/images/free_description/07-train-green.jpg,first_mention_focal,1
SS1651616909217,US,FD,FD,media/images/free_description/05-tiger.jpg,first_mention_focal,1
SS1651616909217,US,FD,FD,media/images/free_description/04-squirrel.jpg,first_mention_focal,1
SS1651616969092,US,FD,FD,media/images/free_description/04-squirrel.jpg,first_mention_focal,1
SS1651616969092,US,FD,FD,media/images/free_description/02-bike.jpg,first_mention_focal,1
SS1651616969092,US,FD,FD,media/images/free_description/07-train-green.jpg,first_mention_focal,1
SS1651616969092,US,FD,FD,media/images/free_description/03-plane.jpg,first_mention_focal,1
SS1651616969092,US,FD,FD,media/images/free_description/06-train-red.jpg,first_mention_focal,1
SS1651616969092,US,FD,FD,media/images/free_description/01-boat-river.jpg,first_mention_focal,1
SS1651616969092,US,FD,FD,media/images/free_description/05-tiger.jpg,first_mention_focal,1
SS1651616982939,US,FD,FD,media/images/free_description/02-bike.jpg,first_mention_focal,1
SS1651616982939,US,FD,FD,media/images/free_description/04-squirrel.jpg,first_mention_focal,1
SS1651616982939,US,FD,FD,media/images/free_description/03-plane.jpg,first_mention_focal,1
SS1651616982939,US,FD,FD,media/images/free_description/06-train-red.jpg,first_mention_focal,1
SS1651616982939,US,FD,FD,media/images/free_description/07-train-green.jpg,first_mention_focal,1
SS1651616982939,US,FD,FD,media/images/free_description/01-boat-river.jpg,first_mention_focal,1
SS1651616982939,US,FD,FD,media/images/free_description/05-tiger.jpg,first_mention_focal,1
SS1651617013503,US,FD,FD,media/images/free_description/05-tiger.jpg,first_mention_focal,1
SS1651617013503,US,FD,FD,media/images/free_description/03-plane.jpg,first_mention_focal,1
SS1651617013503,US,FD,FD,media/images/free_description/07-train-green.jpg,first_mention_focal,1
SS1651617013503,US,FD,FD,media/images/free_description/04-squirrel.jpg,first_mention_focal,1
SS1651617013503,US,FD,FD,media/images/free_description/02-bike.jpg,first_mention_focal,1
SS1651617013503,US,FD,FD,media/images/free_description/06-train-red.jpg,first_mention_focal,1
SS1651617013503,US,FD,FD,media/images/free_description/01-boat-river.jpg,first_mention_focal,1
SS1651617071100,US,FD,FD,media/images/free_description/07-train-green.jpg,first_mention_focal,1
SS1651617071100,US,FD,FD,media/images/free_description/01-boat-river.jpg,first_mention_focal,1
SS1651617071100,US,FD,FD,media/images/free_description/03-plane.jpg,first_mention_focal,1
SS1651617071100,US,FD,FD,media/images/free_description/05-tiger.jpg,first_mention_focal,1
SS1651617071100,US,FD,FD,media/images/free_description/04-squirrel.jpg,first_mention_focal,1
SS1651617071100,US,FD,FD,media/images/free_description/06-train-red.jpg,first_mention_focal,1
SS1651617071100,US,FD,FD,media/images/free_description/02-bike.jpg,first_mention_focal,1
SS1651617143573,US,FD,FD,media/images/free_description/06-train-red.jpg,first_mention_focal,1
SS1651617143573,US,FD,FD,media/images/free_description/01-boat-river.jpg,first_mention_focal,1
SS1651617143573,US,FD,FD,media/images/free_description/07-train-green.jpg,first_mention_focal,1
SS1651617143573,US,FD,FD,media/images/free_description/02-bike.jpg,first_mention_focal,1
SS1651617143573,US,FD,FD,media/images/free_description/04-squirrel.jpg,first_mention_focal,1
SS1651617143573,US,FD,FD,media/images/free_description/03-plane.jpg,first_mention_focal,1
SS1651617143573,US,FD,FD,media/images/free_description/05-tiger.jpg,first_mention_focal,1
SS1651617282312,US,FD,FD,media/images/free_description/03-plane.jpg,first_mention_focal,1
SS1651617282312,US,FD,FD,media/images/free_description/02-bike.jpg,first_mention_focal,1
SS1651617282312,US,FD,FD,media/images/free_description/07-train-green.jpg,first_mention_focal,1
SS1651617282312,US,FD,FD,media/images/free_description/05-tiger.jpg,first_mention_focal,1
SS1651617282312,US,FD,FD,media/images/free_description/06-train-red.jpg,first_mention_focal,1
SS1651617282312,US,FD,FD,media/images/free_description/01-boat-river.jpg,first_mention_focal,1
SS1651617282312,US,FD,FD,media/images/free_description/04-squirrel.jpg,first_mention_focal,1
SS1651617310480,US,FD,FD,media/images/free_description/07-train-green.jpg,first_mention_focal,1
SS1651617310480,US,FD,FD,media/images/free_description/05-tiger.jpg,first_mention_focal,1
SS1651617310480,US,FD,FD,media/images/free_description/06-train-red.jpg,first_mention_focal,1
SS1651617310480,US,FD,FD,media/images/free_description/02-bike.jpg,first_mention_focal,1
SS1651617310480,US,FD,FD,media/images/free_description/04-squirrel.jpg,first_mention_focal,1
SS1651617310480,US,FD,FD,media/images/free_description/03-plane.jpg,first_mention_focal,1
SS1651617310480,US,FD,FD,media/images/free_description/01-boat-river.jpg,first_mention_focal,1
SS1651624230659,US,FD,FD,media/images/free_description/07-train-green.jpg,first_mention_focal,1
SS1651624230659,US,FD,FD,media/images/free_description/04-squirrel.jpg,first_mention_focal,1
SS1651624230659,US,FD,FD,media/images/free_description/03-plane.jpg,first_mention_focal,1
SS1651624230659,US,FD,FD,media/images/free_description/06-train-red.jpg,first_mention_focal,1
SS1651624230659,US,FD,FD,media/images/free_description/05-tiger.jpg,first_mention_focal,1
SS1651624230659,US,FD,FD,media/images/free_description/02-bike.jpg,first_mention_focal,1
SS1651678198123,US,FD,FD,media/images/free_description/05-tiger.jpg,first_mention_focal,1
SS1651678198123,US,FD,FD,media/images/free_description/02-bike.jpg,first_mention_focal,1
SS1651678198123,US,FD,FD,media/images/free_description/04-squirrel.jpg,first_mention_focal,1
SS1651678198123,US,FD,FD,media/images/free_description/01-boat-river.jpg,first_mention_focal,1
SS1651678198123,US,FD,FD,media/images/free_description/06-train-red.jpg,first_mention_focal,1
SS1651678198123,US,FD,FD,media/images/free_description/07-train-green.jpg,first_mention_focal,1
SS1651678198123,US,FD,FD,media/images/free_description/03-plane.jpg,first_mention_focal,1
SS1651678202019,US,FD,FD,media/images/free_description/07-train-green.jpg,first_mention_focal,1
SS1651678202019,US,FD,FD,media/images/free_description/03-plane.jpg,first_mention_focal,1
SS1651678202019,US,FD,FD,media/images/free_description/06-train-red.jpg,first_mention_focal,1
SS1651678202019,US,FD,FD,media/images/free_description/04-squirrel.jpg,first_mention_focal,1
SS1651678202019,US,FD,FD,media/images/free_description/05-tiger.jpg,first_mention_focal,1
SS1651678202019,US,FD,FD,media/images/free_description/02-bike.jpg,first_mention_focal,0
SS1651678202019,US,FD,FD,media/images/free_description/01-boat-river.jpg,first_mention_focal,1
SS1651678206055,US,FD,FD,media/images/free_description/06-train-red.jpg,first_mention_focal,1
SS1651678206055,US,FD,FD,media/images/free_description/05-tiger.jpg,first_mention_focal,1
SS1651678206055,US,FD,FD,media/images/free_description/02-bike.jpg,first_mention_focal,1
SS1651678206055,US,FD,FD,media/images/free_description/04-squirrel.jpg,first_mention_focal,1
SS1651678206055,US,FD,FD,media/images/free_description/01-boat-river.jpg,first_mention_focal,1
SS1651678206055,US,FD,FD,media/images/free_description/03-plane.jpg,first_mention_focal,1
SS1651678206055,US,FD,FD,media/images/free_description/07-train-green.jpg,first_mention_focal,1
SS1651678216185,US,FD,FD,media/images/free_description/02-bike.jpg,first_mention_focal,0
SS1651678216185,US,FD,FD,media/images/free_description/04-squirrel.jpg,first_mention_focal,0
SS1651678216185,US,FD,FD,media/images/free_description/01-boat-river.jpg,first_mention_focal,1
SS1651678216185,US,FD,FD,media/images/free_description/05-tiger.jpg,first_mention_focal,1
SS1651678216185,US,FD,FD,media/images/free_description/06-train-red.jpg,first_mention_focal,1
SS1651678216185,US,FD,FD,media/images/free_description/07-train-green.jpg,first_mention_focal,1
SS1651678216437,US,FD,FD,media/images/free_description/07-train-green.jpg,first_mention_focal,1
SS1651678216437,US,FD,FD,media/images/free_description/06-train-red.jpg,first_mention_focal,1
SS1651678216437,US,FD,FD,media/images/free_description/02-bike.jpg,first_mention_focal,1
SS1651678216437,US,FD,FD,media/images/free_description/04-squirrel.jpg,first_mention_focal,1
SS1651678216437,US,FD,FD,media/images/free_description/01-boat-river.jpg,first_mention_focal,1
SS1651678216437,US,FD,FD,media/images/free_description/03-plane.jpg,first_mention_focal,1
SS1651678216437,US,FD,FD,media/images/free_description/05-tiger.jpg,first_mention_focal,1
SS1651678218891,US,FD,FD,media/images/free_description/02-bike.jpg,first_mention_focal,1
SS1651678218891,US,FD,FD,media/images/free_description/06-train-red.jpg,first_mention_focal,1
SS1651678218891,US,FD,FD,media/images/free_description/07-train-green.jpg,first_mention_focal,1
SS1651678218891,US,FD,FD,media/images/free_description/05-tiger.jpg,first_mention_focal,1
SS1651678218891,US,FD,FD,media/images/free_description/01-boat-river.jpg,first_mention_focal,1
SS1651678218891,US,FD,FD,media/images/free_description/03-plane.jpg,first_mention_focal,1
SS1651678218891,US,FD,FD,media/images/free_description/04-squirrel.jpg,first_mention_focal,1
SS1651678220434,US,FD,FD,media/images/free_description/02-bike.jpg,first_mention_focal,1
SS1651678220434,US,FD,FD,media/images/free_description/06-train-red.jpg,first_mention_focal,1
SS1651678220434,US,FD,FD,media/images/free_description/04-squirrel.jpg,first_mention_focal,1
SS1651678220434,US,FD,FD,media/images/free_description/07-train-green.jpg,first_mention_focal,1
SS1651678220434,US,FD,FD,media/images/free_description/03-plane.jpg,first_mention_focal,1
SS1651678220434,US,FD,FD,media/images/free_description/05-tiger.jpg,first_mention_focal,1
SS1651678220434,US,FD,FD,media/images/free_description/01-boat-river.jpg,first_mention_focal,1
SS1651678224995,US,FD,FD,media/images/free_description/04-squirrel.jpg,first_mention_focal,1
SS1651678224995,US,FD,FD,media/images/free_description/01-boat-river.jpg,first_mention_focal,0
SS1651678224995,US,FD,FD,media/images/free_description/05-tiger.jpg,first_mention_focal,1
SS1651678224995,US,FD,FD,media/images/free_description/02-bike.jpg,first_mention_focal,1
SS1651678224995,US,FD,FD,media/images/free_description/07-train-green.jpg,first_mention_focal,1
SS1651678224995,US,FD,FD,media/images/free_description/03-plane.jpg,first_mention_focal,1
SS1651678224995,US,FD,FD,media/images/free_description/06-train-red.jpg,first_mention_focal,1
SS1651678226524,US,FD,FD,media/images/free_description/06-train-red.jpg,first_mention_focal,1
SS1651678226524,US,FD,FD,media/images/free_description/03-plane.jpg,first_mention_focal,1
SS1651678226524,US,FD,FD,media/images/free_description/05-tiger.jpg,first_mention_focal,1
SS1651678226524,US,FD,FD,media/images/free_description/07-train-green.jpg,first_mention_focal,1
SS1651678226524,US,FD,FD,media/images/free_description/02-bike.jpg,first_mention_focal,1
SS1651678226524,US,FD,FD,media/images/free_description/01-boat-river.jpg,first_mention_focal,1
SS1651678226524,US,FD,FD,media/images/free_description/04-squirrel.jpg,first_mention_focal,1
SS1651678227696,US,FD,FD,media/images/free_description/01-boat-river.jpg,first_mention_focal,0
SS1651678227696,US,FD,FD,media/images/free_description/02-bike.jpg,first_mention_focal,1
SS1651678227696,US,FD,FD,media/images/free_description/07-train-green.jpg,first_mention_focal,0
SS1651678227696,US,FD,FD,media/images/free_description/03-plane.jpg,first_mention_focal,0
SS1651678227696,US,FD,FD,media/images/free_description/05-tiger.jpg,first_mention_focal,1
SS1651678227696,US,FD,FD,media/images/free_description/04-squirrel.jpg,first_mention_focal,1
SS1651678227696,US,FD,FD,media/images/free_description/06-train-red.jpg,first_mention_focal,0
SS1651678229872,US,FD,FD,media/images/free_description/01-boat-river.jpg,first_mention_focal,1
SS1651678229872,US,FD,FD,media/images/free_description/05-tiger.jpg,first_mention_focal,1
SS1651678229872,US,FD,FD,media/images/free_description/03-plane.jpg,first_mention_focal,1
SS1651678229872,US,FD,FD,media/images/free_description/06-train-red.jpg,first_mention_focal,1
SS1651678229872,US,FD,FD,media/images/free_description/07-train-green.jpg,first_mention_focal,1
SS1651678229872,US,FD,FD,media/images/free_description/02-bike.jpg,first_mention_focal,1
SS1651678229872,US,FD,FD,media/images/free_description/04-squirrel.jpg,first_mention_focal,1
SS1651678232565,US,FD,FD,media/images/free_description/07-train-green.jpg,first_mention_focal,1
SS1651678232565,US,FD,FD,media/images/free_description/04-squirrel.jpg,first_mention_focal,1
SS1651678232565,US,FD,FD,media/images/free_description/02-bike.jpg,first_mention_focal,1
SS1651678232565,US,FD,FD,media/images/free_description/05-tiger.jpg,first_mention_focal,1
SS1651678232565,US,FD,FD,media/images/free_description/03-plane.jpg,first_mention_focal,1
SS1651678232565,US,FD,FD,media/images/free_description/06-train-red.jpg,first_mention_focal,1
SS1651678232565,US,FD,FD,media/images/free_description/01-boat-river.jpg,first_mention_focal,1
SS1651678239759,US,FD,FD,media/images/free_description/06-train-red.jpg,first_mention_focal,1
SS1651678239759,US,FD,FD,media/images/free_description/01-boat-river.jpg,first_mention_focal,1
SS1651678239759,US,FD,FD,media/images/free_description/07-train-green.jpg,first_mention_focal,1
SS1651678239759,US,FD,FD,media/images/free_description/02-bike.jpg,first_mention_focal,1
SS1651678239759,US,FD,FD,media/images/free_description/04-squirrel.jpg,first_mention_focal,1
SS1651678239759,US,FD,FD,media/images/free_description/05-tiger.jpg,first_mention_focal,1
SS1651678239759,US,FD,FD,media/images/free_description/03-plane.jpg,first_mention_focal,1
SS1651678242246,US,FD,FD,media/images/free_description/06-train-red.jpg,first_mention_focal,1
SS1651678242246,US,FD,FD,media/images/free_description/01-boat-river.jpg,first_mention_focal,0
SS1651678242246,US,FD,FD,media/images/free_description/03-plane.jpg,first_mention_focal,1
SS1651678242246,US,FD,FD,media/images/free_description/07-train-green.jpg,first_mention_focal,1
SS1651678242246,US,FD,FD,media/images/free_description/05-tiger.jpg,first_mention_focal,1
SS1651678242246,US,FD,FD,media/images/free_description/04-squirrel.jpg,first_mention_focal,1
SS1651678242246,US,FD,FD,media/images/free_description/02-bike.jpg,first_mention_focal,1
SS1651678243882,US,FD,FD,media/images/free_description/02-bike.jpg,first_mention_focal,0
SS1651678243882,US,FD,FD,media/images/free_description/04-squirrel.jpg,first_mention_focal,0
SS1651678243882,US,FD,FD,media/images/free_description/05-tiger.jpg,first_mention_focal,0
SS1651678243882,US,FD,FD,media/images/free_description/07-train-green.jpg,first_mention_focal,1
SS1651678243882,US,FD,FD,media/images/free_description/01-boat-river.jpg,first_mention_focal,0
SS1651678243882,US,FD,FD,media/images/free_description/03-plane.jpg,first_mention_focal,0
SS1651678243882,US,FD,FD,media/images/free_description/06-train-red.jpg,first_mention_focal,1
SS1651678244241,US,FD,FD,media/images/free_description/03-plane.jpg,first_mention_focal,1
SS1651678244241,US,FD,FD,media/images/free_description/05-tiger.jpg,first_mention_focal,1
SS1651678244241,US,FD,FD,media/images/free_description/06-train-red.jpg,first_mention_focal,1
SS1651678244241,US,FD,FD,media/images/free_description/04-squirrel.jpg,first_mention_focal,1
SS1651678244241,US,FD,FD,media/images/free_description/02-bike.jpg,first_mention_focal,1
SS1651678244241,US,FD,FD,media/images/free_description/01-boat-river.jpg,first_mention_focal,1
SS1651678244241,US,FD,FD,media/images/free_description/07-train-green.jpg,first_mention_focal,1
SS1651678245327,US,FD,FD,media/images/free_description/03-plane.jpg,first_mention_focal,1
SS1651678245327,US,FD,FD,media/images/free_description/05-tiger.jpg,first_mention_focal,1
SS1651678245327,US,FD,FD,media/images/free_description/04-squirrel.jpg,first_mention_focal,1
SS1651678245327,US,FD,FD,media/images/free_description/01-boat-river.jpg,first_mention_focal,1
SS1651678245327,US,FD,FD,media/images/free_description/02-bike.jpg,first_mention_focal,1
SS1651678245327,US,FD,FD,media/images/free_description/06-train-red.jpg,first_mention_focal,1
SS1651678245327,US,FD,FD,media/images/free_description/07-train-green.jpg,first_mention_focal,1
SS1651678246113,US,FD,FD,media/images/free_description/05-tiger.jpg,first_mention_focal,1
SS1651678246113,US,FD,FD,media/images/free_description/01-boat-river.jpg,first_mention_focal,1
SS1651678246113,US,FD,FD,media/images/free_description/04-squirrel.jpg,first_mention_focal,1
SS1651678246113,US,FD,FD,media/images/free_description/03-plane.jpg,first_mention_focal,1
SS1651678246113,US,FD,FD,media/images/free_description/02-bike.jpg,first_mention_focal,1
SS1651678246113,US,FD,FD,media/images/free_description/06-train-red.jpg,first_mention_focal,1
SS1651678246113,US,FD,FD,media/images/free_description/07-train-green.jpg,first_mention_focal,1
SS1651678246330,US,FD,FD,media/images/free_description/05-tiger.jpg,first_mention_focal,1
SS1651678246330,US,FD,FD,media/images/free_description/04-squirrel.jpg,first_mention_focal,1
SS1651678246330,US,FD,FD,media/images/free_description/01-boat-river.jpg,first_mention_focal,1
SS1651678246330,US,FD,FD,media/images/free_description/03-plane.jpg,first_mention_focal,1
SS1651678246330,US,FD,FD,media/images/free_description/02-bike.jpg,first_mention_focal,1
SS1651678246330,US,FD,FD,media/images/free_description/07-train-green.jpg,first_mention_focal,1
SS1651678246330,US,FD,FD,media/images/free_description/06-train-red.jpg,first_mention_focal,1
SS1651678248637,US,FD,FD,media/images/free_description/04-squirrel.jpg,first_mention_focal,1
SS1651678248637,US,FD,FD,media/images/free_description/03-plane.jpg,first_mention_focal,1
SS1651678248637,US,FD,FD,media/images/free_description/06-train-red.jpg,first_mention_focal,1
SS1651678248637,US,FD,FD,media/images/free_description/05-tiger.jpg,first_mention_focal,1
SS1651678248637,US,FD,FD,media/images/free_description/07-train-green.jpg,first_mention_focal,1
SS1651678248637,US,FD,FD,media/images/free_description/01-boat-river.jpg,first_mention_focal,1
SS1651678248637,US,FD,FD,media/images/free_description/02-bike.jpg,first_mention_focal,1
SS1651678248989,US,FD,FD,media/images/free_description/05-tiger.jpg,first_mention_focal,1
SS1651678248989,US,FD,FD,media/images/free_description/06-train-red.jpg,first_mention_focal,1
SS1651678248989,US,FD,FD,media/images/free_description/07-train-green.jpg,first_mention_focal,1
SS1651678248989,US,FD,FD,media/images/free_description/04-squirrel.jpg,first_mention_focal,1
SS1651678248989,US,FD,FD,media/images/free_description/01-boat-river.jpg,first_mention_focal,1
SS1651678248989,US,FD,FD,media/images/free_description/02-bike.jpg,first_mention_focal,1
SS1651678248989,US,FD,FD,media/images/free_description/03-plane.jpg,first_mention_focal,1
SS1651678249603,US,FD,FD,media/images/free_description/05-tiger.jpg,first_mention_focal,1
SS1651678249603,US,FD,FD,media/images/free_description/01-boat-river.jpg,first_mention_focal,1
SS1651678249603,US,FD,FD,media/images/free_description/02-bike.jpg,first_mention_focal,1
SS1651678249603,US,FD,FD,media/images/free_description/04-squirrel.jpg,first_mention_focal,1
SS1651678249603,US,FD,FD,media/images/free_description/07-train-green.jpg,first_mention_focal,1
SS1651678249603,US,FD,FD,media/images/free_description/06-train-red.jpg,first_mention_focal,1
SS1651678249603,US,FD,FD,media/images/free_description/03-plane.jpg,first_mention_focal,1
SS1651678250397,US,FD,FD,media/images/free_description/01-boat-river.jpg,first_mention_focal,0
SS1651678250397,US,FD,FD,media/images/free_description/06-train-red.jpg,first_mention_focal,1
SS1651678250397,US,FD,FD,media/images/free_description/04-squirrel.jpg,first_mention_focal,1
SS1651678250397,US,FD,FD,media/images/free_description/05-tiger.jpg,first_mention_focal,1
SS1651678250397,US,FD,FD,media/images/free_description/07-train-green.jpg,first_mention_focal,1
SS1651678250397,US,FD,FD,media/images/free_description/03-plane.jpg,first_mention_focal,0
SS1651678250397,US,FD,FD,media/images/free_description/02-bike.jpg,first_mention_focal,1
SS1651678252363,US,FD,FD,media/images/free_description/02-bike.jpg,first_mention_focal,1
SS1651678252363,US,FD,FD,media/images/free_description/07-train-green.jpg,first_mention_focal,1
SS1651678252363,US,FD,FD,media/images/free_description/06-train-red.jpg,first_mention_focal,1
SS1651678252363,US,FD,FD,media/images/free_description/03-plane.jpg,first_mention_focal,1
SS1651678252363,US,FD,FD,media/images/free_description/04-squirrel.jpg,first_mention_focal,1
SS1651678252363,US,FD,FD,media/images/free_description/01-boat-river.jpg,first_mention_focal,1
SS1651678252363,US,FD,FD,media/images/free_description/05-tiger.jpg,first_mention_focal,1
SS1651678252935,US,FD,FD,media/images/free_description/01-boat-river.jpg,first_mention_focal,0
SS1651678252935,US,FD,FD,media/images/free_description/07-train-green.jpg,first_mention_focal,1
SS1651678252935,US,FD,FD,media/images/free_description/03-plane.jpg,first_mention_focal,1
SS1651678252935,US,FD,FD,media/images/free_description/06-train-red.jpg,first_mention_focal,1
SS1651678252935,US,FD,FD,media/images/free_description/02-bike.jpg,first_mention_focal,1
SS1651678252935,US,FD,FD,media/images/free_description/04-squirrel.jpg,first_mention_focal,1
SS1651678252935,US,FD,FD,media/images/free_description/05-tiger.jpg,first_mention_focal,1
SS1651678253736,US,FD,FD,media/images/free_description/02-bike.jpg,first_mention_focal,1
SS1651678253736,US,FD,FD,media/images/free_description/03-plane.jpg,first_mention_focal,1
SS1651678253736,US,FD,FD,media/images/free_description/06-train-red.jpg,first_mention_focal,1
SS1651678253736,US,FD,FD,media/images/free_description/07-train-green.jpg,first_mention_focal,1
SS1651678253736,US,FD,FD,media/images/free_description/01-boat-river.jpg,first_mention_focal,1
SS1651678253736,US,FD,FD,media/images/free_description/04-squirrel.jpg,first_mention_focal,1
SS1651678253736,US,FD,FD,media/images/free_description/05-tiger.jpg,first_mention_focal,1
SS1651678256204,US,FD,FD,media/images/free_description/02-bike.jpg,first_mention_focal,1
SS1651678256204,US,FD,FD,media/images/free_description/07-train-green.jpg,first_mention_focal,1
SS1651678256204,US,FD,FD,media/images/free_description/03-plane.jpg,first_mention_focal,1
SS1651678256204,US,FD,FD,media/images/free_description/04-squirrel.jpg,first_mention_focal,1
SS1651678256204,US,FD,FD,media/images/free_description/05-tiger.jpg,first_mention_focal,1
SS1651678256204,US,FD,FD,media/images/free_description/01-boat-river.jpg,first_mention_focal,1
SS1651678256204,US,FD,FD,media/images/free_description/06-train-red.jpg,first_mention_focal,1
SS1651678257395,US,FD,FD,media/images/free_description/03-plane.jpg,first_mention_focal,1
SS1651678257395,US,FD,FD,media/images/free_description/04-squirrel.jpg,first_mention_focal,1
SS1651678257395,US,FD,FD,media/images/free_description/05-tiger.jpg,first_mention_focal,1
SS1651678257395,US,FD,FD,media/images/free_description/02-bike.jpg,first_mention_focal,1
SS1651678257395,US,FD,FD,media/images/free_description/06-train-red.jpg,first_mention_focal,1
SS1651678257395,US,FD,FD,media/images/free_description/07-train-green.jpg,first_mention_focal,1
SS1651678257395,US,FD,FD,media/images/free_description/01-boat-river.jpg,first_mention_focal,1
SS1651678258791,US,FD,FD,media/images/free_description/06-train-red.jpg,first_mention_focal,1
SS1651678258791,US,FD,FD,media/images/free_description/04-squirrel.jpg,first_mention_focal,1
SS1651678258791,US,FD,FD,media/images/free_description/02-bike.jpg,first_mention_focal,1
SS1651678258791,US,FD,FD,media/images/free_description/03-plane.jpg,first_mention_focal,1
SS1651678258791,US,FD,FD,media/images/free_description/05-tiger.jpg,first_mention_focal,1
SS1651678258791,US,FD,FD,media/images/free_description/07-train-green.jpg,first_mention_focal,1
SS1651678258791,US,FD,FD,media/images/free_description/01-boat-river.jpg,first_mention_focal,1
SS1651678259296,US,FD,FD,media/images/free_description/06-train-red.jpg,first_mention_focal,1
SS1651678259296,US,FD,FD,media/images/free_description/03-plane.jpg,first_mention_focal,1
SS1651678259296,US,FD,FD,media/images/free_description/04-squirrel.jpg,first_mention_focal,1
SS1651678259296,US,FD,FD,media/images/free_description/05-tiger.jpg,first_mention_focal,1
SS1651678259296,US,FD,FD,media/images/free_description/07-train-green.jpg,first_mention_focal,1
SS1651678259296,US,FD,FD,media/images/free_description/02-bike.jpg,first_mention_focal,1
SS1651678259296,US,FD,FD,media/images/free_description/01-boat-river.jpg,first_mention_focal,1
SS1651678260164,US,FD,FD,media/images/free_description/02-bike.jpg,first_mention_focal,1
SS1651678260164,US,FD,FD,media/images/free_description/07-train-green.jpg,first_mention_focal,1
SS1651678260164,US,FD,FD,media/images/free_description/06-train-red.jpg,first_mention_focal,1
SS1651678260164,US,FD,FD,media/images/free_description/01-boat-river.jpg,first_mention_focal,1
SS1651678260164,US,FD,FD,media/images/free_description/05-tiger.jpg,first_mention_focal,1
SS1651678260164,US,FD,FD,media/images/free_description/04-squirrel.jpg,first_mention_focal,1
SS1651678260331,US,FD,FD,media/images/free_description/06-train-red.jpg,first_mention_focal,1
SS1651678260331,US,FD,FD,media/images/free_description/05-tiger.jpg,first_mention_focal,1
SS1651678260331,US,FD,FD,media/images/free_description/04-squirrel.jpg,first_mention_focal,1
SS1651678260331,US,FD,FD,media/images/free_description/03-plane.jpg,first_mention_focal,1
SS1651678260331,US,FD,FD,media/images/free_description/02-bike.jpg,first_mention_focal,1
SS1651678260331,US,FD,FD,media/images/free_description/07-train-green.jpg,first_mention_focal,1
SS1651678260331,US,FD,FD,media/images/free_description/01-boat-river.jpg,first_mention_focal,1
SS1651678260663,US,FD,FD,media/images/free_description/07-train-green.jpg,first_mention_focal,1
SS1651678260663,US,FD,FD,media/images/free_description/05-tiger.jpg,first_mention_focal,1
SS1651678260663,US,FD,FD,media/images/free_description/02-bike.jpg,first_mention_focal,1
SS1651678260663,US,FD,FD,media/images/free_description/01-boat-river.jpg,first_mention_focal,1
SS1651678260663,US,FD,FD,media/images/free_description/06-train-red.jpg,first_mention_focal,1
SS1651678260663,US,FD,FD,media/images/free_description/03-plane.jpg,first_mention_focal,1
SS1651678260663,US,FD,FD,media/images/free_description/04-squirrel.jpg,first_mention_focal,1
SS1651678261063,US,FD,FD,media/images/free_description/03-plane.jpg,first_mention_focal,1
SS1651678261063,US,FD,FD,media/images/free_description/07-train-green.jpg,first_mention_focal,1
SS1651678261063,US,FD,FD,media/images/free_description/06-train-red.jpg,first_mention_focal,1
SS1651678261063,US,FD,FD,media/images/free_description/01-boat-river.jpg,first_mention_focal,1
SS1651678261063,US,FD,FD,media/images/free_description/04-squirrel.jpg,first_mention_focal,1
SS1651678261063,US,FD,FD,media/images/free_description/02-bike.jpg,first_mention_focal,1
SS1651678261063,US,FD,FD,media/images/free_description/05-tiger.jpg,first_mention_focal,1
SS1651678261912,US,FD,FD,media/images/free_description/03-plane.jpg,first_mention_focal,1
SS1651678261912,US,FD,FD,media/images/free_description/01-boat-river.jpg,first_mention_focal,1
SS1651678261912,US,FD,FD,media/images/free_description/07-train-green.jpg,first_mention_focal,1
SS1651678261912,US,FD,FD,media/images/free_description/05-tiger.jpg,first_mention_focal,1
SS1651678261912,US,FD,FD,media/images/free_description/02-bike.jpg,first_mention_focal,1
SS1651678261912,US,FD,FD,media/images/free_description/04-squirrel.jpg,first_mention_focal,1
SS1651678261912,US,FD,FD,media/images/free_description/06-train-red.jpg,first_mention_focal,1
SS1651678262590,US,FD,FD,media/images/free_description/03-plane.jpg,first_mention_focal,1
SS1651678262590,US,FD,FD,media/images/free_description/02-bike.jpg,first_mention_focal,1
SS1651678262590,US,FD,FD,media/images/free_description/07-train-green.jpg,first_mention_focal,1
SS1651678262590,US,FD,FD,media/images/free_description/06-train-red.jpg,first_mention_focal,1
SS1651678262590,US,FD,FD,media/images/free_description/04-squirrel.jpg,first_mention_focal,1
SS1651678262590,US,FD,FD,media/images/free_description/05-tiger.jpg,first_mention_focal,1
SS1651678262590,US,FD,FD,media/images/free_description/01-boat-river.jpg,first_mention_focal,1
SS1651678262854,US,FD,FD,media/images/free_description/05-tiger.jpg,first_mention_focal,1
SS1651678262854,US,FD,FD,media/images/free_description/07-train-green.jpg,first_mention_focal,1
SS1651678262854,US,FD,FD,media/images/free_description/01-boat-river.jpg,first_mention_focal,0
SS1651678262854,US,FD,FD,media/images/free_description/06-train-red.jpg,first_mention_focal,1
SS1651678262854,US,FD,FD,media/images/free_description/04-squirrel.jpg,first_mention_focal,1
SS1651678262854,US,FD,FD,media/images/free_description/03-plane.jpg,first_mention_focal,1
SS1651678262854,US,FD,FD,media/images/free_description/02-bike.jpg,first_mention_focal,1
SS1651678263725,US,FD,FD,media/images/free_description/01-boat-river.jpg,first_mention_focal,1
SS1651678263725,US,FD,FD,media/images/free_description/02-bike.jpg,first_mention_focal,1
SS1651678263725,US,FD,FD,media/images/free_description/04-squirrel.jpg,first_mention_focal,1
SS1651678263725,US,FD,FD,media/images/free_description/03-plane.jpg,first_mention_focal,1
SS1651678263725,US,FD,FD,media/images/free_description/06-train-red.jpg,first_mention_focal,1
SS1651678263725,US,FD,FD,media/images/free_description/05-tiger.jpg,first_mention_focal,1
SS1651678263725,US,FD,FD,media/images/free_description/07-train-green.jpg,first_mention_focal,1
SS1651678265100,US,FD,FD,media/images/free_description/04-squirrel.jpg,first_mention_focal,1
SS1651678265100,US,FD,FD,media/images/free_description/02-bike.jpg,first_mention_focal,1
SS1651678265100,US,FD,FD,media/images/free_description/05-tiger.jpg,first_mention_focal,1
SS1651678265100,US,FD,FD,media/images/free_description/07-train-green.jpg,first_mention_focal,1
SS1651678265100,US,FD,FD,media/images/free_description/06-train-red.jpg,first_mention_focal,1
SS1651678265100,US,FD,FD,media/images/free_description/01-boat-river.jpg,first_mention_focal,1
SS1651678265100,US,FD,FD,media/images/free_description/03-plane.jpg,first_mention_focal,1
SS1651678265263,US,FD,FD,media/images/free_description/06-train-red.jpg,first_mention_focal,1
SS1651678265263,US,FD,FD,media/images/free_description/05-tiger.jpg,first_mention_focal,1
SS1651678265263,US,FD,FD,media/images/free_description/01-boat-river.jpg,first_mention_focal,1
SS1651678265263,US,FD,FD,media/images/free_description/07-train-green.jpg,first_mention_focal,1
SS1651678265263,US,FD,FD,media/images/free_description/02-bike.jpg,first_mention_focal,1
SS1651678265263,US,FD,FD,media/images/free_description/03-plane.jpg,first_mention_focal,1
SS1651678265263,US,FD,FD,media/images/free_description/04-squirrel.jpg,first_mention_focal,1
SS1651678267011,US,FD,FD,media/images/free_description/06-train-red.jpg,first_mention_focal,1
SS1651678267011,US,FD,FD,media/images/free_description/02-bike.jpg,first_mention_focal,1
SS1651678267011,US,FD,FD,media/images/free_description/03-plane.jpg,first_mention_focal,1
SS1651678267011,US,FD,FD,media/images/free_description/07-train-green.jpg,first_mention_focal,1
SS1651678267011,US,FD,FD,media/images/free_description/01-boat-river.jpg,first_mention_focal,0
SS1651678267011,US,FD,FD,media/images/free_description/04-squirrel.jpg,first_mention_focal,1
SS1651678267011,US,FD,FD,media/images/free_description/05-tiger.jpg,first_mention_focal,1
SS1651678267140,US,FD,FD,media/images/free_description/04-squirrel.jpg,first_mention_focal,1
SS1651678267140,US,FD,FD,media/images/free_description/06-train-red.jpg,first_mention_focal,1
SS1651678267140,US,FD,FD,media/images/free_description/05-tiger.jpg,first_mention_focal,1
SS1651678267140,US,FD,FD,media/images/free_description/02-bike.jpg,first_mention_focal,1
SS1651678267140,US,FD,FD,media/images/free_description/07-train-green.jpg,first_mention_focal,1
SS1651678267140,US,FD,FD,media/images/free_description/03-plane.jpg,first_mention_focal,1
SS1651678267140,US,FD,FD,media/images/free_description/01-boat-river.jpg,first_mention_focal,1
SS1651678267405,US,FD,FD,media/images/free_description/05-tiger.jpg,first_mention_focal,1
SS1651678267405,US,FD,FD,media/images/free_description/04-squirrel.jpg,first_mention_focal,1
SS1651678267405,US,FD,FD,media/images/free_description/06-train-red.jpg,first_mention_focal,1
SS1651678267405,US,FD,FD,media/images/free_description/07-train-green.jpg,first_mention_focal,1
SS1651678267405,US,FD,FD,media/images/free_description/01-boat-river.jpg,first_mention_focal,1
SS1651678267405,US,FD,FD,media/images/free_description/03-plane.jpg,first_mention_focal,1
SS1651678268119,US,FD,FD,media/images/free_description/01-boat-river.jpg,first_mention_focal,0
SS1651678268119,US,FD,FD,media/images/free_description/06-train-red.jpg,first_mention_focal,1
SS1651678268119,US,FD,FD,media/images/free_description/02-bike.jpg,first_mention_focal,1
SS1651678268119,US,FD,FD,media/images/free_description/05-tiger.jpg,first_mention_focal,1
SS1651678268119,US,FD,FD,media/images/free_description/07-train-green.jpg,first_mention_focal,1
SS1651678268119,US,FD,FD,media/images/free_description/04-squirrel.jpg,first_mention_focal,1
SS1651678268119,US,FD,FD,media/images/free_description/03-plane.jpg,first_mention_focal,1
SS1651678270245,US,FD,FD,media/images/free_description/04-squirrel.jpg,first_mention_focal,1
SS1651678270245,US,FD,FD,media/images/free_description/03-plane.jpg,first_mention_focal,1
SS1651678270245,US,FD,FD,media/images/free_description/01-boat-river.jpg,first_mention_focal,1
SS1651678270245,US,FD,FD,media/images/free_description/02-bike.jpg,first_mention_focal,1
SS1651678270245,US,FD,FD,media/images/free_description/05-tiger.jpg,first_mention_focal,1
SS1651678270245,US,FD,FD,media/images/free_description/07-train-green.jpg,first_mention_focal,1
SS1651678270245,US,FD,FD,media/images/free_description/06-train-red.jpg,first_mention_focal,1
SS1651678270524,US,FD,FD,media/images/free_description/03-plane.jpg,first_mention_focal,1
SS1651678270524,US,FD,FD,media/images/free_description/06-train-red.jpg,first_mention_focal,0
SS1651678270524,US,FD,FD,media/images/free_description/07-train-green.jpg,first_mention_focal,0
SS1651678270524,US,FD,FD,media/images/free_description/01-boat-river.jpg,first_mention_focal,0
SS1651678270524,US,FD,FD,media/images/free_description/04-squirrel.jpg,first_mention_focal,0
SS1651678270524,US,FD,FD,media/images/free_description/02-bike.jpg,first_mention_focal,0
SS1651678270524,US,FD,FD,media/images/free_description/05-tiger.jpg,first_mention_focal,0
SS1651678271326,US,FD,FD,media/images/free_description/03-plane.jpg,first_mention_focal,1
SS1651678271326,US,FD,FD,media/images/free_description/06-train-red.jpg,first_mention_focal,1
SS1651678271326,US,FD,FD,media/images/free_description/05-tiger.jpg,first_mention_focal,1
SS1651678271326,US,FD,FD,media/images/free_description/01-boat-river.jpg,first_mention_focal,1
SS1651678271326,US,FD,FD,media/images/free_description/07-train-green.jpg,first_mention_focal,1
SS1651678271326,US,FD,FD,media/images/free_description/02-bike.jpg,first_mention_focal,1
SS1651678271326,US,FD,FD,media/images/free_description/04-squirrel.jpg,first_mention_focal,1
SS1651678274966,US,FD,FD,media/images/free_description/05-tiger.jpg,first_mention_focal,1
SS1651678274966,US,FD,FD,media/images/free_description/04-squirrel.jpg,first_mention_focal,1
SS1651678274966,US,FD,FD,media/images/free_description/07-train-green.jpg,first_mention_focal,1
SS1651678274966,US,FD,FD,media/images/free_description/01-boat-river.jpg,first_mention_focal,0
SS1651678274966,US,FD,FD,media/images/free_description/03-plane.jpg,first_mention_focal,1
SS1651678274966,US,FD,FD,media/images/free_description/06-train-red.jpg,first_mention_focal,1
SS1651678274966,US,FD,FD,media/images/free_description/02-bike.jpg,first_mention_focal,1
SS1651678278178,US,FD,FD,media/images/free_description/01-boat-river.jpg,first_mention_focal,1
SS1651678278178,US,FD,FD,media/images/free_description/03-plane.jpg,first_mention_focal,1
SS1651678278178,US,FD,FD,media/images/free_description/05-tiger.jpg,first_mention_focal,1
SS1651678278178,US,FD,FD,media/images/free_description/07-train-green.jpg,first_mention_focal,1
SS1651678278178,US,FD,FD,media/images/free_description/02-bike.jpg,first_mention_focal,1
SS1651678278178,US,FD,FD,media/images/free_description/04-squirrel.jpg,first_mention_focal,1
SS1651678278178,US,FD,FD,media/images/free_description/06-train-red.jpg,first_mention_focal,1
SS1651678298946,US,FD,FD,media/images/free_description/04-squirrel.jpg,first_mention_focal,1
SS1651678298946,US,FD,FD,media/images/free_description/02-bike.jpg,first_mention_focal,1
SS1651678298946,US,FD,FD,media/images/free_description/03-plane.jpg,first_mention_focal,1
SS1651678298946,US,FD,FD,media/images/free_description/05-tiger.jpg,first_mention_focal,1
SS1651678298946,US,FD,FD,media/images/free_description/06-train-red.jpg,first_mention_focal,1
SS1651678298946,US,FD,FD,media/images/free_description/07-train-green.jpg,first_mention_focal,1
SS1651678298946,US,FD,FD,media/images/free_description/01-boat-river.jpg,first_mention_focal,1
SS1651678302508,US,FD,FD,media/images/free_description/05-tiger.jpg,first_mention_focal,1
SS1651678302508,US,FD,FD,media/images/free_description/04-squirrel.jpg,first_mention_focal,1
SS1651678302508,US,FD,FD,media/images/free_description/06-train-red.jpg,first_mention_focal,1
SS1651678302508,US,FD,FD,media/images/free_description/03-plane.jpg,first_mention_focal,1
SS1651678302508,US,FD,FD,media/images/free_description/01-boat-river.jpg,first_mention_focal,1
SS1651678302508,US,FD,FD,media/images/free_description/02-bike.jpg,first_mention_focal,1
SS1651678302508,US,FD,FD,media/images/free_description/07-train-green.jpg,first_mention_focal,1
SS1651678327719,US,FD,FD,media/images/free_description/01-boat-river.jpg,first_mention_focal,0
SS1651678327719,US,FD,FD,media/images/free_description/04-squirrel.jpg,first_mention_focal,1
SS1651678327719,US,FD,FD,media/images/free_description/05-tiger.jpg,first_mention_focal,1
SS1651678327719,US,FD,FD,media/images/free_description/02-bike.jpg,first_mention_focal,1
SS1651678327719,US,FD,FD,media/images/free_description/03-plane.jpg,first_mention_focal,1
SS1651678327719,US,FD,FD,media/images/free_description/07-train-green.jpg,first_mention_focal,1
SS1651678327719,US,FD,FD,media/images/free_description/06-train-red.jpg,first_mention_focal,1
SS1651678328286,US,FD,FD,media/images/free_description/05-tiger.jpg,first_mention_focal,1
SS1651678328286,US,FD,FD,media/images/free_description/07-train-green.jpg,first_mention_focal,1
SS1651678328286,US,FD,FD,media/images/free_description/06-train-red.jpg,first_mention_focal,1
SS1651678328286,US,FD,FD,media/images/free_description/01-boat-river.jpg,first_mention_focal,0
SS1651678328286,US,FD,FD,media/images/free_description/02-bike.jpg,first_mention_focal,1
SS1651678328286,US,FD,FD,media/images/free_description/04-squirrel.jpg,first_mention_focal,1
SS1651678328286,US,FD,FD,media/images/free_description/03-plane.jpg,first_mention_focal,1
SS1651678331156,US,FD,FD,media/images/free_description/03-plane.jpg,first_mention_focal,1
SS1651678331156,US,FD,FD,media/images/free_description/04-squirrel.jpg,first_mention_focal,1
SS1651678331156,US,FD,FD,media/images/free_description/01-boat-river.jpg,first_mention_focal,1
SS1651678331156,US,FD,FD,media/images/free_description/02-bike.jpg,first_mention_focal,1
SS1651678331156,US,FD,FD,media/images/free_description/05-tiger.jpg,first_mention_focal,1
SS1651678331156,US,FD,FD,media/images/free_description/06-train-red.jpg,first_mention_focal,1
SS1651678331156,US,FD,FD,media/images/free_description/07-train-green.jpg,first_mention_focal,1
SS1651678353530,US,FD,FD,media/images/free_description/06-train-red.jpg,first_mention_focal,1
SS1651678353530,US,FD,FD,media/images/free_description/05-tiger.jpg,first_mention_focal,1
SS1651678353530,US,FD,FD,media/images/free_description/03-plane.jpg,first_mention_focal,1
SS1651678353530,US,FD,FD,media/images/free_description/04-squirrel.jpg,first_mention_focal,1
SS1651678353530,US,FD,FD,media/images/free_description/02-bike.jpg,first_mention_focal,1
SS1651678353530,US,FD,FD,media/images/free_description/07-train-green.jpg,first_mention_focal,1
SS1651678353530,US,FD,FD,media/images/free_description/01-boat-river.jpg,first_mention_focal,1
SS1651678384991,US,FD,FD,media/images/free_description/07-train-green.jpg,first_mention_focal,1
SS1651678384991,US,FD,FD,media/images/free_description/03-plane.jpg,first_mention_focal,1
SS1651678384991,US,FD,FD,media/images/free_description/06-train-red.jpg,first_mention_focal,1
SS1651678384991,US,FD,FD,media/images/free_description/01-boat-river.jpg,first_mention_focal,1
SS1651678384991,US,FD,FD,media/images/free_description/02-bike.jpg,first_mention_focal,1
SS1651678384991,US,FD,FD,media/images/free_description/05-tiger.jpg,first_mention_focal,1
SS1651678384991,US,FD,FD,media/images/free_description/04-squirrel.jpg,first_mention_focal,1
SS1651678386286,US,FD,FD,media/images/free_description/05-tiger.jpg,first_mention_focal,1
SS1651678386286,US,FD,FD,media/images/free_description/04-squirrel.jpg,first_mention_focal,1
SS1651678386286,US,FD,FD,media/images/free_description/06-train-red.jpg,first_mention_focal,1
SS1651678386286,US,FD,FD,media/images/free_description/03-plane.jpg,first_mention_focal,1
SS1651678386286,US,FD,FD,media/images/free_description/07-train-green.jpg,first_mention_focal,1
SS1651678386286,US,FD,FD,media/images/free_description/02-bike.jpg,first_mention_focal,1
SS1651678386286,US,FD,FD,media/images/free_description/01-boat-river.jpg,first_mention_focal,1
SS1651678409670,US,FD,FD,media/images/free_description/04-squirrel.jpg,first_mention_focal,1
SS1651678409670,US,FD,FD,media/images/free_description/07-train-green.jpg,first_mention_focal,1
SS1651678409670,US,FD,FD,media/images/free_description/06-train-red.jpg,first_mention_focal,1
SS1651678409670,US,FD,FD,media/images/free_description/02-bike.jpg,first_mention_focal,1
SS1651678409670,US,FD,FD,media/images/free_description/01-boat-river.jpg,first_mention_focal,1
SS1651678409670,US,FD,FD,media/images/free_description/03-plane.jpg,first_mention_focal,1
SS1651678409670,US,FD,FD,media/images/free_description/05-tiger.jpg,first_mention_focal,1
SS1651678434328,US,FD,FD,media/images/free_description/03-plane.jpg,first_mention_focal,0
SS1651678434328,US,FD,FD,media/images/free_description/02-bike.jpg,first_mention_focal,0
SS1651678434328,US,FD,FD,media/images/free_description/07-train-green.jpg,first_mention_focal,1
SS1651678434328,US,FD,FD,media/images/free_description/01-boat-river.jpg,first_mention_focal,1
SS1651678434328,US,FD,FD,media/images/free_description/04-squirrel.jpg,first_mention_focal,1
SS1651678434328,US,FD,FD,media/images/free_description/06-train-red.jpg,first_mention_focal,1
SS1651678434328,US,FD,FD,media/images/free_description/05-tiger.jpg,first_mention_focal,1
SS1651678459452,US,FD,FD,media/images/free_description/07-train-green.jpg,first_mention_focal,1
SS1651678459452,US,FD,FD,media/images/free_description/03-plane.jpg,first_mention_focal,1
SS1651678459452,US,FD,FD,media/images/free_description/04-squirrel.jpg,first_mention_focal,1
SS1651678459452,US,FD,FD,media/images/free_description/02-bike.jpg,first_mention_focal,1
SS1651678459452,US,FD,FD,media/images/free_description/06-train-red.jpg,first_mention_focal,1
SS1651678459452,US,FD,FD,media/images/free_description/01-boat-river.jpg,first_mention_focal,1
SS1651678459452,US,FD,FD,media/images/free_description/05-tiger.jpg,first_mention_focal,1
SS1651678462364,US,FD,FD,media/images/free_description/01-boat-river.jpg,first_mention_focal,1
SS1651678462364,US,FD,FD,media/images/free_description/06-train-red.jpg,first_mention_focal,1
SS1651678462364,US,FD,FD,media/images/free_description/03-plane.jpg,first_mention_focal,1
SS1651678462364,US,FD,FD,media/images/free_description/05-tiger.jpg,first_mention_focal,1
SS1651678462364,US,FD,FD,media/images/free_description/07-train-green.jpg,first_mention_focal,1
SS1651678462364,US,FD,FD,media/images/free_description/02-bike.jpg,first_mention_focal,1
SS1651678462364,US,FD,FD,media/images/free_description/04-squirrel.jpg,first_mention_focal,1
SS1651678474300,US,FD,FD,media/images/free_description/03-plane.jpg,first_mention_focal,1
SS1651678474300,US,FD,FD,media/images/free_description/01-boat-river.jpg,first_mention_focal,1
SS1651678474300,US,FD,FD,media/images/free_description/04-squirrel.jpg,first_mention_focal,1
SS1651678474300,US,FD,FD,media/images/free_description/06-train-red.jpg,first_mention_focal,1
SS1651678474300,US,FD,FD,media/images/free_description/02-bike.jpg,first_mention_focal,1
SS1651678474300,US,FD,FD,media/images/free_description/05-tiger.jpg,first_mention_focal,1
SS1651678474300,US,FD,FD,media/images/free_description/07-train-green.jpg,first_mention_focal,1
SS1651678537895,US,FD,FD,media/images/free_description/05-tiger.jpg,first_mention_focal,1
SS1651678537895,US,FD,FD,media/images/free_description/06-train-red.jpg,first_mention_focal,1
SS1651678537895,US,FD,FD,media/images/free_description/04-squirrel.jpg,first_mention_focal,1
SS1651678537895,US,FD,FD,media/images/free_description/01-boat-river.jpg,first_mention_focal,1
SS1651678537895,US,FD,FD,media/images/free_description/02-bike.jpg,first_mention_focal,1
SS1651678537895,US,FD,FD,media/images/free_description/03-plane.jpg,first_mention_focal,1
SS1651678537895,US,FD,FD,media/images/free_description/07-train-green.jpg,first_mention_focal,1
SS1651678538948,US,FD,FD,media/images/free_description/04-squirrel.jpg,first_mention_focal,1
SS1651678538948,US,FD,FD,media/images/free_description/05-tiger.jpg,first_mention_focal,1
SS1651678538948,US,FD,FD,media/images/free_description/03-plane.jpg,first_mention_focal,1
SS1651678538948,US,FD,FD,media/images/free_description/01-boat-river.jpg,first_mention_focal,0
SS1651678538948,US,FD,FD,media/images/free_description/07-train-green.jpg,first_mention_focal,1
SS1651678538948,US,FD,FD,media/images/free_description/06-train-red.jpg,first_mention_focal,1
SS1651678538948,US,FD,FD,media/images/free_description/02-bike.jpg,first_mention_focal,1
SS1651678556653,US,FD,FD,media/images/free_description/05-tiger.jpg,first_mention_focal,1
SS1651678556653,US,FD,FD,media/images/free_description/01-boat-river.jpg,first_mention_focal,1
SS1651678556653,US,FD,FD,media/images/free_description/02-bike.jpg,first_mention_focal,1
SS1651678556653,US,FD,FD,media/images/free_description/04-squirrel.jpg,first_mention_focal,1
SS1651678556653,US,FD,FD,media/images/free_description/06-train-red.jpg,first_mention_focal,1
SS1651678556653,US,FD,FD,media/images/free_description/07-train-green.jpg,first_mention_focal,1
SS1651678556653,US,FD,FD,media/images/free_description/03-plane.jpg,first_mention_focal,1
SS1651678559284,US,FD,FD,media/images/free_description/04-squirrel.jpg,first_mention_focal,1
SS1651678559284,US,FD,FD,media/images/free_description/02-bike.jpg,first_mention_focal,1
SS1651678559284,US,FD,FD,media/images/free_description/03-plane.jpg,first_mention_focal,1
SS1651678559284,US,FD,FD,media/images/free_description/01-boat-river.jpg,first_mention_focal,1
SS1651678559284,US,FD,FD,media/images/free_description/06-train-red.jpg,first_mention_focal,1
SS1651678559284,US,FD,FD,media/images/free_description/07-train-green.jpg,first_mention_focal,1
SS1651678559284,US,FD,FD,media/images/free_description/05-tiger.jpg,first_mention_focal,1
SS1651678574838,US,FD,FD,media/images/free_description/03-plane.jpg,first_mention_focal,1
SS1651678574838,US,FD,FD,media/images/free_description/05-tiger.jpg,first_mention_focal,1
SS1651678574838,US,FD,FD,media/images/free_description/02-bike.jpg,first_mention_focal,1
SS1651678574838,US,FD,FD,media/images/free_description/01-boat-river.jpg,first_mention_focal,1
SS1651678574838,US,FD,FD,media/images/free_description/06-train-red.jpg,first_mention_focal,1
SS1651678574838,US,FD,FD,media/images/free_description/07-train-green.jpg,first_mention_focal,1
SS1651678574838,US,FD,FD,media/images/free_description/04-squirrel.jpg,first_mention_focal,1
SS1651678625157,US,FD,FD,media/images/free_description/03-plane.jpg,first_mention_focal,0
SS1651678625157,US,FD,FD,media/images/free_description/07-train-green.jpg,first_mention_focal,1
SS1651678625157,US,FD,FD,media/images/free_description/04-squirrel.jpg,first_mention_focal,0
SS1651678625157,US,FD,FD,media/images/free_description/01-boat-river.jpg,first_mention_focal,0
SS1651678625157,US,FD,FD,media/images/free_description/02-bike.jpg,first_mention_focal,0
SS1651678625157,US,FD,FD,media/images/free_description/05-tiger.jpg,first_mention_focal,1
SS1651678625157,US,FD,FD,media/images/free_description/06-train-red.jpg,first_mention_focal,1
SS1651678626616,US,FD,FD,media/images/free_description/05-tiger.jpg,first_mention_focal,1
SS1651678626616,US,FD,FD,media/images/free_description/04-squirrel.jpg,first_mention_focal,1
SS1651678626616,US,FD,FD,media/images/free_description/02-bike.jpg,first_mention_focal,1
SS1651678626616,US,FD,FD,media/images/free_description/01-boat-river.jpg,first_mention_focal,1
SS1651678626616,US,FD,FD,media/images/free_description/07-train-green.jpg,first_mention_focal,1
SS1651678626616,US,FD,FD,media/images/free_description/03-plane.jpg,first_mention_focal,1
SS1651678626616,US,FD,FD,media/images/free_description/06-train-red.jpg,first_mention_focal,1
SS1651678637077,US,FD,FD,media/images/free_description/03-plane.jpg,first_mention_focal,1
SS1651678637077,US,FD,FD,media/images/free_description/04-squirrel.jpg,first_mention_focal,1
SS1651678637077,US,FD,FD,media/images/free_description/05-tiger.jpg,first_mention_focal,1
SS1651678637077,US,FD,FD,media/images/free_description/06-train-red.jpg,first_mention_focal,1
SS1651678637077,US,FD,FD,media/images/free_description/02-bike.jpg,first_mention_focal,1
SS1651678637077,US,FD,FD,media/images/free_description/01-boat-river.jpg,first_mention_focal,1
SS1651678637077,US,FD,FD,media/images/free_description/07-train-green.jpg,first_mention_focal,1
SS1651678701050,US,FD,FD,media/images/free_description/02-bike.jpg,first_mention_focal,1
SS1651678701050,US,FD,FD,media/images/free_description/06-train-red.jpg,first_mention_focal,1
SS1651678701050,US,FD,FD,media/images/free_description/03-plane.jpg,first_mention_focal,1
SS1651678701050,US,FD,FD,media/images/free_description/07-train-green.jpg,first_mention_focal,1
SS1651678701050,US,FD,FD,media/images/free_description/05-tiger.jpg,first_mention_focal,1
SS1651678701050,US,FD,FD,media/images/free_description/04-squirrel.jpg,first_mention_focal,1
SS1651678701050,US,FD,FD,media/images/free_description/01-boat-river.jpg,first_mention_focal,1
SS1651678717637,US,FD,FD,media/images/free_description/03-plane.jpg,first_mention_focal,1
SS1651678717637,US,FD,FD,media/images/free_description/04-squirrel.jpg,first_mention_focal,1
SS1651678717637,US,FD,FD,media/images/free_description/01-boat-river.jpg,first_mention_focal,0
SS1651678717637,US,FD,FD,media/images/free_description/06-train-red.jpg,first_mention_focal,0
SS1651678717637,US,FD,FD,media/images/free_description/07-train-green.jpg,first_mention_focal,1
SS1651678717637,US,FD,FD,media/images/free_description/05-tiger.jpg,first_mention_focal,1
SS1651678717637,US,FD,FD,media/images/free_description/02-bike.jpg,first_mention_focal,1
SS1651678770686,US,FD,FD,media/images/free_description/07-train-green.jpg,first_mention_focal,1
SS1651678770686,US,FD,FD,media/images/free_description/03-plane.jpg,first_mention_focal,1
SS1651678770686,US,FD,FD,media/images/free_description/04-squirrel.jpg,first_mention_focal,1
SS1651678770686,US,FD,FD,media/images/free_description/05-tiger.jpg,first_mention_focal,1
SS1651678770686,US,FD,FD,media/images/free_description/02-bike.jpg,first_mention_focal,1
SS1651678770686,US,FD,FD,media/images/free_description/06-train-red.jpg,first_mention_focal,1
SS1651678770686,US,FD,FD,media/images/free_description/01-boat-river.jpg,first_mention_focal,1
SS1651678809453,US,FD,FD,media/images/free_description/05-tiger.jpg,first_mention_focal,1
SS1651678809453,US,FD,FD,media/images/free_description/02-bike.jpg,first_mention_focal,1
SS1651678809453,US,FD,FD,media/images/free_description/01-boat-river.jpg,first_mention_focal,0
SS1651678809453,US,FD,FD,media/images/free_description/06-train-red.jpg,first_mention_focal,1
SS1651678809453,US,FD,FD,media/images/free_description/04-squirrel.jpg,first_mention_focal,1
SS1651678809453,US,FD,FD,media/images/free_description/07-train-green.jpg,first_mention_focal,1
SS1651678809453,US,FD,FD,media/images/free_description/03-plane.jpg,first_mention_focal,1
SS1651678955017,US,FD,FD,media/images/free_description/01-boat-river.jpg,first_mention_focal,1
SS1651678955017,US,FD,FD,media/images/free_description/04-squirrel.jpg,first_mention_focal,1
SS1651678955017,US,FD,FD,media/images/free_description/06-train-red.jpg,first_mention_focal,1
SS1651678955017,US,FD,FD,media/images/free_description/03-plane.jpg,first_mention_focal,1
SS1651678955017,US,FD,FD,media/images/free_description/07-train-green.jpg,first_mention_focal,1
SS1651678955017,US,FD,FD,media/images/free_description/02-bike.jpg,first_mention_focal,1
SS1651678955017,US,FD,FD,media/images/free_description/05-tiger.jpg,first_mention_focal,1
SS1651679034205,US,FD,FD,media/images/free_description/04-squirrel.jpg,first_mention_focal,1
SS1651679034205,US,FD,FD,media/images/free_description/05-tiger.jpg,first_mention_focal,1
SS1651679034205,US,FD,FD,media/images/free_description/03-plane.jpg,first_mention_focal,1
SS1651679034205,US,FD,FD,media/images/free_description/06-train-red.jpg,first_mention_focal,1
SS1651679034205,US,FD,FD,media/images/free_description/02-bike.jpg,first_mention_focal,1
SS1651679034205,US,FD,FD,media/images/free_description/07-train-green.jpg,first_mention_focal,1
SS1651679034205,US,FD,FD,media/images/free_description/01-boat-river.jpg,first_mention_focal,1
SS1651679448134,US,FD,FD,media/images/free_description/02-bike.jpg,first_mention_focal,1
SS1651679448134,US,FD,FD,media/images/free_description/03-plane.jpg,first_mention_focal,1
SS1651679448134,US,FD,FD,media/images/free_description/05-tiger.jpg,first_mention_focal,1
SS1651679448134,US,FD,FD,media/images/free_description/07-train-green.jpg,first_mention_focal,1
SS1651679448134,US,FD,FD,media/images/free_description/01-boat-river.jpg,first_mention_focal,1
SS1651679448134,US,FD,FD,media/images/free_description/04-squirrel.jpg,first_mention_focal,1
SS1651679448134,US,FD,FD,media/images/free_description/06-train-red.jpg,first_mention_focal,1
SS1651679534071,US,FD,FD,media/images/free_description/02-bike.jpg,first_mention_focal,1
SS1651679534071,US,FD,FD,media/images/free_description/01-boat-river.jpg,first_mention_focal,1
SS1651679534071,US,FD,FD,media/images/free_description/07-train-green.jpg,first_mention_focal,1
SS1651679534071,US,FD,FD,media/images/free_description/06-train-red.jpg,first_mention_focal,1
SS1651679534071,US,FD,FD,media/images/free_description/05-tiger.jpg,first_mention_focal,1
SS1651679534071,US,FD,FD,media/images/free_description/03-plane.jpg,first_mention_focal,1
SS1651679534071,US,FD,FD,media/images/free_description/04-squirrel.jpg,first_mention_focal,1
SS1651679569580,US,FD,FD,media/images/free_description/01-boat-river.jpg,first_mention_focal,0
SS1651679569580,US,FD,FD,media/images/free_description/05-tiger.jpg,first_mention_focal,1
SS1651679569580,US,FD,FD,media/images/free_description/02-bike.jpg,first_mention_focal,1
SS1651679569580,US,FD,FD,media/images/free_description/07-train-green.jpg,first_mention_focal,1
SS1651679569580,US,FD,FD,media/images/free_description/06-train-red.jpg,first_mention_focal,1
SS1651679569580,US,FD,FD,media/images/free_description/03-plane.jpg,first_mention_focal,1
SS1651679569580,US,FD,FD,media/images/free_description/04-squirrel.jpg,first_mention_focal,1
SS1651679629301,US,FD,FD,media/images/free_description/05-tiger.jpg,first_mention_focal,1
SS1651679629301,US,FD,FD,media/images/free_description/06-train-red.jpg,first_mention_focal,1
SS1651679629301,US,FD,FD,media/images/free_description/03-plane.jpg,first_mention_focal,1
SS1651679629301,US,FD,FD,media/images/free_description/04-squirrel.jpg,first_mention_focal,1
SS1651679629301,US,FD,FD,media/images/free_description/01-boat-river.jpg,first_mention_focal,1
SS1651679629301,US,FD,FD,media/images/free_description/07-train-green.jpg,first_mention_focal,1
SS1651679629301,US,FD,FD,media/images/free_description/02-bike.jpg,first_mention_focal,1
SS1651679984067,US,FD,FD,media/images/free_description/02-bike.jpg,first_mention_focal,1
SS1651679984067,US,FD,FD,media/images/free_description/01-boat-river.jpg,first_mention_focal,1
SS1651679984067,US,FD,FD,media/images/free_description/03-plane.jpg,first_mention_focal,1
SS1651679984067,US,FD,FD,media/images/free_description/06-train-red.jpg,first_mention_focal,1
SS1651679984067,US,FD,FD,media/images/free_description/07-train-green.jpg,first_mention_focal,1
SS1651679984067,US,FD,FD,media/images/free_description/05-tiger.jpg,first_mention_focal,1
SS1651679984067,US,FD,FD,media/images/free_description/04-squirrel.jpg,first_mention_focal,1
SS1651680129189,US,FD,FD,media/images/free_description/06-train-red.jpg,first_mention_focal,1
SS1651680129189,US,FD,FD,media/images/free_description/01-boat-river.jpg,first_mention_focal,1
SS1651680129189,US,FD,FD,media/images/free_description/07-train-green.jpg,first_mention_focal,1
SS1651680129189,US,FD,FD,media/images/free_description/02-bike.jpg,first_mention_focal,1
SS1651680129189,US,FD,FD,media/images/free_description/05-tiger.jpg,first_mention_focal,1
SS1651680129189,US,FD,FD,media/images/free_description/04-squirrel.jpg,first_mention_focal,1
SS1651680129189,US,FD,FD,media/images/free_description/03-plane.jpg,first_mention_focal,1
SS1651680530568,US,FD,FD,media/images/free_description/03-plane.jpg,first_mention_focal,1
SS1651680530568,US,FD,FD,media/images/free_description/07-train-green.jpg,first_mention_focal,1
SS1651680530568,US,FD,FD,media/images/free_description/06-train-red.jpg,first_mention_focal,1
SS1651680530568,US,FD,FD,media/images/free_description/01-boat-river.jpg,first_mention_focal,1
SS1651680530568,US,FD,FD,media/images/free_description/05-tiger.jpg,first_mention_focal,1
SS1651680530568,US,FD,FD,media/images/free_description/02-bike.jpg,first_mention_focal,1
SS1651680530568,US,FD,FD,media/images/free_description/04-squirrel.jpg,first_mention_focal,1
SS1651680818305,US,FD,FD,media/images/free_description/07-train-green.jpg,first_mention_focal,1
SS1651680818305,US,FD,FD,media/images/free_description/05-tiger.jpg,first_mention_focal,1
SS1651680818305,US,FD,FD,media/images/free_description/04-squirrel.jpg,first_mention_focal,1
SS1651680818305,US,FD,FD,media/images/free_description/01-boat-river.jpg,first_mention_focal,1
SS1651680818305,US,FD,FD,media/images/free_description/03-plane.jpg,first_mention_focal,1
SS1651680818305,US,FD,FD,media/images/free_description/02-bike.jpg,first_mention_focal,1
SS1651680818305,US,FD,FD,media/images/free_description/06-train-red.jpg,first_mention_focal,1
SS1651680994828,US,FD,FD,media/images/free_description/07-train-green.jpg,first_mention_focal,1
SS1651680994828,US,FD,FD,media/images/free_description/04-squirrel.jpg,first_mention_focal,0
SS1651680994828,US,FD,FD,media/images/free_description/02-bike.jpg,first_mention_focal,1
SS1651680994828,US,FD,FD,media/images/free_description/05-tiger.jpg,first_mention_focal,0
SS1651680994828,US,FD,FD,media/images/free_description/01-boat-river.jpg,first_mention_focal,1
SS1651680994828,US,FD,FD,media/images/free_description/06-train-red.jpg,first_mention_focal,1
SS1651680994828,US,FD,FD,media/images/free_description/03-plane.jpg,first_mention_focal,1
SS1651681877580,US,FD,FD,media/images/free_description/07-train-green.jpg,first_mention_focal,1
SS1651681877580,US,FD,FD,media/images/free_description/02-bike.jpg,first_mention_focal,1
SS1651681877580,US,FD,FD,media/images/free_description/03-plane.jpg,first_mention_focal,1
SS1651681877580,US,FD,FD,media/images/free_description/01-boat-river.jpg,first_mention_focal,1
SS1651681877580,US,FD,FD,media/images/free_description/06-train-red.jpg,first_mention_focal,1
SS1651681877580,US,FD,FD,media/images/free_description/04-squirrel.jpg,first_mention_focal,1
SS1651681877580,US,FD,FD,media/images/free_description/05-tiger.jpg,first_mention_focal,1
SS1651682805154,US,FD,FD,media/images/free_description/01-boat-river.jpg,first_mention_focal,0
SS1651682805154,US,FD,FD,media/images/free_description/06-train-red.jpg,first_mention_focal,0
SS1651682805154,US,FD,FD,media/images/free_description/04-squirrel.jpg,first_mention_focal,1
SS1651682805154,US,FD,FD,media/images/free_description/07-train-green.jpg,first_mention_focal,1
SS1651682805154,US,FD,FD,media/images/free_description/05-tiger.jpg,first_mention_focal,1
SS1651682805154,US,FD,FD,media/images/free_description/03-plane.jpg,first_mention_focal,1
SS1651682805154,US,FD,FD,media/images/free_description/02-bike.jpg,first_mention_focal,1
SS1651687447221,US,FD,FD,media/images/free_description/01-boat-river.jpg,first_mention_focal,0
SS1651687447221,US,FD,FD,media/images/free_description/05-tiger.jpg,first_mention_focal,1
SS1651687447221,US,FD,FD,media/images/free_description/07-train-green.jpg,first_mention_focal,1
SS1651687447221,US,FD,FD,media/images/free_description/02-bike.jpg,first_mention_focal,0
SS1651687447221,US,FD,FD,media/images/free_description/06-train-red.jpg,first_mention_focal,0
SS1651687447221,US,FD,FD,media/images/free_description/03-plane.jpg,first_mention_focal,0
SS1651687447221,US,FD,FD,media/images/free_description/04-squirrel.jpg,first_mention_focal,0
SS1651689857645,US,FD,FD,media/images/free_description/03-plane.jpg,first_mention_focal,1
SS1651689857645,US,FD,FD,media/images/free_description/05-tiger.jpg,first_mention_focal,1
SS1651689857645,US,FD,FD,media/images/free_description/01-boat-river.jpg,first_mention_focal,1
SS1651689857645,US,FD,FD,media/images/free_description/07-train-green.jpg,first_mention_focal,1
SS1651689857645,US,FD,FD,media/images/free_description/04-squirrel.jpg,first_mention_focal,1
SS1651689857645,US,FD,FD,media/images/free_description/06-train-red.jpg,first_mention_focal,1
SS1651689857645,US,FD,FD,media/images/free_description/02-bike.jpg,first_mention_focal,1
SS1651690446636,US,FD,FD,media/images/free_description/07-train-green.jpg,first_mention_focal,1
SS1651690446636,US,FD,FD,media/images/free_description/03-plane.jpg,first_mention_focal,1
SS1651690446636,US,FD,FD,media/images/free_description/05-tiger.jpg,first_mention_focal,1
SS1651690446636,US,FD,FD,media/images/free_description/04-squirrel.jpg,first_mention_focal,1
SS1651690446636,US,FD,FD,media/images/free_description/06-train-red.jpg,first_mention_focal,1
SS1651690446636,US,FD,FD,media/images/free_description/01-boat-river.jpg,first_mention_focal,1
SS1651690446636,US,FD,FD,media/images/free_description/02-bike.jpg,first_mention_focal,1
SS1651690626669,US,FD,FD,media/images/free_description/05-tiger.jpg,first_mention_focal,1
SS1651690626669,US,FD,FD,media/images/free_description/07-train-green.jpg,first_mention_focal,1
SS1651690626669,US,FD,FD,media/images/free_description/01-boat-river.jpg,first_mention_focal,1
SS1651690626669,US,FD,FD,media/images/free_description/06-train-red.jpg,first_mention_focal,1
SS1651690626669,US,FD,FD,media/images/free_description/04-squirrel.jpg,first_mention_focal,1
SS1651690626669,US,FD,FD,media/images/free_description/03-plane.jpg,first_mention_focal,1
SS1651690626669,US,FD,FD,media/images/free_description/02-bike.jpg,first_mention_focal,1
SS1651690672320,US,FD,FD,media/images/free_description/04-squirrel.jpg,first_mention_focal,1
SS1651690672320,US,FD,FD,media/images/free_description/02-bike.jpg,first_mention_focal,1
SS1651690672320,US,FD,FD,media/images/free_description/03-plane.jpg,first_mention_focal,1
SS1651690672320,US,FD,FD,media/images/free_description/06-train-red.jpg,first_mention_focal,1
SS1651690672320,US,FD,FD,media/images/free_description/01-boat-river.jpg,first_mention_focal,1
SS1651690672320,US,FD,FD,media/images/free_description/07-train-green.jpg,first_mention_focal,1
SS1651690672320,US,FD,FD,media/images/free_description/05-tiger.jpg,first_mention_focal,1
SS1651690674639,US,FD,FD,media/images/free_description/06-train-red.jpg,first_mention_focal,1
SS1651690674639,US,FD,FD,media/images/free_description/03-plane.jpg,first_mention_focal,1
SS1651690674639,US,FD,FD,media/images/free_description/02-bike.jpg,first_mention_focal,1
SS1651690674639,US,FD,FD,media/images/free_description/01-boat-river.jpg,first_mention_focal,1
SS1651690674639,US,FD,FD,media/images/free_description/04-squirrel.jpg,first_mention_focal,1
SS1651690674639,US,FD,FD,media/images/free_description/05-tiger.jpg,first_mention_focal,1
SS1651690674639,US,FD,FD,media/images/free_description/07-train-green.jpg,first_mention_focal,1
SS1651690678231,US,FD,FD,media/images/free_description/06-train-red.jpg,first_mention_focal,1
SS1651690678231,US,FD,FD,media/images/free_description/02-bike.jpg,first_mention_focal,1
SS1651690678231,US,FD,FD,media/images/free_description/04-squirrel.jpg,first_mention_focal,1
SS1651690678231,US,FD,FD,media/images/free_description/03-plane.jpg,first_mention_focal,1
SS1651690678231,US,FD,FD,media/images/free_description/01-boat-river.jpg,first_mention_focal,1
SS1651690678231,US,FD,FD,media/images/free_description/05-tiger.jpg,first_mention_focal,1
SS1651690678231,US,FD,FD,media/images/free_description/07-train-green.jpg,first_mention_focal,1
SS1651690678388,US,FD,FD,media/images/free_description/06-train-red.jpg,first_mention_focal,1
SS1651690678388,US,FD,FD,media/images/free_description/04-squirrel.jpg,first_mention_focal,1
SS1651690678388,US,FD,FD,media/images/free_description/02-bike.jpg,first_mention_focal,1
SS1651690678388,US,FD,FD,media/images/free_description/07-train-green.jpg,first_mention_focal,1
SS1651690678388,US,FD,FD,media/images/free_description/05-tiger.jpg,first_mention_focal,1
SS1651690678388,US,FD,FD,media/images/free_description/01-boat-river.jpg,first_mention_focal,1
SS1651690678388,US,FD,FD,media/images/free_description/03-plane.jpg,first_mention_focal,1
SS1651690681690,US,FD,FD,media/images/free_description/01-boat-river.jpg,first_mention_focal,1
SS1651690681690,US,FD,FD,media/images/free_description/07-train-green.jpg,first_mention_focal,1
SS1651690681690,US,FD,FD,media/images/free_description/06-train-red.jpg,first_mention_focal,1
SS1651690681690,US,FD,FD,media/images/free_description/05-tiger.jpg,first_mention_focal,1
SS1651690681690,US,FD,FD,media/images/free_description/02-bike.jpg,first_mention_focal,1
SS1651690681690,US,FD,FD,media/images/free_description/04-squirrel.jpg,first_mention_focal,1
SS1651690681690,US,FD,FD,media/images/free_description/03-plane.jpg,first_mention_focal,1
SS1651690683219,US,FD,FD,media/images/free_description/03-plane.jpg,first_mention_focal,1
SS1651690683219,US,FD,FD,media/images/free_description/04-squirrel.jpg,first_mention_focal,1
SS1651690683219,US,FD,FD,media/images/free_description/05-tiger.jpg,first_mention_focal,1
SS1651690683219,US,FD,FD,media/images/free_description/01-boat-river.jpg,first_mention_focal,1
SS1651690683219,US,FD,FD,media/images/free_description/06-train-red.jpg,first_mention_focal,1
SS1651690683219,US,FD,FD,media/images/free_description/02-bike.jpg,first_mention_focal,1
SS1651690683219,US,FD,FD,media/images/free_description/07-train-green.jpg,first_mention_focal,1
SS1651690685286,US,FD,FD,media/images/free_description/04-squirrel.jpg,first_mention_focal,1
SS1651690685286,US,FD,FD,media/images/free_description/03-plane.jpg,first_mention_focal,1
SS1651690685286,US,FD,FD,media/images/free_description/06-train-red.jpg,first_mention_focal,1
SS1651690685286,US,FD,FD,media/images/free_description/01-boat-river.jpg,first_mention_focal,1
SS1651690685286,US,FD,FD,media/images/free_description/05-tiger.jpg,first_mention_focal,1
SS1651690685286,US,FD,FD,media/images/free_description/02-bike.jpg,first_mention_focal,1
SS1651690685286,US,FD,FD,media/images/free_description/07-train-green.jpg,first_mention_focal,1
SS1651690687499,US,FD,FD,media/images/free_description/06-train-red.jpg,first_mention_focal,1
SS1651690687499,US,FD,FD,media/images/free_description/04-squirrel.jpg,first_mention_focal,1
SS1651690687499,US,FD,FD,media/images/free_description/02-bike.jpg,first_mention_focal,1
SS1651690687499,US,FD,FD,media/images/free_description/07-train-green.jpg,first_mention_focal,1
SS1651690687499,US,FD,FD,media/images/free_description/01-boat-river.jpg,first_mention_focal,1
SS1651690687499,US,FD,FD,media/images/free_description/03-plane.jpg,first_mention_focal,1
SS1651690687499,US,FD,FD,media/images/free_description/05-tiger.jpg,first_mention_focal,1
SS1651690687538,US,FD,FD,media/images/free_description/02-bike.jpg,first_mention_focal,1
SS1651690687538,US,FD,FD,media/images/free_description/04-squirrel.jpg,first_mention_focal,1
SS1651690687538,US,FD,FD,media/images/free_description/05-tiger.jpg,first_mention_focal,1
SS1651690687538,US,FD,FD,media/images/free_description/06-train-red.jpg,first_mention_focal,1
SS1651690687538,US,FD,FD,media/images/free_description/07-train-green.jpg,first_mention_focal,1
SS1651690687538,US,FD,FD,media/images/free_description/03-plane.jpg,first_mention_focal,1
SS1651690687538,US,FD,FD,media/images/free_description/01-boat-river.jpg,first_mention_focal,1
SS1651690691047,US,FD,FD,media/images/free_description/06-train-red.jpg,first_mention_focal,1
SS1651690691047,US,FD,FD,media/images/free_description/03-plane.jpg,first_mention_focal,1
SS1651690691047,US,FD,FD,media/images/free_description/01-boat-river.jpg,first_mention_focal,1
SS1651690691047,US,FD,FD,media/images/free_description/02-bike.jpg,first_mention_focal,1
SS1651690691047,US,FD,FD,media/images/free_description/04-squirrel.jpg,first_mention_focal,1
SS1651690691047,US,FD,FD,media/images/free_description/07-train-green.jpg,first_mention_focal,1
SS1651690691047,US,FD,FD,media/images/free_description/05-tiger.jpg,first_mention_focal,1
SS1651690691327,US,FD,FD,media/images/free_description/04-squirrel.jpg,first_mention_focal,1
SS1651690691327,US,FD,FD,media/images/free_description/02-bike.jpg,first_mention_focal,1
SS1651690691327,US,FD,FD,media/images/free_description/03-plane.jpg,first_mention_focal,1
SS1651690691327,US,FD,FD,media/images/free_description/05-tiger.jpg,first_mention_focal,1
SS1651690691327,US,FD,FD,media/images/free_description/01-boat-river.jpg,first_mention_focal,1
SS1651690691327,US,FD,FD,media/images/free_description/07-train-green.jpg,first_mention_focal,1
SS1651690691327,US,FD,FD,media/images/free_description/06-train-red.jpg,first_mention_focal,1
SS1651690698980,US,FD,FD,media/images/free_description/05-tiger.jpg,first_mention_focal,1
SS1651690698980,US,FD,FD,media/images/free_description/03-plane.jpg,first_mention_focal,1
SS1651690698980,US,FD,FD,media/images/free_description/04-squirrel.jpg,first_mention_focal,1
SS1651690698980,US,FD,FD,media/images/free_description/07-train-green.jpg,first_mention_focal,1
SS1651690698980,US,FD,FD,media/images/free_description/02-bike.jpg,first_mention_focal,1
SS1651690698980,US,FD,FD,media/images/free_description/06-train-red.jpg,first_mention_focal,1
SS1651690698980,US,FD,FD,media/images/free_description/01-boat-river.jpg,first_mention_focal,1
SS1651690706045,US,FD,FD,media/images/free_description/06-train-red.jpg,first_mention_focal,1
SS1651690706045,US,FD,FD,media/images/free_description/05-tiger.jpg,first_mention_focal,1
SS1651690706045,US,FD,FD,media/images/free_description/03-plane.jpg,first_mention_focal,1
SS1651690706045,US,FD,FD,media/images/free_description/07-train-green.jpg,first_mention_focal,1
SS1651690706045,US,FD,FD,media/images/free_description/02-bike.jpg,first_mention_focal,1
SS1651690706045,US,FD,FD,media/images/free_description/01-boat-river.jpg,first_mention_focal,1
SS1651690706045,US,FD,FD,media/images/free_description/04-squirrel.jpg,first_mention_focal,1
SS1651690707343,US,FD,FD,media/images/free_description/06-train-red.jpg,first_mention_focal,1
SS1651690707343,US,FD,FD,media/images/free_description/03-plane.jpg,first_mention_focal,1
SS1651690707343,US,FD,FD,media/images/free_description/07-train-green.jpg,first_mention_focal,1
SS1651690707343,US,FD,FD,media/images/free_description/04-squirrel.jpg,first_mention_focal,1
SS1651690707343,US,FD,FD,media/images/free_description/01-boat-river.jpg,first_mention_focal,1
SS1651690707343,US,FD,FD,media/images/free_description/02-bike.jpg,first_mention_focal,1
SS1651690707343,US,FD,FD,media/images/free_description/05-tiger.jpg,first_mention_focal,1
SS1651690708015,US,FD,FD,media/images/free_description/02-bike.jpg,first_mention_focal,0
SS1651690708015,US,FD,FD,media/images/free_description/03-plane.jpg,first_mention_focal,1
SS1651690708015,US,FD,FD,media/images/free_description/06-train-red.jpg,first_mention_focal,1
SS1651690708015,US,FD,FD,media/images/free_description/05-tiger.jpg,first_mention_focal,1
SS1651690708015,US,FD,FD,media/images/free_description/04-squirrel.jpg,first_mention_focal,1
SS1651690708015,US,FD,FD,media/images/free_description/07-train-green.jpg,first_mention_focal,0
SS1651690708015,US,FD,FD,media/images/free_description/01-boat-river.jpg,first_mention_focal,0
SS1651690711805,US,FD,FD,media/images/free_description/07-train-green.jpg,first_mention_focal,1
SS1651690711805,US,FD,FD,media/images/free_description/04-squirrel.jpg,first_mention_focal,1
SS1651690711805,US,FD,FD,media/images/free_description/02-bike.jpg,first_mention_focal,1
SS1651690711805,US,FD,FD,media/images/free_description/03-plane.jpg,first_mention_focal,1
SS1651690711805,US,FD,FD,media/images/free_description/06-train-red.jpg,first_mention_focal,1
SS1651690711805,US,FD,FD,media/images/free_description/01-boat-river.jpg,first_mention_focal,1
SS1651690711805,US,FD,FD,media/images/free_description/05-tiger.jpg,first_mention_focal,1
SS1651690714289,US,FD,FD,media/images/free_description/01-boat-river.jpg,first_mention_focal,1
SS1651690714289,US,FD,FD,media/images/free_description/06-train-red.jpg,first_mention_focal,1
SS1651690714289,US,FD,FD,media/images/free_description/04-squirrel.jpg,first_mention_focal,1
SS1651690714289,US,FD,FD,media/images/free_description/03-plane.jpg,first_mention_focal,1
SS1651690714289,US,FD,FD,media/images/free_description/07-train-green.jpg,first_mention_focal,1
SS1651690714289,US,FD,FD,media/images/free_description/05-tiger.jpg,first_mention_focal,1
SS1651690714289,US,FD,FD,media/images/free_description/02-bike.jpg,first_mention_focal,1
SS1651690719363,US,FD,FD,media/images/free_description/04-squirrel.jpg,first_mention_focal,1
SS1651690719363,US,FD,FD,media/images/free_description/01-boat-river.jpg,first_mention_focal,1
SS1651690719363,US,FD,FD,media/images/free_description/06-train-red.jpg,first_mention_focal,1
SS1651690719363,US,FD,FD,media/images/free_description/07-train-green.jpg,first_mention_focal,1
SS1651690719363,US,FD,FD,media/images/free_description/05-tiger.jpg,first_mention_focal,0
SS1651690719363,US,FD,FD,media/images/free_description/03-plane.jpg,first_mention_focal,1
SS1651690719363,US,FD,FD,media/images/free_description/02-bike.jpg,first_mention_focal,1
SS1651690719510,US,FD,FD,media/images/free_description/07-train-green.jpg,first_mention_focal,1
SS1651690719510,US,FD,FD,media/images/free_description/04-squirrel.jpg,first_mention_focal,1
SS1651690719510,US,FD,FD,media/images/free_description/01-boat-river.jpg,first_mention_focal,1
SS1651690719510,US,FD,FD,media/images/free_description/03-plane.jpg,first_mention_focal,1
SS1651690719510,US,FD,FD,media/images/free_description/02-bike.jpg,first_mention_focal,1
SS1651690719510,US,FD,FD,media/images/free_description/05-tiger.jpg,first_mention_focal,1
SS1651690719510,US,FD,FD,media/images/free_description/06-train-red.jpg,first_mention_focal,1
SS1651690723933,US,FD,FD,media/images/free_description/06-train-red.jpg,first_mention_focal,1
SS1651690723933,US,FD,FD,media/images/free_description/04-squirrel.jpg,first_mention_focal,1
SS1651690723933,US,FD,FD,media/images/free_description/07-train-green.jpg,first_mention_focal,1
SS1651690723933,US,FD,FD,media/images/free_description/03-plane.jpg,first_mention_focal,1
SS1651690723933,US,FD,FD,media/images/free_description/01-boat-river.jpg,first_mention_focal,0
SS1651690723933,US,FD,FD,media/images/free_description/05-tiger.jpg,first_mention_focal,1
SS1651690723933,US,FD,FD,media/images/free_description/02-bike.jpg,first_mention_focal,1
SS1651690727662,US,FD,FD,media/images/free_description/07-train-green.jpg,first_mention_focal,1
SS1651690727662,US,FD,FD,media/images/free_description/03-plane.jpg,first_mention_focal,1
SS1651690727662,US,FD,FD,media/images/free_description/06-train-red.jpg,first_mention_focal,1
SS1651690727662,US,FD,FD,media/images/free_description/02-bike.jpg,first_mention_focal,1
SS1651690727662,US,FD,FD,media/images/free_description/04-squirrel.jpg,first_mention_focal,1
SS1651690727662,US,FD,FD,media/images/free_description/05-tiger.jpg,first_mention_focal,1
SS1651690727662,US,FD,FD,media/images/free_description/01-boat-river.jpg,first_mention_focal,1
SS1651690727759,US,FD,FD,media/images/free_description/02-bike.jpg,first_mention_focal,1
SS1651690727759,US,FD,FD,media/images/free_description/03-plane.jpg,first_mention_focal,1
SS1651690727759,US,FD,FD,media/images/free_description/05-tiger.jpg,first_mention_focal,1
SS1651690727759,US,FD,FD,media/images/free_description/04-squirrel.jpg,first_mention_focal,1
SS1651690727759,US,FD,FD,media/images/free_description/06-train-red.jpg,first_mention_focal,1
SS1651690727759,US,FD,FD,media/images/free_description/07-train-green.jpg,first_mention_focal,1
SS1651690727759,US,FD,FD,media/images/free_description/01-boat-river.jpg,first_mention_focal,1
SS1651690729593,US,FD,FD,media/images/free_description/06-train-red.jpg,first_mention_focal,1
SS1651690729593,US,FD,FD,media/images/free_description/03-plane.jpg,first_mention_focal,1
SS1651690729593,US,FD,FD,media/images/free_description/02-bike.jpg,first_mention_focal,1
SS1651690729593,US,FD,FD,media/images/free_description/04-squirrel.jpg,first_mention_focal,1
SS1651690729593,US,FD,FD,media/images/free_description/07-train-green.jpg,first_mention_focal,1
SS1651690729593,US,FD,FD,media/images/free_description/01-boat-river.jpg,first_mention_focal,1
SS1651690729593,US,FD,FD,media/images/free_description/05-tiger.jpg,first_mention_focal,1
SS1651690730467,US,FD,FD,media/images/free_description/02-bike.jpg,first_mention_focal,1
SS1651690730467,US,FD,FD,media/images/free_description/03-plane.jpg,first_mention_focal,1
SS1651690730467,US,FD,FD,media/images/free_description/01-boat-river.jpg,first_mention_focal,1
SS1651690730467,US,FD,FD,media/images/free_description/05-tiger.jpg,first_mention_focal,1
SS1651690730467,US,FD,FD,media/images/free_description/07-train-green.jpg,first_mention_focal,1
SS1651690730467,US,FD,FD,media/images/free_description/04-squirrel.jpg,first_mention_focal,1
SS1651690730467,US,FD,FD,media/images/free_description/06-train-red.jpg,first_mention_focal,1
SS1651690731537,US,FD,FD,media/images/free_description/01-boat-river.jpg,first_mention_focal,0
SS1651690731537,US,FD,FD,media/images/free_description/07-train-green.jpg,first_mention_focal,1
SS1651690731537,US,FD,FD,media/images/free_description/02-bike.jpg,first_mention_focal,1
SS1651690731537,US,FD,FD,media/images/free_description/05-tiger.jpg,first_mention_focal,1
SS1651690731537,US,FD,FD,media/images/free_description/03-plane.jpg,first_mention_focal,1
SS1651690731537,US,FD,FD,media/images/free_description/06-train-red.jpg,first_mention_focal,0
SS1651690731537,US,FD,FD,media/images/free_description/04-squirrel.jpg,first_mention_focal,0
SS1651690732177,US,FD,FD,media/images/free_description/07-train-green.jpg,first_mention_focal,1
SS1651690732177,US,FD,FD,media/images/free_description/02-bike.jpg,first_mention_focal,1
SS1651690732177,US,FD,FD,media/images/free_description/04-squirrel.jpg,first_mention_focal,1
SS1651690732177,US,FD,FD,media/images/free_description/05-tiger.jpg,first_mention_focal,1
SS1651690732177,US,FD,FD,media/images/free_description/03-plane.jpg,first_mention_focal,1
SS1651690732177,US,FD,FD,media/images/free_description/01-boat-river.jpg,first_mention_focal,1
SS1651690732177,US,FD,FD,media/images/free_description/06-train-red.jpg,first_mention_focal,1
SS1651690735020,US,FD,FD,media/images/free_description/07-train-green.jpg,first_mention_focal,1
SS1651690735020,US,FD,FD,media/images/free_description/05-tiger.jpg,first_mention_focal,1
SS1651690735020,US,FD,FD,media/images/free_description/01-boat-river.jpg,first_mention_focal,1
SS1651690735020,US,FD,FD,media/images/free_description/02-bike.jpg,first_mention_focal,1
SS1651690735020,US,FD,FD,media/images/free_description/06-train-red.jpg,first_mention_focal,1
SS1651690735020,US,FD,FD,media/images/free_description/03-plane.jpg,first_mention_focal,1
SS1651690740366,US,FD,FD,media/images/free_description/07-train-green.jpg,first_mention_focal,0
SS1651690740366,US,FD,FD,media/images/free_description/03-plane.jpg,first_mention_focal,0
SS1651690740366,US,FD,FD,media/images/free_description/06-train-red.jpg,first_mention_focal,0
SS1651690740366,US,FD,FD,media/images/free_description/01-boat-river.jpg,first_mention_focal,0
SS1651690740366,US,FD,FD,media/images/free_description/04-squirrel.jpg,first_mention_focal,0
SS1651690740366,US,FD,FD,media/images/free_description/02-bike.jpg,first_mention_focal,0
SS1651690740366,US,FD,FD,media/images/free_description/05-tiger.jpg,first_mention_focal,0
SS1651690741486,US,FD,FD,media/images/free_description/06-train-red.jpg,first_mention_focal,1
SS1651690741486,US,FD,FD,media/images/free_description/07-train-green.jpg,first_mention_focal,1
SS1651690741486,US,FD,FD,media/images/free_description/01-boat-river.jpg,first_mention_focal,0
SS1651690741486,US,FD,FD,media/images/free_description/02-bike.jpg,first_mention_focal,1
SS1651690741486,US,FD,FD,media/images/free_description/04-squirrel.jpg,first_mention_focal,1
SS1651690741486,US,FD,FD,media/images/free_description/03-plane.jpg,first_mention_focal,1
SS1651690741486,US,FD,FD,media/images/free_description/05-tiger.jpg,first_mention_focal,1
SS1651690741942,US,FD,FD,media/images/free_description/04-squirrel.jpg,first_mention_focal,1
SS1651690741942,US,FD,FD,media/images/free_description/05-tiger.jpg,first_mention_focal,1
SS1651690741942,US,FD,FD,media/images/free_description/02-bike.jpg,first_mention_focal,1
SS1651690741942,US,FD,FD,media/images/free_description/06-train-red.jpg,first_mention_focal,1
SS1651690741942,US,FD,FD,media/images/free_description/01-boat-river.jpg,first_mention_focal,1
SS1651690741942,US,FD,FD,media/images/free_description/03-plane.jpg,first_mention_focal,1
SS1651690741942,US,FD,FD,media/images/free_description/07-train-green.jpg,first_mention_focal,1
SS1651690743939,US,FD,FD,media/images/free_description/02-bike.jpg,first_mention_focal,1
SS1651690743939,US,FD,FD,media/images/free_description/06-train-red.jpg,first_mention_focal,1
SS1651690743939,US,FD,FD,media/images/free_description/04-squirrel.jpg,first_mention_focal,1
SS1651690743939,US,FD,FD,media/images/free_description/01-boat-river.jpg,first_mention_focal,1
SS1651690743939,US,FD,FD,media/images/free_description/05-tiger.jpg,first_mention_focal,1
SS1651690743939,US,FD,FD,media/images/free_description/03-plane.jpg,first_mention_focal,1
SS1651690743939,US,FD,FD,media/images/free_description/07-train-green.jpg,first_mention_focal,1
SS1651690748106,US,FD,FD,media/images/free_description/03-plane.jpg,first_mention_focal,1
SS1651690748106,US,FD,FD,media/images/free_description/01-boat-river.jpg,first_mention_focal,1
SS1651690748106,US,FD,FD,media/images/free_description/06-train-red.jpg,first_mention_focal,1
SS1651690748106,US,FD,FD,media/images/free_description/02-bike.jpg,first_mention_focal,1
SS1651690748106,US,FD,FD,media/images/free_description/07-train-green.jpg,first_mention_focal,1
SS1651690748106,US,FD,FD,media/images/free_description/04-squirrel.jpg,first_mention_focal,1
SS1651690748106,US,FD,FD,media/images/free_description/05-tiger.jpg,first_mention_focal,1
SS1651690758188,US,FD,FD,media/images/free_description/02-bike.jpg,first_mention_focal,1
SS1651690758188,US,FD,FD,media/images/free_description/01-boat-river.jpg,first_mention_focal,1
SS1651690758188,US,FD,FD,media/images/free_description/06-train-red.jpg,first_mention_focal,1
SS1651690758188,US,FD,FD,media/images/free_description/04-squirrel.jpg,first_mention_focal,1
SS1651690758188,US,FD,FD,media/images/free_description/07-train-green.jpg,first_mention_focal,1
SS1651690758188,US,FD,FD,media/images/free_description/03-plane.jpg,first_mention_focal,1
SS1651690758188,US,FD,FD,media/images/free_description/05-tiger.jpg,first_mention_focal,1
SS1651690762770,US,FD,FD,media/images/free_description/01-boat-river.jpg,first_mention_focal,1
SS1651690762770,US,FD,FD,media/images/free_description/05-tiger.jpg,first_mention_focal,1
SS1651690762770,US,FD,FD,media/images/free_description/06-train-red.jpg,first_mention_focal,1
SS1651690762770,US,FD,FD,media/images/free_description/03-plane.jpg,first_mention_focal,1
SS1651690762770,US,FD,FD,media/images/free_description/04-squirrel.jpg,first_mention_focal,1
SS1651690762770,US,FD,FD,media/images/free_description/07-train-green.jpg,first_mention_focal,0
SS1651690762770,US,FD,FD,media/images/free_description/02-bike.jpg,first_mention_focal,1
SS1651690768899,US,FD,FD,media/images/free_description/03-plane.jpg,first_mention_focal,1
SS1651690768899,US,FD,FD,media/images/free_description/06-train-red.jpg,first_mention_focal,1
SS1651690768899,US,FD,FD,media/images/free_description/07-train-green.jpg,first_mention_focal,1
SS1651690768899,US,FD,FD,media/images/free_description/01-boat-river.jpg,first_mention_focal,1
SS1651690768899,US,FD,FD,media/images/free_description/02-bike.jpg,first_mention_focal,1
SS1651690768899,US,FD,FD,media/images/free_description/04-squirrel.jpg,first_mention_focal,1
SS1651690768899,US,FD,FD,media/images/free_description/05-tiger.jpg,first_mention_focal,1
SS1651690793463,US,FD,FD,media/images/free_description/04-squirrel.jpg,first_mention_focal,1
SS1651690793463,US,FD,FD,media/images/free_description/05-tiger.jpg,first_mention_focal,1
SS1651690793463,US,FD,FD,media/images/free_description/06-train-red.jpg,first_mention_focal,1
SS1651690793463,US,FD,FD,media/images/free_description/03-plane.jpg,first_mention_focal,1
SS1651690793463,US,FD,FD,media/images/free_description/07-train-green.jpg,first_mention_focal,1
SS1651690793463,US,FD,FD,media/images/free_description/02-bike.jpg,first_mention_focal,1
SS1651690793463,US,FD,FD,media/images/free_description/01-boat-river.jpg,first_mention_focal,1
SS1651690802568,US,FD,FD,media/images/free_description/06-train-red.jpg,first_mention_focal,1
SS1651690802568,US,FD,FD,media/images/free_description/02-bike.jpg,first_mention_focal,1
SS1651690802568,US,FD,FD,media/images/free_description/04-squirrel.jpg,first_mention_focal,1
SS1651690802568,US,FD,FD,media/images/free_description/01-boat-river.jpg,first_mention_focal,1
SS1651690802568,US,FD,FD,media/images/free_description/05-tiger.jpg,first_mention_focal,1
SS1651690802568,US,FD,FD,media/images/free_description/03-plane.jpg,first_mention_focal,1
SS1651690802568,US,FD,FD,media/images/free_description/07-train-green.jpg,first_mention_focal,1
SS1651690810190,US,FD,FD,media/images/free_description/06-train-red.jpg,first_mention_focal,1
SS1651690810190,US,FD,FD,media/images/free_description/02-bike.jpg,first_mention_focal,1
SS1651690810190,US,FD,FD,media/images/free_description/07-train-green.jpg,first_mention_focal,1
SS1651690810190,US,FD,FD,media/images/free_description/03-plane.jpg,first_mention_focal,1
SS1651690810190,US,FD,FD,media/images/free_description/01-boat-river.jpg,first_mention_focal,1
SS1651690810190,US,FD,FD,media/images/free_description/04-squirrel.jpg,first_mention_focal,1
SS1651690810190,US,FD,FD,media/images/free_description/05-tiger.jpg,first_mention_focal,1
SS1651690858692,US,FD,FD,media/images/free_description/01-boat-river.jpg,first_mention_focal,1
SS1651690858692,US,FD,FD,media/images/free_description/07-train-green.jpg,first_mention_focal,1
SS1651690858692,US,FD,FD,media/images/free_description/03-plane.jpg,first_mention_focal,1
SS1651690858692,US,FD,FD,media/images/free_description/06-train-red.jpg,first_mention_focal,1
SS1651690858692,US,FD,FD,media/images/free_description/04-squirrel.jpg,first_mention_focal,1
SS1651690858692,US,FD,FD,media/images/free_description/05-tiger.jpg,first_mention_focal,1
SS1651690858692,US,FD,FD,media/images/free_description/02-bike.jpg,first_mention_focal,1
SS1651690873357,US,FD,FD,media/images/free_description/07-train-green.jpg,first_mention_focal,1
SS1651690873357,US,FD,FD,media/images/free_description/06-train-red.jpg,first_mention_focal,1
SS1651690873357,US,FD,FD,media/images/free_description/01-boat-river.jpg,first_mention_focal,1
SS1651690873357,US,FD,FD,media/images/free_description/04-squirrel.jpg,first_mention_focal,1
SS1651690873357,US,FD,FD,media/images/free_description/02-bike.jpg,first_mention_focal,1
SS1651690873357,US,FD,FD,media/images/free_description/03-plane.jpg,first_mention_focal,1
SS1651690873357,US,FD,FD,media/images/free_description/05-tiger.jpg,first_mention_focal,1
SS1651690892118,US,FD,FD,media/images/free_description/01-boat-river.jpg,first_mention_focal,1
SS1651690892118,US,FD,FD,media/images/free_description/02-bike.jpg,first_mention_focal,0
SS1651690892118,US,FD,FD,media/images/free_description/04-squirrel.jpg,first_mention_focal,1
SS1651690892118,US,FD,FD,media/images/free_description/06-train-red.jpg,first_mention_focal,1
SS1651690892118,US,FD,FD,media/images/free_description/05-tiger.jpg,first_mention_focal,1
SS1651690892118,US,FD,FD,media/images/free_description/03-plane.jpg,first_mention_focal,1
SS1651690892118,US,FD,FD,media/images/free_description/07-train-green.jpg,first_mention_focal,1
SS1651690898679,US,FD,FD,media/images/free_description/03-plane.jpg,first_mention_focal,1
SS1651690898679,US,FD,FD,media/images/free_description/07-train-green.jpg,first_mention_focal,1
SS1651690898679,US,FD,FD,media/images/free_description/06-train-red.jpg,first_mention_focal,1
SS1651690898679,US,FD,FD,media/images/free_description/02-bike.jpg,first_mention_focal,1
SS1651690898679,US,FD,FD,media/images/free_description/01-boat-river.jpg,first_mention_focal,1
SS1651690898679,US,FD,FD,media/images/free_description/04-squirrel.jpg,first_mention_focal,1
SS1651690898679,US,FD,FD,media/images/free_description/05-tiger.jpg,first_mention_focal,1
SS1651690926515,US,FD,FD,media/images/free_description/02-bike.jpg,first_mention_focal,1
SS1651690926515,US,FD,FD,media/images/free_description/01-boat-river.jpg,first_mention_focal,1
SS1651690926515,US,FD,FD,media/images/free_description/07-train-green.jpg,first_mention_focal,1
SS1651690926515,US,FD,FD,media/images/free_description/06-train-red.jpg,first_mention_focal,1
SS1651690926515,US,FD,FD,media/images/free_description/05-tiger.jpg,first_mention_focal,1
SS1651690926515,US,FD,FD,media/images/free_description/03-plane.jpg,first_mention_focal,1
SS1651690926515,US,FD,FD,media/images/free_description/04-squirrel.jpg,first_mention_focal,1
SS1651690932141,US,FD,FD,media/images/free_description/06-train-red.jpg,first_mention_focal,1
SS1651690932141,US,FD,FD,media/images/free_description/04-squirrel.jpg,first_mention_focal,1
SS1651690932141,US,FD,FD,media/images/free_description/07-train-green.jpg,first_mention_focal,1
SS1651690932141,US,FD,FD,media/images/free_description/03-plane.jpg,first_mention_focal,1
SS1651690932141,US,FD,FD,media/images/free_description/01-boat-river.jpg,first_mention_focal,1
SS1651690932141,US,FD,FD,media/images/free_description/05-tiger.jpg,first_mention_focal,1
SS1651690932141,US,FD,FD,media/images/free_description/02-bike.jpg,first_mention_focal,1
SS1651690949027,US,FD,FD,media/images/free_description/06-train-red.jpg,first_mention_focal,1
SS1651690949027,US,FD,FD,media/images/free_description/05-tiger.jpg,first_mention_focal,1
SS1651690949027,US,FD,FD,media/images/free_description/04-squirrel.jpg,first_mention_focal,1
SS1651690949027,US,FD,FD,media/images/free_description/03-plane.jpg,first_mention_focal,1
SS1651690949027,US,FD,FD,media/images/free_description/02-bike.jpg,first_mention_focal,1
SS1651690949027,US,FD,FD,media/images/free_description/01-boat-river.jpg,first_mention_focal,1
SS1651690949027,US,FD,FD,media/images/free_description/07-train-green.jpg,first_mention_focal,1
SS1651691043519,US,FD,FD,media/images/free_description/06-train-red.jpg,first_mention_focal,1
SS1651691043519,US,FD,FD,media/images/free_description/02-bike.jpg,first_mention_focal,0
SS1651691043519,US,FD,FD,media/images/free_description/04-squirrel.jpg,first_mention_focal,1
SS1651691043519,US,FD,FD,media/images/free_description/07-train-green.jpg,first_mention_focal,1
SS1651691043519,US,FD,FD,media/images/free_description/05-tiger.jpg,first_mention_focal,1
SS1651691043519,US,FD,FD,media/images/free_description/01-boat-river.jpg,first_mention_focal,1
SS1651691043519,US,FD,FD,media/images/free_description/03-plane.jpg,first_mention_focal,1
SS1651691175620,US,FD,FD,media/images/free_description/03-plane.jpg,first_mention_focal,1
SS1651691175620,US,FD,FD,media/images/free_description/05-tiger.jpg,first_mention_focal,1
SS1651691175620,US,FD,FD,media/images/free_description/07-train-green.jpg,first_mention_focal,1
SS1651691175620,US,FD,FD,media/images/free_description/06-train-red.jpg,first_mention_focal,1
SS1651691175620,US,FD,FD,media/images/free_description/02-bike.jpg,first_mention_focal,1
SS1651691175620,US,FD,FD,media/images/free_description/04-squirrel.jpg,first_mention_focal,1
SS1651691175620,US,FD,FD,media/images/free_description/01-boat-river.jpg,first_mention_focal,1
SS1651691207769,US,FD,FD,media/images/free_description/01-boat-river.jpg,first_mention_focal,0
SS1651691207769,US,FD,FD,media/images/free_description/02-bike.jpg,first_mention_focal,1
SS1651691207769,US,FD,FD,media/images/free_description/06-train-red.jpg,first_mention_focal,0
SS1651691207769,US,FD,FD,media/images/free_description/03-plane.jpg,first_mention_focal,1
SS1651691207769,US,FD,FD,media/images/free_description/05-tiger.jpg,first_mention_focal,1
SS1651691207769,US,FD,FD,media/images/free_description/04-squirrel.jpg,first_mention_focal,1
SS1651691207769,US,FD,FD,media/images/free_description/07-train-green.jpg,first_mention_focal,1
SS1651691673018,US,FD,FD,media/images/free_description/05-tiger.jpg,first_mention_focal,1
SS1651691673018,US,FD,FD,media/images/free_description/03-plane.jpg,first_mention_focal,1
SS1651691673018,US,FD,FD,media/images/free_description/07-train-green.jpg,first_mention_focal,1
SS1651691673018,US,FD,FD,media/images/free_description/06-train-red.jpg,first_mention_focal,1
SS1651691673018,US,FD,FD,media/images/free_description/01-boat-river.jpg,first_mention_focal,1
SS1651691673018,US,FD,FD,media/images/free_description/02-bike.jpg,first_mention_focal,1
SS1651691673018,US,FD,FD,media/images/free_description/04-squirrel.jpg,first_mention_focal,1
SS1651692016531,US,FD,FD,media/images/free_description/07-train-green.jpg,first_mention_focal,1
SS1651692016531,US,FD,FD,media/images/free_description/01-boat-river.jpg,first_mention_focal,1
SS1651692016531,US,FD,FD,media/images/free_description/04-squirrel.jpg,first_mention_focal,1
SS1651692016531,US,FD,FD,media/images/free_description/06-train-red.jpg,first_mention_focal,1
SS1651692016531,US,FD,FD,media/images/free_description/03-plane.jpg,first_mention_focal,1
SS1651692016531,US,FD,FD,media/images/free_description/02-bike.jpg,first_mention_focal,1
SS1651692016531,US,FD,FD,media/images/free_description/05-tiger.jpg,first_mention_focal,1
SS1651692160397,US,FD,FD,media/images/free_description/01-boat-river.jpg,first_mention_focal,0
SS1651692160397,US,FD,FD,media/images/free_description/05-tiger.jpg,first_mention_focal,1
SS1651692160397,US,FD,FD,media/images/free_description/06-train-red.jpg,first_mention_focal,1
SS1651692160397,US,FD,FD,media/images/free_description/02-bike.jpg,first_mention_focal,1
SS1651692160397,US,FD,FD,media/images/free_description/07-train-green.jpg,first_mention_focal,1
SS1651692160397,US,FD,FD,media/images/free_description/04-squirrel.jpg,first_mention_focal,1
SS1651692160397,US,FD,FD,media/images/free_description/03-plane.jpg,first_mention_focal,1
SS1651694070275,US,FD,FD,media/images/free_description/04-squirrel.jpg,first_mention_focal,1
SS1651694070275,US,FD,FD,media/images/free_description/02-bike.jpg,first_mention_focal,1
SS1651694070275,US,FD,FD,media/images/free_description/06-train-red.jpg,first_mention_focal,1
SS1651694070275,US,FD,FD,media/images/free_description/07-train-green.jpg,first_mention_focal,1
SS1651694070275,US,FD,FD,media/images/free_description/03-plane.jpg,first_mention_focal,1
SS1651694070275,US,FD,FD,media/images/free_description/01-boat-river.jpg,first_mention_focal,1
SS1651697396411,US,FD,FD,media/images/free_description/01-boat-river.jpg,first_mention_focal,1
SS1651697396411,US,FD,FD,media/images/free_description/06-train-red.jpg,first_mention_focal,1
SS1651697396411,US,FD,FD,media/images/free_description/03-plane.jpg,first_mention_focal,1
SS1651697396411,US,FD,FD,media/images/free_description/07-train-green.jpg,first_mention_focal,1
SS1651697396411,US,FD,FD,media/images/free_description/05-tiger.jpg,first_mention_focal,1
SS1651697396411,US,FD,FD,media/images/free_description/04-squirrel.jpg,first_mention_focal,1
SS1651697396411,US,FD,FD,media/images/free_description/02-bike.jpg,first_mention_focal,1
SS1651868487521,US,FD,FD,media/images/free_description/03-plane.jpg,first_mention_focal,1
SS1651868487521,US,FD,FD,media/images/free_description/04-squirrel.jpg,first_mention_focal,1
SS1651868487521,US,FD,FD,media/images/free_description/05-tiger.jpg,first_mention_focal,1
SS1651868487521,US,FD,FD,media/images/free_description/02-bike.jpg,first_mention_focal,1
SS1651868487521,US,FD,FD,media/images/free_description/06-train-red.jpg,first_mention_focal,1
SS1651868487521,US,FD,FD,media/images/free_description/01-boat-river.jpg,first_mention_focal,1
SS1651868487521,US,FD,FD,media/images/free_description/07-train-green.jpg,first_mention_focal,1
SS1651868699067,US,FD,FD,media/images/free_description/01-boat-river.jpg,first_mention_focal,0
SS1651868699067,US,FD,FD,media/images/free_description/04-squirrel.jpg,first_mention_focal,1
SS1651868699067,US,FD,FD,media/images/free_description/07-train-green.jpg,first_mention_focal,1
SS1651868699067,US,FD,FD,media/images/free_description/03-plane.jpg,first_mention_focal,1
SS1651868699067,US,FD,FD,media/images/free_description/06-train-red.jpg,first_mention_focal,1
SS1651868699067,US,FD,FD,media/images/free_description/05-tiger.jpg,first_mention_focal,1
SS1651868699067,US,FD,FD,media/images/free_description/02-bike.jpg,first_mention_focal,1
SS1651868701012,US,FD,FD,media/images/free_description/02-bike.jpg,first_mention_focal,1
SS1651868701012,US,FD,FD,media/images/free_description/07-train-green.jpg,first_mention_focal,1
SS1651868701012,US,FD,FD,media/images/free_description/03-plane.jpg,first_mention_focal,1
SS1651868701012,US,FD,FD,media/images/free_description/01-boat-river.jpg,first_mention_focal,1
SS1651868701012,US,FD,FD,media/images/free_description/06-train-red.jpg,first_mention_focal,1
SS1651868701012,US,FD,FD,media/images/free_description/04-squirrel.jpg,first_mention_focal,1
SS1651868701012,US,FD,FD,media/images/free_description/05-tiger.jpg,first_mention_focal,1
SS1651868705438,US,FD,FD,media/images/free_description/02-bike.jpg,first_mention_focal,1
SS1651868705438,US,FD,FD,media/images/free_description/03-plane.jpg,first_mention_focal,1
SS1651868705438,US,FD,FD,media/images/free_description/07-train-green.jpg,first_mention_focal,1
SS1651868705438,US,FD,FD,media/images/free_description/01-boat-river.jpg,first_mention_focal,1
SS1651868705438,US,FD,FD,media/images/free_description/04-squirrel.jpg,first_mention_focal,1
SS1651868705438,US,FD,FD,media/images/free_description/05-tiger.jpg,first_mention_focal,1
SS1651868705438,US,FD,FD,media/images/free_description/06-train-red.jpg,first_mention_focal,1
SS1651868707186,US,FD,FD,media/images/free_description/03-plane.jpg,first_mention_focal,0
SS1651868707186,US,FD,FD,media/images/free_description/06-train-red.jpg,first_mention_focal,1
SS1651868707186,US,FD,FD,media/images/free_description/05-tiger.jpg,first_mention_focal,1
SS1651868707186,US,FD,FD,media/images/free_description/01-boat-river.jpg,first_mention_focal,1
SS1651868707186,US,FD,FD,media/images/free_description/04-squirrel.jpg,first_mention_focal,1
SS1651868707186,US,FD,FD,media/images/free_description/02-bike.jpg,first_mention_focal,1
SS1651868707186,US,FD,FD,media/images/free_description/07-train-green.jpg,first_mention_focal,1
SS1651868708760,US,FD,FD,media/images/free_description/07-train-green.jpg,first_mention_focal,0
SS1651868708760,US,FD,FD,media/images/free_description/05-tiger.jpg,first_mention_focal,0
SS1651868708760,US,FD,FD,media/images/free_description/01-boat-river.jpg,first_mention_focal,0
SS1651868708760,US,FD,FD,media/images/free_description/03-plane.jpg,first_mention_focal,1
SS1651868708760,US,FD,FD,media/images/free_description/06-train-red.jpg,first_mention_focal,0
SS1651868708760,US,FD,FD,media/images/free_description/04-squirrel.jpg,first_mention_focal,0
SS1651868708760,US,FD,FD,media/images/free_description/02-bike.jpg,first_mention_focal,0
SS1651868710355,US,FD,FD,media/images/free_description/01-boat-river.jpg,first_mention_focal,0
SS1651868710355,US,FD,FD,media/images/free_description/04-squirrel.jpg,first_mention_focal,1
SS1651868710355,US,FD,FD,media/images/free_description/03-plane.jpg,first_mention_focal,1
SS1651868710355,US,FD,FD,media/images/free_description/07-train-green.jpg,first_mention_focal,1
SS1651868710355,US,FD,FD,media/images/free_description/05-tiger.jpg,first_mention_focal,1
SS1651868710355,US,FD,FD,media/images/free_description/06-train-red.jpg,first_mention_focal,1
SS1651868710355,US,FD,FD,media/images/free_description/02-bike.jpg,first_mention_focal,1
SS1651868712524,US,FD,FD,media/images/free_description/06-train-red.jpg,first_mention_focal,1
SS1651868712524,US,FD,FD,media/images/free_description/07-train-green.jpg,first_mention_focal,1
SS1651868712524,US,FD,FD,media/images/free_description/04-squirrel.jpg,first_mention_focal,1
SS1651868712524,US,FD,FD,media/images/free_description/03-plane.jpg,first_mention_focal,1
SS1651868712524,US,FD,FD,media/images/free_description/02-bike.jpg,first_mention_focal,1
SS1651868712524,US,FD,FD,media/images/free_description/01-boat-river.jpg,first_mention_focal,1
SS1651868712524,US,FD,FD,media/images/free_description/05-tiger.jpg,first_mention_focal,1
SS1651868713554,US,FD,FD,media/images/free_description/02-bike.jpg,first_mention_focal,1
SS1651868713554,US,FD,FD,media/images/free_description/05-tiger.jpg,first_mention_focal,1
SS1651868713554,US,FD,FD,media/images/free_description/04-squirrel.jpg,first_mention_focal,1
SS1651868713554,US,FD,FD,media/images/free_description/06-train-red.jpg,first_mention_focal,1
SS1651868713554,US,FD,FD,media/images/free_description/01-boat-river.jpg,first_mention_focal,0
SS1651868713554,US,FD,FD,media/images/free_description/03-plane.jpg,first_mention_focal,1
SS1651868713554,US,FD,FD,media/images/free_description/07-train-green.jpg,first_mention_focal,1
SS1651868714312,US,FD,FD,media/images/free_description/05-tiger.jpg,first_mention_focal,1
SS1651868714312,US,FD,FD,media/images/free_description/02-bike.jpg,first_mention_focal,1
SS1651868714312,US,FD,FD,media/images/free_description/01-boat-river.jpg,first_mention_focal,1
SS1651868714312,US,FD,FD,media/images/free_description/07-train-green.jpg,first_mention_focal,1
SS1651868714312,US,FD,FD,media/images/free_description/03-plane.jpg,first_mention_focal,1
SS1651868714312,US,FD,FD,media/images/free_description/04-squirrel.jpg,first_mention_focal,1
SS1651868714312,US,FD,FD,media/images/free_description/06-train-red.jpg,first_mention_focal,1
SS1651868714404,US,FD,FD,media/images/free_description/02-bike.jpg,first_mention_focal,1
SS1651868714404,US,FD,FD,media/images/free_description/05-tiger.jpg,first_mention_focal,1
SS1651868714404,US,FD,FD,media/images/free_description/03-plane.jpg,first_mention_focal,1
SS1651868714404,US,FD,FD,media/images/free_description/07-train-green.jpg,first_mention_focal,1
SS1651868714404,US,FD,FD,media/images/free_description/06-train-red.jpg,first_mention_focal,1
SS1651868714404,US,FD,FD,media/images/free_description/04-squirrel.jpg,first_mention_focal,1
SS1651868714404,US,FD,FD,media/images/free_description/01-boat-river.jpg,first_mention_focal,1
SS1651868716048,US,FD,FD,media/images/free_description/07-train-green.jpg,first_mention_focal,1
SS1651868716048,US,FD,FD,media/images/free_description/06-train-red.jpg,first_mention_focal,1
SS1651868716048,US,FD,FD,media/images/free_description/03-plane.jpg,first_mention_focal,1
SS1651868716048,US,FD,FD,media/images/free_description/01-boat-river.jpg,first_mention_focal,1
SS1651868716048,US,FD,FD,media/images/free_description/05-tiger.jpg,first_mention_focal,1
SS1651868716048,US,FD,FD,media/images/free_description/04-squirrel.jpg,first_mention_focal,1
SS1651868716048,US,FD,FD,media/images/free_description/02-bike.jpg,first_mention_focal,1
SS1651868717843,US,FD,FD,media/images/free_description/07-train-green.jpg,first_mention_focal,1
SS1651868717843,US,FD,FD,media/images/free_description/04-squirrel.jpg,first_mention_focal,1
SS1651868717843,US,FD,FD,media/images/free_description/02-bike.jpg,first_mention_focal,1
SS1651868717843,US,FD,FD,media/images/free_description/01-boat-river.jpg,first_mention_focal,1
SS1651868717843,US,FD,FD,media/images/free_description/06-train-red.jpg,first_mention_focal,1
SS1651868717843,US,FD,FD,media/images/free_description/03-plane.jpg,first_mention_focal,1
SS1651868717843,US,FD,FD,media/images/free_description/05-tiger.jpg,first_mention_focal,1
SS1651868718682,US,FD,FD,media/images/free_description/03-plane.jpg,first_mention_focal,1
SS1651868718682,US,FD,FD,media/images/free_description/06-train-red.jpg,first_mention_focal,1
SS1651868718682,US,FD,FD,media/images/free_description/07-train-green.jpg,first_mention_focal,1
SS1651868718682,US,FD,FD,media/images/free_description/02-bike.jpg,first_mention_focal,0
SS1651868718682,US,FD,FD,media/images/free_description/04-squirrel.jpg,first_mention_focal,1
SS1651868718682,US,FD,FD,media/images/free_description/05-tiger.jpg,first_mention_focal,0
SS1651868718682,US,FD,FD,media/images/free_description/01-boat-river.jpg,first_mention_focal,0
SS1651868720723,US,FD,FD,media/images/free_description/03-plane.jpg,first_mention_focal,0
SS1651868720723,US,FD,FD,media/images/free_description/06-train-red.jpg,first_mention_focal,1
SS1651868720723,US,FD,FD,media/images/free_description/07-train-green.jpg,first_mention_focal,1
SS1651868720723,US,FD,FD,media/images/free_description/01-boat-river.jpg,first_mention_focal,1
SS1651868720723,US,FD,FD,media/images/free_description/05-tiger.jpg,first_mention_focal,1
SS1651868720723,US,FD,FD,media/images/free_description/04-squirrel.jpg,first_mention_focal,1
SS1651868720723,US,FD,FD,media/images/free_description/02-bike.jpg,first_mention_focal,1
SS1651868725160,US,FD,FD,media/images/free_description/05-tiger.jpg,first_mention_focal,1
SS1651868725160,US,FD,FD,media/images/free_description/03-plane.jpg,first_mention_focal,1
SS1651868725160,US,FD,FD,media/images/free_description/06-train-red.jpg,first_mention_focal,1
SS1651868725160,US,FD,FD,media/images/free_description/02-bike.jpg,first_mention_focal,1
SS1651868725160,US,FD,FD,media/images/free_description/07-train-green.jpg,first_mention_focal,1
SS1651868725160,US,FD,FD,media/images/free_description/04-squirrel.jpg,first_mention_focal,1
SS1651868736601,US,FD,FD,media/images/free_description/03-plane.jpg,first_mention_focal,1
SS1651868736601,US,FD,FD,media/images/free_description/07-train-green.jpg,first_mention_focal,1
SS1651868736601,US,FD,FD,media/images/free_description/06-train-red.jpg,first_mention_focal,1
SS1651868736601,US,FD,FD,media/images/free_description/05-tiger.jpg,first_mention_focal,1
SS1651868736601,US,FD,FD,media/images/free_description/04-squirrel.jpg,first_mention_focal,1
SS1651868736601,US,FD,FD,media/images/free_description/01-boat-river.jpg,first_mention_focal,1
SS1651868736601,US,FD,FD,media/images/free_description/02-bike.jpg,first_mention_focal,1
SS1651868738305,US,FD,FD,media/images/free_description/07-train-green.jpg,first_mention_focal,1
SS1651868738305,US,FD,FD,media/images/free_description/02-bike.jpg,first_mention_focal,1
SS1651868738305,US,FD,FD,media/images/free_description/06-train-red.jpg,first_mention_focal,1
SS1651868738305,US,FD,FD,media/images/free_description/01-boat-river.jpg,first_mention_focal,1
SS1651868738305,US,FD,FD,media/images/free_description/05-tiger.jpg,first_mention_focal,1
SS1651868738305,US,FD,FD,media/images/free_description/04-squirrel.jpg,first_mention_focal,1
SS1651868738305,US,FD,FD,media/images/free_description/03-plane.jpg,first_mention_focal,1
SS1651868744832,US,FD,FD,media/images/free_description/02-bike.jpg,first_mention_focal,1
SS1651868744832,US,FD,FD,media/images/free_description/04-squirrel.jpg,first_mention_focal,1
SS1651868744832,US,FD,FD,media/images/free_description/06-train-red.jpg,first_mention_focal,1
SS1651868744832,US,FD,FD,media/images/free_description/03-plane.jpg,first_mention_focal,1
SS1651868744832,US,FD,FD,media/images/free_description/01-boat-river.jpg,first_mention_focal,1
SS1651868744832,US,FD,FD,media/images/free_description/05-tiger.jpg,first_mention_focal,1
SS1651868744832,US,FD,FD,media/images/free_description/07-train-green.jpg,first_mention_focal,1
SS1651868744957,US,FD,FD,media/images/free_description/01-boat-river.jpg,first_mention_focal,1
SS1651868744957,US,FD,FD,media/images/free_description/06-train-red.jpg,first_mention_focal,1
SS1651868744957,US,FD,FD,media/images/free_description/05-tiger.jpg,first_mention_focal,1
SS1651868744957,US,FD,FD,media/images/free_description/04-squirrel.jpg,first_mention_focal,1
SS1651868744957,US,FD,FD,media/images/free_description/07-train-green.jpg,first_mention_focal,1
SS1651868744957,US,FD,FD,media/images/free_description/02-bike.jpg,first_mention_focal,1
SS1651868744957,US,FD,FD,media/images/free_description/03-plane.jpg,first_mention_focal,1
SS1651868745180,US,FD,FD,media/images/free_description/01-boat-river.jpg,first_mention_focal,1
SS1651868745180,US,FD,FD,media/images/free_description/02-bike.jpg,first_mention_focal,1
SS1651868745180,US,FD,FD,media/images/free_description/05-tiger.jpg,first_mention_focal,1
SS1651868745180,US,FD,FD,media/images/free_description/07-train-green.jpg,first_mention_focal,0
SS1651868745180,US,FD,FD,media/images/free_description/03-plane.jpg,first_mention_focal,1
SS1651868745180,US,FD,FD,media/images/free_description/04-squirrel.jpg,first_mention_focal,0
SS1651868745180,US,FD,FD,media/images/free_description/06-train-red.jpg,first_mention_focal,1
SS1651868745703,US,FD,FD,media/images/free_description/01-boat-river.jpg,first_mention_focal,0
SS1651868745703,US,FD,FD,media/images/free_description/03-plane.jpg,first_mention_focal,1
SS1651868745703,US,FD,FD,media/images/free_description/07-train-green.jpg,first_mention_focal,1
SS1651868745703,US,FD,FD,media/images/free_description/04-squirrel.jpg,first_mention_focal,1
SS1651868745703,US,FD,FD,media/images/free_description/02-bike.jpg,first_mention_focal,1
SS1651868745703,US,FD,FD,media/images/free_description/06-train-red.jpg,first_mention_focal,1
SS1651868745703,US,FD,FD,media/images/free_description/05-tiger.jpg,first_mention_focal,1
SS1651868751261,US,FD,FD,media/images/free_description/06-train-red.jpg,first_mention_focal,1
SS1651868751261,US,FD,FD,media/images/free_description/07-train-green.jpg,first_mention_focal,1
SS1651868751261,US,FD,FD,media/images/free_description/04-squirrel.jpg,first_mention_focal,1
SS1651868751261,US,FD,FD,media/images/free_description/01-boat-river.jpg,first_mention_focal,1
SS1651868751261,US,FD,FD,media/images/free_description/05-tiger.jpg,first_mention_focal,1
SS1651868751261,US,FD,FD,media/images/free_description/03-plane.jpg,first_mention_focal,1
SS1651868751261,US,FD,FD,media/images/free_description/02-bike.jpg,first_mention_focal,1
SS1651868754302,US,FD,FD,media/images/free_description/07-train-green.jpg,first_mention_focal,1
SS1651868754302,US,FD,FD,media/images/free_description/02-bike.jpg,first_mention_focal,1
SS1651868754302,US,FD,FD,media/images/free_description/06-train-red.jpg,first_mention_focal,1
SS1651868754302,US,FD,FD,media/images/free_description/04-squirrel.jpg,first_mention_focal,1
SS1651868754302,US,FD,FD,media/images/free_description/01-boat-river.jpg,first_mention_focal,1
SS1651868754302,US,FD,FD,media/images/free_description/03-plane.jpg,first_mention_focal,1
SS1651868754302,US,FD,FD,media/images/free_description/05-tiger.jpg,first_mention_focal,1
SS1651868756130,US,FD,FD,media/images/free_description/06-train-red.jpg,first_mention_focal,1
SS1651868756130,US,FD,FD,media/images/free_description/02-bike.jpg,first_mention_focal,1
SS1651868756130,US,FD,FD,media/images/free_description/01-boat-river.jpg,first_mention_focal,1
SS1651868756130,US,FD,FD,media/images/free_description/03-plane.jpg,first_mention_focal,1
SS1651868756130,US,FD,FD,media/images/free_description/05-tiger.jpg,first_mention_focal,1
SS1651868756130,US,FD,FD,media/images/free_description/07-train-green.jpg,first_mention_focal,1
SS1651868756130,US,FD,FD,media/images/free_description/04-squirrel.jpg,first_mention_focal,1
SS1651868757005,US,FD,FD,media/images/free_description/06-train-red.jpg,first_mention_focal,1
SS1651868757005,US,FD,FD,media/images/free_description/07-train-green.jpg,first_mention_focal,1
SS1651868757005,US,FD,FD,media/images/free_description/03-plane.jpg,first_mention_focal,1
SS1651868757005,US,FD,FD,media/images/free_description/04-squirrel.jpg,first_mention_focal,1
SS1651868757005,US,FD,FD,media/images/free_description/02-bike.jpg,first_mention_focal,1
SS1651868757005,US,FD,FD,media/images/free_description/05-tiger.jpg,first_mention_focal,1
SS1651868757005,US,FD,FD,media/images/free_description/01-boat-river.jpg,first_mention_focal,1
SS1651868767690,US,FD,FD,media/images/free_description/04-squirrel.jpg,first_mention_focal,1
SS1651868767690,US,FD,FD,media/images/free_description/03-plane.jpg,first_mention_focal,1
SS1651868767690,US,FD,FD,media/images/free_description/02-bike.jpg,first_mention_focal,1
SS1651868767690,US,FD,FD,media/images/free_description/01-boat-river.jpg,first_mention_focal,1
SS1651868767690,US,FD,FD,media/images/free_description/07-train-green.jpg,first_mention_focal,1
SS1651868767690,US,FD,FD,media/images/free_description/05-tiger.jpg,first_mention_focal,1
SS1651868767690,US,FD,FD,media/images/free_description/06-train-red.jpg,first_mention_focal,1
SS1651868773205,US,FD,FD,media/images/free_description/02-bike.jpg,first_mention_focal,1
SS1651868773205,US,FD,FD,media/images/free_description/04-squirrel.jpg,first_mention_focal,1
SS1651868773205,US,FD,FD,media/images/free_description/06-train-red.jpg,first_mention_focal,1
SS1651868773205,US,FD,FD,media/images/free_description/07-train-green.jpg,first_mention_focal,1
SS1651868773205,US,FD,FD,media/images/free_description/05-tiger.jpg,first_mention_focal,1
SS1651868773205,US,FD,FD,media/images/free_description/03-plane.jpg,first_mention_focal,1
SS1651868773205,US,FD,FD,media/images/free_description/01-boat-river.jpg,first_mention_focal,1
SS1651868778604,US,FD,FD,media/images/free_description/02-bike.jpg,first_mention_focal,1
SS1651868778604,US,FD,FD,media/images/free_description/01-boat-river.jpg,first_mention_focal,1
SS1651868778604,US,FD,FD,media/images/free_description/04-squirrel.jpg,first_mention_focal,1
SS1651868778604,US,FD,FD,media/images/free_description/07-train-green.jpg,first_mention_focal,1
SS1651868778604,US,FD,FD,media/images/free_description/03-plane.jpg,first_mention_focal,1
SS1651868778604,US,FD,FD,media/images/free_description/06-train-red.jpg,first_mention_focal,1
SS1651868778604,US,FD,FD,media/images/free_description/05-tiger.jpg,first_mention_focal,1
SS1651868779378,US,FD,FD,media/images/free_description/05-tiger.jpg,first_mention_focal,1
SS1651868779378,US,FD,FD,media/images/free_description/04-squirrel.jpg,first_mention_focal,1
SS1651868779378,US,FD,FD,media/images/free_description/01-boat-river.jpg,first_mention_focal,0
SS1651868779378,US,FD,FD,media/images/free_description/03-plane.jpg,first_mention_focal,1
SS1651868779378,US,FD,FD,media/images/free_description/07-train-green.jpg,first_mention_focal,1
SS1651868779378,US,FD,FD,media/images/free_description/06-train-red.jpg,first_mention_focal,1
SS1651868779378,US,FD,FD,media/images/free_description/02-bike.jpg,first_mention_focal,1
SS1651868780067,US,FD,FD,media/images/free_description/01-boat-river.jpg,first_mention_focal,1
SS1651868780067,US,FD,FD,media/images/free_description/03-plane.jpg,first_mention_focal,1
SS1651868780067,US,FD,FD,media/images/free_description/07-train-green.jpg,first_mention_focal,1
SS1651868780067,US,FD,FD,media/images/free_description/02-bike.jpg,first_mention_focal,1
SS1651868780067,US,FD,FD,media/images/free_description/06-train-red.jpg,first_mention_focal,1
SS1651868780067,US,FD,FD,media/images/free_description/05-tiger.jpg,first_mention_focal,1
SS1651868780067,US,FD,FD,media/images/free_description/04-squirrel.jpg,first_mention_focal,1
SS1651868782330,US,FD,FD,media/images/free_description/01-boat-river.jpg,first_mention_focal,1
SS1651868782330,US,FD,FD,media/images/free_description/06-train-red.jpg,first_mention_focal,1
SS1651868782330,US,FD,FD,media/images/free_description/04-squirrel.jpg,first_mention_focal,1
SS1651868782330,US,FD,FD,media/images/free_description/05-tiger.jpg,first_mention_focal,1
SS1651868782330,US,FD,FD,media/images/free_description/02-bike.jpg,first_mention_focal,1
SS1651868782330,US,FD,FD,media/images/free_description/07-train-green.jpg,first_mention_focal,1
SS1651868782330,US,FD,FD,media/images/free_description/03-plane.jpg,first_mention_focal,1
SS1651868783532,US,FD,FD,media/images/free_description/05-tiger.jpg,first_mention_focal,1
SS1651868783532,US,FD,FD,media/images/free_description/02-bike.jpg,first_mention_focal,1
SS1651868783532,US,FD,FD,media/images/free_description/01-boat-river.jpg,first_mention_focal,1
SS1651868783532,US,FD,FD,media/images/free_description/03-plane.jpg,first_mention_focal,1
SS1651868783532,US,FD,FD,media/images/free_description/07-train-green.jpg,first_mention_focal,1
SS1651868783532,US,FD,FD,media/images/free_description/06-train-red.jpg,first_mention_focal,1
SS1651868783532,US,FD,FD,media/images/free_description/04-squirrel.jpg,first_mention_focal,1
SS1651868784777,US,FD,FD,media/images/free_description/03-plane.jpg,first_mention_focal,1
SS1651868784777,US,FD,FD,media/images/free_description/01-boat-river.jpg,first_mention_focal,1
SS1651868784777,US,FD,FD,media/images/free_description/07-train-green.jpg,first_mention_focal,1
SS1651868784777,US,FD,FD,media/images/free_description/04-squirrel.jpg,first_mention_focal,1
SS1651868784777,US,FD,FD,media/images/free_description/06-train-red.jpg,first_mention_focal,1
SS1651868784777,US,FD,FD,media/images/free_description/05-tiger.jpg,first_mention_focal,1
SS1651868784777,US,FD,FD,media/images/free_description/02-bike.jpg,first_mention_focal,1
SS1651868788340,US,FD,FD,media/images/free_description/07-train-green.jpg,first_mention_focal,0
SS1651868788340,US,FD,FD,media/images/free_description/04-squirrel.jpg,first_mention_focal,1
SS1651868788340,US,FD,FD,media/images/free_description/02-bike.jpg,first_mention_focal,1
SS1651868788340,US,FD,FD,media/images/free_description/06-train-red.jpg,first_mention_focal,1
SS1651868788340,US,FD,FD,media/images/free_description/01-boat-river.jpg,first_mention_focal,1
SS1651868788340,US,FD,FD,media/images/free_description/05-tiger.jpg,first_mention_focal,1
SS1651868788340,US,FD,FD,media/images/free_description/03-plane.jpg,first_mention_focal,1
SS1651868788402,US,FD,FD,media/images/free_description/03-plane.jpg,first_mention_focal,1
SS1651868788402,US,FD,FD,media/images/free_description/04-squirrel.jpg,first_mention_focal,1
SS1651868788402,US,FD,FD,media/images/free_description/02-bike.jpg,first_mention_focal,1
SS1651868788402,US,FD,FD,media/images/free_description/06-train-red.jpg,first_mention_focal,1
SS1651868788402,US,FD,FD,media/images/free_description/01-boat-river.jpg,first_mention_focal,1
SS1651868788402,US,FD,FD,media/images/free_description/07-train-green.jpg,first_mention_focal,1
SS1651868788402,US,FD,FD,media/images/free_description/05-tiger.jpg,first_mention_focal,1
SS1651868793732,US,FD,FD,media/images/free_description/02-bike.jpg,first_mention_focal,1
SS1651868793732,US,FD,FD,media/images/free_description/05-tiger.jpg,first_mention_focal,1
SS1651868793732,US,FD,FD,media/images/free_description/06-train-red.jpg,first_mention_focal,1
SS1651868793732,US,FD,FD,media/images/free_description/07-train-green.jpg,first_mention_focal,1
SS1651868793732,US,FD,FD,media/images/free_description/03-plane.jpg,first_mention_focal,1
SS1651868793732,US,FD,FD,media/images/free_description/04-squirrel.jpg,first_mention_focal,1
SS1651868793732,US,FD,FD,media/images/free_description/01-boat-river.jpg,first_mention_focal,1
SS1651868796147,US,FD,FD,media/images/free_description/05-tiger.jpg,first_mention_focal,1
SS1651868796147,US,FD,FD,media/images/free_description/07-train-green.jpg,first_mention_focal,1
SS1651868796147,US,FD,FD,media/images/free_description/01-boat-river.jpg,first_mention_focal,1
SS1651868796147,US,FD,FD,media/images/free_description/04-squirrel.jpg,first_mention_focal,1
SS1651868796147,US,FD,FD,media/images/free_description/06-train-red.jpg,first_mention_focal,1
SS1651868796147,US,FD,FD,media/images/free_description/03-plane.jpg,first_mention_focal,1
SS1651868796147,US,FD,FD,media/images/free_description/02-bike.jpg,first_mention_focal,1
SS1651868796810,US,FD,FD,media/images/free_description/05-tiger.jpg,first_mention_focal,1
SS1651868796810,US,FD,FD,media/images/free_description/03-plane.jpg,first_mention_focal,1
SS1651868796810,US,FD,FD,media/images/free_description/07-train-green.jpg,first_mention_focal,1
SS1651868796810,US,FD,FD,media/images/free_description/04-squirrel.jpg,first_mention_focal,1
SS1651868796810,US,FD,FD,media/images/free_description/02-bike.jpg,first_mention_focal,1
SS1651868796810,US,FD,FD,media/images/free_description/06-train-red.jpg,first_mention_focal,1
SS1651868796810,US,FD,FD,media/images/free_description/01-boat-river.jpg,first_mention_focal,1
SS1651868799606,US,FD,FD,media/images/free_description/06-train-red.jpg,first_mention_focal,1
SS1651868799606,US,FD,FD,media/images/free_description/03-plane.jpg,first_mention_focal,1
SS1651868799606,US,FD,FD,media/images/free_description/01-boat-river.jpg,first_mention_focal,1
SS1651868799606,US,FD,FD,media/images/free_description/05-tiger.jpg,first_mention_focal,1
SS1651868799606,US,FD,FD,media/images/free_description/04-squirrel.jpg,first_mention_focal,1
SS1651868799606,US,FD,FD,media/images/free_description/02-bike.jpg,first_mention_focal,1
SS1651868799606,US,FD,FD,media/images/free_description/07-train-green.jpg,first_mention_focal,1
SS1651868800189,US,FD,FD,media/images/free_description/01-boat-river.jpg,first_mention_focal,1
SS1651868800189,US,FD,FD,media/images/free_description/04-squirrel.jpg,first_mention_focal,1
SS1651868800189,US,FD,FD,media/images/free_description/05-tiger.jpg,first_mention_focal,1
SS1651868800189,US,FD,FD,media/images/free_description/06-train-red.jpg,first_mention_focal,1
SS1651868800189,US,FD,FD,media/images/free_description/07-train-green.jpg,first_mention_focal,1
SS1651868800189,US,FD,FD,media/images/free_description/02-bike.jpg,first_mention_focal,1
SS1651868800189,US,FD,FD,media/images/free_description/03-plane.jpg,first_mention_focal,1
SS1651868802451,US,FD,FD,media/images/free_description/04-squirrel.jpg,first_mention_focal,1
SS1651868802451,US,FD,FD,media/images/free_description/03-plane.jpg,first_mention_focal,1
SS1651868802451,US,FD,FD,media/images/free_description/07-train-green.jpg,first_mention_focal,1
SS1651868802451,US,FD,FD,media/images/free_description/01-boat-river.jpg,first_mention_focal,1
SS1651868802451,US,FD,FD,media/images/free_description/05-tiger.jpg,first_mention_focal,1
SS1651868802451,US,FD,FD,media/images/free_description/06-train-red.jpg,first_mention_focal,1
SS1651868802451,US,FD,FD,media/images/free_description/02-bike.jpg,first_mention_focal,1
SS1651868810933,US,FD,FD,media/images/free_description/03-plane.jpg,first_mention_focal,1
SS1651868810933,US,FD,FD,media/images/free_description/07-train-green.jpg,first_mention_focal,1
SS1651868810933,US,FD,FD,media/images/free_description/06-train-red.jpg,first_mention_focal,1
SS1651868810933,US,FD,FD,media/images/free_description/02-bike.jpg,first_mention_focal,1
SS1651868810933,US,FD,FD,media/images/free_description/01-boat-river.jpg,first_mention_focal,1
SS1651868810933,US,FD,FD,media/images/free_description/05-tiger.jpg,first_mention_focal,1
SS1651868811761,US,FD,FD,media/images/free_description/01-boat-river.jpg,first_mention_focal,0
SS1651868811761,US,FD,FD,media/images/free_description/05-tiger.jpg,first_mention_focal,1
SS1651868811761,US,FD,FD,media/images/free_description/02-bike.jpg,first_mention_focal,1
SS1651868811761,US,FD,FD,media/images/free_description/06-train-red.jpg,first_mention_focal,1
SS1651868811761,US,FD,FD,media/images/free_description/07-train-green.jpg,first_mention_focal,1
SS1651868811761,US,FD,FD,media/images/free_description/03-plane.jpg,first_mention_focal,1
SS1651868811761,US,FD,FD,media/images/free_description/04-squirrel.jpg,first_mention_focal,1
SS1651868811860,US,FD,FD,media/images/free_description/07-train-green.jpg,first_mention_focal,1
SS1651868811860,US,FD,FD,media/images/free_description/01-boat-river.jpg,first_mention_focal,1
SS1651868811860,US,FD,FD,media/images/free_description/05-tiger.jpg,first_mention_focal,1
SS1651868811860,US,FD,FD,media/images/free_description/04-squirrel.jpg,first_mention_focal,1
SS1651868811860,US,FD,FD,media/images/free_description/02-bike.jpg,first_mention_focal,1
SS1651868811860,US,FD,FD,media/images/free_description/06-train-red.jpg,first_mention_focal,1
SS1651868811860,US,FD,FD,media/images/free_description/03-plane.jpg,first_mention_focal,1
SS1651868812123,US,FD,FD,media/images/free_description/02-bike.jpg,first_mention_focal,1
SS1651868812123,US,FD,FD,media/images/free_description/03-plane.jpg,first_mention_focal,1
SS1651868812123,US,FD,FD,media/images/free_description/04-squirrel.jpg,first_mention_focal,1
SS1651868812123,US,FD,FD,media/images/free_description/05-tiger.jpg,first_mention_focal,1
SS1651868812123,US,FD,FD,media/images/free_description/06-train-red.jpg,first_mention_focal,1
SS1651868812123,US,FD,FD,media/images/free_description/07-train-green.jpg,first_mention_focal,1
SS1651868812123,US,FD,FD,media/images/free_description/01-boat-river.jpg,first_mention_focal,1
SS1651868816028,US,FD,FD,media/images/free_description/01-boat-river.jpg,first_mention_focal,1
SS1651868816028,US,FD,FD,media/images/free_description/05-tiger.jpg,first_mention_focal,1
SS1651868816028,US,FD,FD,media/images/free_description/03-plane.jpg,first_mention_focal,1
SS1651868816028,US,FD,FD,media/images/free_description/04-squirrel.jpg,first_mention_focal,1
SS1651868816028,US,FD,FD,media/images/free_description/02-bike.jpg,first_mention_focal,1
SS1651868816028,US,FD,FD,media/images/free_description/07-train-green.jpg,first_mention_focal,1
SS1651868816028,US,FD,FD,media/images/free_description/06-train-red.jpg,first_mention_focal,1
SS1651868817160,US,FD,FD,media/images/free_description/07-train-green.jpg,first_mention_focal,1
SS1651868817160,US,FD,FD,media/images/free_description/04-squirrel.jpg,first_mention_focal,1
SS1651868817160,US,FD,FD,media/images/free_description/05-tiger.jpg,first_mention_focal,1
SS1651868817160,US,FD,FD,media/images/free_description/03-plane.jpg,first_mention_focal,1
SS1651868817160,US,FD,FD,media/images/free_description/01-boat-river.jpg,first_mention_focal,1
SS1651868817160,US,FD,FD,media/images/free_description/02-bike.jpg,first_mention_focal,1
SS1651868817160,US,FD,FD,media/images/free_description/06-train-red.jpg,first_mention_focal,1
SS1651868817171,US,FD,FD,media/images/free_description/02-bike.jpg,first_mention_focal,1
SS1651868817171,US,FD,FD,media/images/free_description/06-train-red.jpg,first_mention_focal,1
SS1651868817171,US,FD,FD,media/images/free_description/05-tiger.jpg,first_mention_focal,1
SS1651868817171,US,FD,FD,media/images/free_description/01-boat-river.jpg,first_mention_focal,1
SS1651868817171,US,FD,FD,media/images/free_description/03-plane.jpg,first_mention_focal,1
SS1651868817171,US,FD,FD,media/images/free_description/04-squirrel.jpg,first_mention_focal,1
SS1651868817171,US,FD,FD,media/images/free_description/07-train-green.jpg,first_mention_focal,1
SS1651868820237,US,FD,FD,media/images/free_description/05-tiger.jpg,first_mention_focal,1
SS1651868820237,US,FD,FD,media/images/free_description/03-plane.jpg,first_mention_focal,1
SS1651868820237,US,FD,FD,media/images/free_description/02-bike.jpg,first_mention_focal,1
SS1651868820237,US,FD,FD,media/images/free_description/04-squirrel.jpg,first_mention_focal,1
SS1651868820237,US,FD,FD,media/images/free_description/01-boat-river.jpg,first_mention_focal,1
SS1651868820237,US,FD,FD,media/images/free_description/07-train-green.jpg,first_mention_focal,1
SS1651868820237,US,FD,FD,media/images/free_description/06-train-red.jpg,first_mention_focal,1
SS1651868826063,US,FD,FD,media/images/free_description/02-bike.jpg,first_mention_focal,1
SS1651868826063,US,FD,FD,media/images/free_description/07-train-green.jpg,first_mention_focal,1
SS1651868826063,US,FD,FD,media/images/free_description/06-train-red.jpg,first_mention_focal,1
SS1651868826063,US,FD,FD,media/images/free_description/04-squirrel.jpg,first_mention_focal,1
SS1651868826063,US,FD,FD,media/images/free_description/01-boat-river.jpg,first_mention_focal,1
SS1651868826063,US,FD,FD,media/images/free_description/03-plane.jpg,first_mention_focal,1
SS1651868826063,US,FD,FD,media/images/free_description/05-tiger.jpg,first_mention_focal,1
SS1651868827795,US,FD,FD,media/images/free_description/02-bike.jpg,first_mention_focal,1
SS1651868827795,US,FD,FD,media/images/free_description/07-train-green.jpg,first_mention_focal,1
SS1651868827795,US,FD,FD,media/images/free_description/04-squirrel.jpg,first_mention_focal,1
SS1651868827795,US,FD,FD,media/images/free_description/01-boat-river.jpg,first_mention_focal,1
SS1651868827795,US,FD,FD,media/images/free_description/05-tiger.jpg,first_mention_focal,1
SS1651868827795,US,FD,FD,media/images/free_description/06-train-red.jpg,first_mention_focal,1
SS1651868827795,US,FD,FD,media/images/free_description/03-plane.jpg,first_mention_focal,1
SS1651868828049,US,FD,FD,media/images/free_description/03-plane.jpg,first_mention_focal,0
SS1651868828049,US,FD,FD,media/images/free_description/04-squirrel.jpg,first_mention_focal,1
SS1651868828049,US,FD,FD,media/images/free_description/06-train-red.jpg,first_mention_focal,1
SS1651868828049,US,FD,FD,media/images/free_description/02-bike.jpg,first_mention_focal,1
SS1651868828049,US,FD,FD,media/images/free_description/05-tiger.jpg,first_mention_focal,0
SS1651868828049,US,FD,FD,media/images/free_description/07-train-green.jpg,first_mention_focal,1
SS1651868828049,US,FD,FD,media/images/free_description/01-boat-river.jpg,first_mention_focal,1
SS1651868830966,US,FD,FD,media/images/free_description/04-squirrel.jpg,first_mention_focal,1
SS1651868830966,US,FD,FD,media/images/free_description/07-train-green.jpg,first_mention_focal,1
SS1651868830966,US,FD,FD,media/images/free_description/05-tiger.jpg,first_mention_focal,1
SS1651868830966,US,FD,FD,media/images/free_description/06-train-red.jpg,first_mention_focal,1
SS1651868830966,US,FD,FD,media/images/free_description/01-boat-river.jpg,first_mention_focal,0
SS1651868830966,US,FD,FD,media/images/free_description/02-bike.jpg,first_mention_focal,1
SS1651868830966,US,FD,FD,media/images/free_description/03-plane.jpg,first_mention_focal,0
SS1651868834466,US,FD,FD,media/images/free_description/04-squirrel.jpg,first_mention_focal,1
SS1651868834466,US,FD,FD,media/images/free_description/05-tiger.jpg,first_mention_focal,1
SS1651868834466,US,FD,FD,media/images/free_description/03-plane.jpg,first_mention_focal,1
SS1651868834466,US,FD,FD,media/images/free_description/01-boat-river.jpg,first_mention_focal,0
SS1651868834466,US,FD,FD,media/images/free_description/06-train-red.jpg,first_mention_focal,1
SS1651868834466,US,FD,FD,media/images/free_description/02-bike.jpg,first_mention_focal,1
SS1651868834466,US,FD,FD,media/images/free_description/07-train-green.jpg,first_mention_focal,1
SS1651868837282,US,FD,FD,media/images/free_description/05-tiger.jpg,first_mention_focal,1
SS1651868837282,US,FD,FD,media/images/free_description/07-train-green.jpg,first_mention_focal,1
SS1651868837282,US,FD,FD,media/images/free_description/06-train-red.jpg,first_mention_focal,1
SS1651868837282,US,FD,FD,media/images/free_description/03-plane.jpg,first_mention_focal,1
SS1651868837282,US,FD,FD,media/images/free_description/01-boat-river.jpg,first_mention_focal,1
SS1651868837282,US,FD,FD,media/images/free_description/04-squirrel.jpg,first_mention_focal,1
SS1651868837282,US,FD,FD,media/images/free_description/02-bike.jpg,first_mention_focal,1
SS1651868839147,US,FD,FD,media/images/free_description/02-bike.jpg,first_mention_focal,1
SS1651868839147,US,FD,FD,media/images/free_description/05-tiger.jpg,first_mention_focal,1
SS1651868839147,US,FD,FD,media/images/free_description/03-plane.jpg,first_mention_focal,1
SS1651868839147,US,FD,FD,media/images/free_description/04-squirrel.jpg,first_mention_focal,1
SS1651868839147,US,FD,FD,media/images/free_description/07-train-green.jpg,first_mention_focal,1
SS1651868839147,US,FD,FD,media/images/free_description/01-boat-river.jpg,first_mention_focal,0
SS1651868839147,US,FD,FD,media/images/free_description/06-train-red.jpg,first_mention_focal,1
SS1651868839906,US,FD,FD,media/images/free_description/05-tiger.jpg,first_mention_focal,1
SS1651868839906,US,FD,FD,media/images/free_description/02-bike.jpg,first_mention_focal,1
SS1651868839906,US,FD,FD,media/images/free_description/07-train-green.jpg,first_mention_focal,1
SS1651868839906,US,FD,FD,media/images/free_description/01-boat-river.jpg,first_mention_focal,1
SS1651868839906,US,FD,FD,media/images/free_description/04-squirrel.jpg,first_mention_focal,1
SS1651868839906,US,FD,FD,media/images/free_description/03-plane.jpg,first_mention_focal,1
SS1651868839906,US,FD,FD,media/images/free_description/06-train-red.jpg,first_mention_focal,1
SS1651868840289,US,FD,FD,media/images/free_description/01-boat-river.jpg,first_mention_focal,1
SS1651868840289,US,FD,FD,media/images/free_description/07-train-green.jpg,first_mention_focal,1
SS1651868840289,US,FD,FD,media/images/free_description/04-squirrel.jpg,first_mention_focal,1
SS1651868840289,US,FD,FD,media/images/free_description/03-plane.jpg,first_mention_focal,1
SS1651868840289,US,FD,FD,media/images/free_description/05-tiger.jpg,first_mention_focal,1
SS1651868840289,US,FD,FD,media/images/free_description/06-train-red.jpg,first_mention_focal,1
SS1651868840289,US,FD,FD,media/images/free_description/02-bike.jpg,first_mention_focal,1
SS1651868840790,US,FD,FD,media/images/free_description/01-boat-river.jpg,first_mention_focal,1
SS1651868840790,US,FD,FD,media/images/free_description/04-squirrel.jpg,first_mention_focal,1
SS1651868840790,US,FD,FD,media/images/free_description/05-tiger.jpg,first_mention_focal,1
SS1651868840790,US,FD,FD,media/images/free_description/06-train-red.jpg,first_mention_focal,1
SS1651868840790,US,FD,FD,media/images/free_description/07-train-green.jpg,first_mention_focal,1
SS1651868840790,US,FD,FD,media/images/free_description/02-bike.jpg,first_mention_focal,1
SS1651868840790,US,FD,FD,media/images/free_description/03-plane.jpg,first_mention_focal,1
SS1651868850581,US,FD,FD,media/images/free_description/07-train-green.jpg,first_mention_focal,1
SS1651868850581,US,FD,FD,media/images/free_description/05-tiger.jpg,first_mention_focal,1
SS1651868850581,US,FD,FD,media/images/free_description/06-train-red.jpg,first_mention_focal,0
SS1651868850581,US,FD,FD,media/images/free_description/03-plane.jpg,first_mention_focal,1
SS1651868850581,US,FD,FD,media/images/free_description/01-boat-river.jpg,first_mention_focal,1
SS1651868850581,US,FD,FD,media/images/free_description/04-squirrel.jpg,first_mention_focal,0
SS1651868850581,US,FD,FD,media/images/free_description/02-bike.jpg,first_mention_focal,0
SS1651868852345,US,FD,FD,media/images/free_description/04-squirrel.jpg,first_mention_focal,1
SS1651868852345,US,FD,FD,media/images/free_description/01-boat-river.jpg,first_mention_focal,1
SS1651868852345,US,FD,FD,media/images/free_description/05-tiger.jpg,first_mention_focal,1
SS1651868852345,US,FD,FD,media/images/free_description/03-plane.jpg,first_mention_focal,1
SS1651868852345,US,FD,FD,media/images/free_description/02-bike.jpg,first_mention_focal,1
SS1651868852345,US,FD,FD,media/images/free_description/07-train-green.jpg,first_mention_focal,1
SS1651868852345,US,FD,FD,media/images/free_description/06-train-red.jpg,first_mention_focal,1
SS1651868868975,US,FD,FD,media/images/free_description/05-tiger.jpg,first_mention_focal,1
SS1651868868975,US,FD,FD,media/images/free_description/07-train-green.jpg,first_mention_focal,1
SS1651868868975,US,FD,FD,media/images/free_description/01-boat-river.jpg,first_mention_focal,1
SS1651868868975,US,FD,FD,media/images/free_description/03-plane.jpg,first_mention_focal,1
SS1651868868975,US,FD,FD,media/images/free_description/06-train-red.jpg,first_mention_focal,1
SS1651868868975,US,FD,FD,media/images/free_description/04-squirrel.jpg,first_mention_focal,1
SS1651868868975,US,FD,FD,media/images/free_description/02-bike.jpg,first_mention_focal,1
SS1651868873914,US,FD,FD,media/images/free_description/07-train-green.jpg,first_mention_focal,1
SS1651868873914,US,FD,FD,media/images/free_description/06-train-red.jpg,first_mention_focal,1
SS1651868873914,US,FD,FD,media/images/free_description/05-tiger.jpg,first_mention_focal,1
SS1651868873914,US,FD,FD,media/images/free_description/04-squirrel.jpg,first_mention_focal,1
SS1651868873914,US,FD,FD,media/images/free_description/01-boat-river.jpg,first_mention_focal,1
SS1651868873914,US,FD,FD,media/images/free_description/02-bike.jpg,first_mention_focal,1
SS1651868873914,US,FD,FD,media/images/free_description/03-plane.jpg,first_mention_focal,1
SS1651868876318,US,FD,FD,media/images/free_description/01-boat-river.jpg,first_mention_focal,1
SS1651868876318,US,FD,FD,media/images/free_description/07-train-green.jpg,first_mention_focal,1
SS1651868876318,US,FD,FD,media/images/free_description/06-train-red.jpg,first_mention_focal,1
SS1651868876318,US,FD,FD,media/images/free_description/05-tiger.jpg,first_mention_focal,1
SS1651868876318,US,FD,FD,media/images/free_description/03-plane.jpg,first_mention_focal,1
SS1651868876318,US,FD,FD,media/images/free_description/02-bike.jpg,first_mention_focal,1
SS1651868876318,US,FD,FD,media/images/free_description/04-squirrel.jpg,first_mention_focal,1
SS1651868901145,US,FD,FD,media/images/free_description/07-train-green.jpg,first_mention_focal,1
SS1651868901145,US,FD,FD,media/images/free_description/03-plane.jpg,first_mention_focal,1
SS1651868901145,US,FD,FD,media/images/free_description/06-train-red.jpg,first_mention_focal,1
SS1651868901145,US,FD,FD,media/images/free_description/02-bike.jpg,first_mention_focal,1
SS1651868901145,US,FD,FD,media/images/free_description/04-squirrel.jpg,first_mention_focal,1
SS1651868901145,US,FD,FD,media/images/free_description/05-tiger.jpg,first_mention_focal,1
SS1651868901145,US,FD,FD,media/images/free_description/01-boat-river.jpg,first_mention_focal,1
SS1651868924360,US,FD,FD,media/images/free_description/02-bike.jpg,first_mention_focal,1
SS1651868924360,US,FD,FD,media/images/free_description/01-boat-river.jpg,first_mention_focal,1
SS1651868924360,US,FD,FD,media/images/free_description/06-train-red.jpg,first_mention_focal,1
SS1651868924360,US,FD,FD,media/images/free_description/07-train-green.jpg,first_mention_focal,1
SS1651868924360,US,FD,FD,media/images/free_description/03-plane.jpg,first_mention_focal,1
SS1651868924360,US,FD,FD,media/images/free_description/05-tiger.jpg,first_mention_focal,1
SS1651868924360,US,FD,FD,media/images/free_description/04-squirrel.jpg,first_mention_focal,1
SS1651868966456,US,FD,FD,media/images/free_description/03-plane.jpg,first_mention_focal,0
SS1651868966456,US,FD,FD,media/images/free_description/01-boat-river.jpg,first_mention_focal,0
SS1651868966456,US,FD,FD,media/images/free_description/02-bike.jpg,first_mention_focal,1
SS1651868966456,US,FD,FD,media/images/free_description/07-train-green.jpg,first_mention_focal,1
SS1651868966456,US,FD,FD,media/images/free_description/05-tiger.jpg,first_mention_focal,1
SS1651868966456,US,FD,FD,media/images/free_description/06-train-red.jpg,first_mention_focal,1
SS1651868966456,US,FD,FD,media/images/free_description/04-squirrel.jpg,first_mention_focal,1
SS1651869014963,US,FD,FD,media/images/free_description/07-train-green.jpg,first_mention_focal,1
SS1651869014963,US,FD,FD,media/images/free_description/06-train-red.jpg,first_mention_focal,1
SS1651869014963,US,FD,FD,media/images/free_description/02-bike.jpg,first_mention_focal,1
SS1651869014963,US,FD,FD,media/images/free_description/03-plane.jpg,first_mention_focal,1
SS1651869014963,US,FD,FD,media/images/free_description/04-squirrel.jpg,first_mention_focal,1
SS1651869014963,US,FD,FD,media/images/free_description/01-boat-river.jpg,first_mention_focal,0
SS1651869014963,US,FD,FD,media/images/free_description/05-tiger.jpg,first_mention_focal,1
SS1651869017878,US,FD,FD,media/images/free_description/01-boat-river.jpg,first_mention_focal,0
SS1651869017878,US,FD,FD,media/images/free_description/03-plane.jpg,first_mention_focal,1
SS1651869017878,US,FD,FD,media/images/free_description/07-train-green.jpg,first_mention_focal,1
SS1651869017878,US,FD,FD,media/images/free_description/04-squirrel.jpg,first_mention_focal,1
SS1651869017878,US,FD,FD,media/images/free_description/05-tiger.jpg,first_mention_focal,1
SS1651869017878,US,FD,FD,media/images/free_description/06-train-red.jpg,first_mention_focal,1
SS1651869017878,US,FD,FD,media/images/free_description/02-bike.jpg,first_mention_focal,1
SS1651869021473,US,FD,FD,media/images/free_description/07-train-green.jpg,first_mention_focal,1
SS1651869021473,US,FD,FD,media/images/free_description/03-plane.jpg,first_mention_focal,1
SS1651869021473,US,FD,FD,media/images/free_description/01-boat-river.jpg,first_mention_focal,1
SS1651869021473,US,FD,FD,media/images/free_description/06-train-red.jpg,first_mention_focal,1
SS1651869021473,US,FD,FD,media/images/free_description/04-squirrel.jpg,first_mention_focal,1
SS1651869021473,US,FD,FD,media/images/free_description/05-tiger.jpg,first_mention_focal,1
SS1651869021473,US,FD,FD,media/images/free_description/02-bike.jpg,first_mention_focal,1
SS1651869024622,US,FD,FD,media/images/free_description/04-squirrel.jpg,first_mention_focal,1
SS1651869024622,US,FD,FD,media/images/free_description/02-bike.jpg,first_mention_focal,1
SS1651869024622,US,FD,FD,media/images/free_description/03-plane.jpg,first_mention_focal,1
SS1651869024622,US,FD,FD,media/images/free_description/06-train-red.jpg,first_mention_focal,1
SS1651869024622,US,FD,FD,media/images/free_description/01-boat-river.jpg,first_mention_focal,1
SS1651869024622,US,FD,FD,media/images/free_description/07-train-green.jpg,first_mention_focal,1
SS1651869024622,US,FD,FD,media/images/free_description/05-tiger.jpg,first_mention_focal,1
SS1651869038791,US,FD,FD,media/images/free_description/07-train-green.jpg,first_mention_focal,1
SS1651869038791,US,FD,FD,media/images/free_description/01-boat-river.jpg,first_mention_focal,1
SS1651869038791,US,FD,FD,media/images/free_description/05-tiger.jpg,first_mention_focal,1
SS1651869038791,US,FD,FD,media/images/free_description/04-squirrel.jpg,first_mention_focal,1
SS1651869038791,US,FD,FD,media/images/free_description/06-train-red.jpg,first_mention_focal,1
SS1651869038791,US,FD,FD,media/images/free_description/02-bike.jpg,first_mention_focal,1
SS1651869038791,US,FD,FD,media/images/free_description/03-plane.jpg,first_mention_focal,1
SS1651869076619,US,FD,FD,media/images/free_description/03-plane.jpg,first_mention_focal,1
SS1651869076619,US,FD,FD,media/images/free_description/06-train-red.jpg,first_mention_focal,1
SS1651869076619,US,FD,FD,media/images/free_description/02-bike.jpg,first_mention_focal,1
SS1651869076619,US,FD,FD,media/images/free_description/04-squirrel.jpg,first_mention_focal,1
SS1651869076619,US,FD,FD,media/images/free_description/05-tiger.jpg,first_mention_focal,1
SS1651869076619,US,FD,FD,media/images/free_description/01-boat-river.jpg,first_mention_focal,1
SS1651869076619,US,FD,FD,media/images/free_description/07-train-green.jpg,first_mention_focal,1
SS1651869096666,US,FD,FD,media/images/free_description/06-train-red.jpg,first_mention_focal,1
SS1651869096666,US,FD,FD,media/images/free_description/01-boat-river.jpg,first_mention_focal,1
SS1651869096666,US,FD,FD,media/images/free_description/07-train-green.jpg,first_mention_focal,1
SS1651869096666,US,FD,FD,media/images/free_description/04-squirrel.jpg,first_mention_focal,1
SS1651869096666,US,FD,FD,media/images/free_description/02-bike.jpg,first_mention_focal,1
SS1651869096666,US,FD,FD,media/images/free_description/03-plane.jpg,first_mention_focal,1
SS1651869096666,US,FD,FD,media/images/free_description/05-tiger.jpg,first_mention_focal,1
SS1651869107778,US,FD,FD,media/images/free_description/04-squirrel.jpg,first_mention_focal,1
SS1651869107778,US,FD,FD,media/images/free_description/02-bike.jpg,first_mention_focal,1
SS1651869107778,US,FD,FD,media/images/free_description/01-boat-river.jpg,first_mention_focal,1
SS1651869107778,US,FD,FD,media/images/free_description/03-plane.jpg,first_mention_focal,1
SS1651869107778,US,FD,FD,media/images/free_description/05-tiger.jpg,first_mention_focal,1
SS1651869107778,US,FD,FD,media/images/free_description/06-train-red.jpg,first_mention_focal,1
SS1651869107778,US,FD,FD,media/images/free_description/07-train-green.jpg,first_mention_focal,1
SS1651869115143,US,FD,FD,media/images/free_description/04-squirrel.jpg,first_mention_focal,1
SS1651869115143,US,FD,FD,media/images/free_description/02-bike.jpg,first_mention_focal,1
SS1651869115143,US,FD,FD,media/images/free_description/01-boat-river.jpg,first_mention_focal,0
SS1651869115143,US,FD,FD,media/images/free_description/06-train-red.jpg,first_mention_focal,1
SS1651869115143,US,FD,FD,media/images/free_description/03-plane.jpg,first_mention_focal,1
SS1651869115143,US,FD,FD,media/images/free_description/07-train-green.jpg,first_mention_focal,1
SS1651869115143,US,FD,FD,media/images/free_description/05-tiger.jpg,first_mention_focal,1
SS1651869117517,US,FD,FD,media/images/free_description/05-tiger.jpg,first_mention_focal,1
SS1651869117517,US,FD,FD,media/images/free_description/03-plane.jpg,first_mention_focal,1
SS1651869117517,US,FD,FD,media/images/free_description/06-train-red.jpg,first_mention_focal,1
SS1651869117517,US,FD,FD,media/images/free_description/01-boat-river.jpg,first_mention_focal,1
SS1651869117517,US,FD,FD,media/images/free_description/07-train-green.jpg,first_mention_focal,1
SS1651869117517,US,FD,FD,media/images/free_description/04-squirrel.jpg,first_mention_focal,1
SS1651869117517,US,FD,FD,media/images/free_description/02-bike.jpg,first_mention_focal,1
SS1651869119140,US,FD,FD,media/images/free_description/02-bike.jpg,first_mention_focal,1
SS1651869119140,US,FD,FD,media/images/free_description/05-tiger.jpg,first_mention_focal,1
SS1651869119140,US,FD,FD,media/images/free_description/01-boat-river.jpg,first_mention_focal,1
SS1651869119140,US,FD,FD,media/images/free_description/04-squirrel.jpg,first_mention_focal,1
SS1651869119140,US,FD,FD,media/images/free_description/06-train-red.jpg,first_mention_focal,1
SS1651869119140,US,FD,FD,media/images/free_description/07-train-green.jpg,first_mention_focal,1
SS1651869119140,US,FD,FD,media/images/free_description/03-plane.jpg,first_mention_focal,1
SS1651869192697,US,FD,FD,media/images/free_description/06-train-red.jpg,first_mention_focal,1
SS1651869192697,US,FD,FD,media/images/free_description/03-plane.jpg,first_mention_focal,1
SS1651869192697,US,FD,FD,media/images/free_description/04-squirrel.jpg,first_mention_focal,1
SS1651869192697,US,FD,FD,media/images/free_description/02-bike.jpg,first_mention_focal,1
SS1651869192697,US,FD,FD,media/images/free_description/05-tiger.jpg,first_mention_focal,1
SS1651869192697,US,FD,FD,media/images/free_description/07-train-green.jpg,first_mention_focal,1
SS1651869192697,US,FD,FD,media/images/free_description/01-boat-river.jpg,first_mention_focal,1
SS1651869198002,US,FD,FD,media/images/free_description/01-boat-river.jpg,first_mention_focal,1
SS1651869198002,US,FD,FD,media/images/free_description/05-tiger.jpg,first_mention_focal,1
SS1651869198002,US,FD,FD,media/images/free_description/06-train-red.jpg,first_mention_focal,1
SS1651869198002,US,FD,FD,media/images/free_description/04-squirrel.jpg,first_mention_focal,1
SS1651869198002,US,FD,FD,media/images/free_description/03-plane.jpg,first_mention_focal,1
SS1651869198002,US,FD,FD,media/images/free_description/07-train-green.jpg,first_mention_focal,1
SS1651869198002,US,FD,FD,media/images/free_description/02-bike.jpg,first_mention_focal,1
SS1651869512955,US,FD,FD,media/images/free_description/03-plane.jpg,first_mention_focal,1
SS1651869512955,US,FD,FD,media/images/free_description/01-boat-river.jpg,first_mention_focal,0
SS1651869512955,US,FD,FD,media/images/free_description/07-train-green.jpg,first_mention_focal,1
SS1651869512955,US,FD,FD,media/images/free_description/06-train-red.jpg,first_mention_focal,1
SS1651869512955,US,FD,FD,media/images/free_description/05-tiger.jpg,first_mention_focal,1
SS1651869512955,US,FD,FD,media/images/free_description/04-squirrel.jpg,first_mention_focal,1
SS1651869512955,US,FD,FD,media/images/free_description/02-bike.jpg,first_mention_focal,1
SS1651869609511,US,FD,FD,media/images/free_description/05-tiger.jpg,first_mention_focal,1
SS1651869609511,US,FD,FD,media/images/free_description/04-squirrel.jpg,first_mention_focal,1
SS1651869609511,US,FD,FD,media/images/free_description/06-train-red.jpg,first_mention_focal,1
SS1651869609511,US,FD,FD,media/images/free_description/02-bike.jpg,first_mention_focal,1
SS1651869609511,US,FD,FD,media/images/free_description/01-boat-river.jpg,first_mention_focal,1
SS1651869609511,US,FD,FD,media/images/free_description/07-train-green.jpg,first_mention_focal,1
SS1651869808693,US,FD,FD,media/images/free_description/06-train-red.jpg,first_mention_focal,1
SS1651869808693,US,FD,FD,media/images/free_description/02-bike.jpg,first_mention_focal,1
SS1651869808693,US,FD,FD,media/images/free_description/04-squirrel.jpg,first_mention_focal,1
SS1651869808693,US,FD,FD,media/images/free_description/05-tiger.jpg,first_mention_focal,1
SS1651869808693,US,FD,FD,media/images/free_description/03-plane.jpg,first_mention_focal,1
SS1651869808693,US,FD,FD,media/images/free_description/01-boat-river.jpg,first_mention_focal,1
SS1651869808693,US,FD,FD,media/images/free_description/07-train-green.jpg,first_mention_focal,1
SS1651869849200,US,FD,FD,media/images/free_description/01-boat-river.jpg,first_mention_focal,0
SS1651869849200,US,FD,FD,media/images/free_description/07-train-green.jpg,first_mention_focal,0
SS1651869849200,US,FD,FD,media/images/free_description/05-tiger.jpg,first_mention_focal,1
SS1651869849200,US,FD,FD,media/images/free_description/06-train-red.jpg,first_mention_focal,1
SS1651869849200,US,FD,FD,media/images/free_description/04-squirrel.jpg,first_mention_focal,1
SS1651869849200,US,FD,FD,media/images/free_description/03-plane.jpg,first_mention_focal,1
SS1651869849200,US,FD,FD,media/images/free_description/02-bike.jpg,first_mention_focal,1
SS1651870014949,US,FD,FD,media/images/free_description/04-squirrel.jpg,first_mention_focal,1
SS1651870014949,US,FD,FD,media/images/free_description/07-train-green.jpg,first_mention_focal,1
SS1651870014949,US,FD,FD,media/images/free_description/01-boat-river.jpg,first_mention_focal,0
SS1651870014949,US,FD,FD,media/images/free_description/06-train-red.jpg,first_mention_focal,1
SS1651870014949,US,FD,FD,media/images/free_description/03-plane.jpg,first_mention_focal,1
SS1651870014949,US,FD,FD,media/images/free_description/05-tiger.jpg,first_mention_focal,1
SS1651870014949,US,FD,FD,media/images/free_description/02-bike.jpg,first_mention_focal,1
SS1651870238624,US,FD,FD,media/images/free_description/02-bike.jpg,first_mention_focal,1
SS1651870238624,US,FD,FD,media/images/free_description/06-train-red.jpg,first_mention_focal,1
SS1651870238624,US,FD,FD,media/images/free_description/05-tiger.jpg,first_mention_focal,1
SS1651870238624,US,FD,FD,media/images/free_description/01-boat-river.jpg,first_mention_focal,1
SS1651870238624,US,FD,FD,media/images/free_description/04-squirrel.jpg,first_mention_focal,1
SS1651870238624,US,FD,FD,media/images/free_description/03-plane.jpg,first_mention_focal,1
SS1651870238624,US,FD,FD,media/images/free_description/07-train-green.jpg,first_mention_focal,1
SS1651870376242,US,FD,FD,media/images/free_description/04-squirrel.jpg,first_mention_focal,1
SS1651870376242,US,FD,FD,media/images/free_description/07-train-green.jpg,first_mention_focal,1
SS1651870376242,US,FD,FD,media/images/free_description/01-boat-river.jpg,first_mention_focal,1
SS1651870376242,US,FD,FD,media/images/free_description/03-plane.jpg,first_mention_focal,1
SS1651870376242,US,FD,FD,media/images/free_description/05-tiger.jpg,first_mention_focal,1
SS1651870376242,US,FD,FD,media/images/free_description/06-train-red.jpg,first_mention_focal,1
SS1651870376242,US,FD,FD,media/images/free_description/02-bike.jpg,first_mention_focal,1
SS1651870443746,US,FD,FD,media/images/free_description/04-squirrel.jpg,first_mention_focal,1
SS1651870443746,US,FD,FD,media/images/free_description/06-train-red.jpg,first_mention_focal,1
SS1651870443746,US,FD,FD,media/images/free_description/05-tiger.jpg,first_mention_focal,1
SS1651870443746,US,FD,FD,media/images/free_description/02-bike.jpg,first_mention_focal,1
SS1651870443746,US,FD,FD,media/images/free_description/07-train-green.jpg,first_mention_focal,1
SS1651870443746,US,FD,FD,media/images/free_description/03-plane.jpg,first_mention_focal,1
SS1651870443746,US,FD,FD,media/images/free_description/01-boat-river.jpg,first_mention_focal,1
SS1651871550730,US,FD,FD,media/images/free_description/02-bike.jpg,first_mention_focal,1
SS1651871550730,US,FD,FD,media/images/free_description/01-boat-river.jpg,first_mention_focal,1
SS1651871550730,US,FD,FD,media/images/free_description/04-squirrel.jpg,first_mention_focal,1
SS1651871550730,US,FD,FD,media/images/free_description/05-tiger.jpg,first_mention_focal,1
SS1651871550730,US,FD,FD,media/images/free_description/03-plane.jpg,first_mention_focal,1
SS1651871550730,US,FD,FD,media/images/free_description/06-train-red.jpg,first_mention_focal,1
SS1651871550730,US,FD,FD,media/images/free_description/07-train-green.jpg,first_mention_focal,1
SS1651871841115,US,FD,FD,media/images/free_description/01-boat-river.jpg,first_mention_focal,1
SS1651871841115,US,FD,FD,media/images/free_description/07-train-green.jpg,first_mention_focal,1
SS1651871841115,US,FD,FD,media/images/free_description/04-squirrel.jpg,first_mention_focal,1
SS1651871841115,US,FD,FD,media/images/free_description/05-tiger.jpg,first_mention_focal,1
SS1651871841115,US,FD,FD,media/images/free_description/02-bike.jpg,first_mention_focal,1
SS1651871841115,US,FD,FD,media/images/free_description/03-plane.jpg,first_mention_focal,1
SS1651871841115,US,FD,FD,media/images/free_description/06-train-red.jpg,first_mention_focal,1
SS1651871889261,US,FD,FD,media/images/free_description/04-squirrel.jpg,first_mention_focal,1
SS1651871889261,US,FD,FD,media/images/free_description/06-train-red.jpg,first_mention_focal,1
SS1651871889261,US,FD,FD,media/images/free_description/01-boat-river.jpg,first_mention_focal,1
SS1651871889261,US,FD,FD,media/images/free_description/05-tiger.jpg,first_mention_focal,1
SS1651871889261,US,FD,FD,media/images/free_description/02-bike.jpg,first_mention_focal,1
SS1651871889261,US,FD,FD,media/images/free_description/03-plane.jpg,first_mention_focal,1
SS1651871889261,US,FD,FD,media/images/free_description/07-train-green.jpg,first_mention_focal,1
SS1651872480719,US,FD,FD,media/images/free_description/03-plane.jpg,first_mention_focal,1
SS1651872480719,US,FD,FD,media/images/free_description/07-train-green.jpg,first_mention_focal,1
SS1651872480719,US,FD,FD,media/images/free_description/02-bike.jpg,first_mention_focal,1
SS1651872480719,US,FD,FD,media/images/free_description/06-train-red.jpg,first_mention_focal,1
SS1651872480719,US,FD,FD,media/images/free_description/04-squirrel.jpg,first_mention_focal,1
SS1651872480719,US,FD,FD,media/images/free_description/05-tiger.jpg,first_mention_focal,1
SS1651872480719,US,FD,FD,media/images/free_description/01-boat-river.jpg,first_mention_focal,1
SS1651873332890,US,FD,FD,media/images/free_description/07-train-green.jpg,first_mention_focal,1
SS1651873332890,US,FD,FD,media/images/free_description/02-bike.jpg,first_mention_focal,1
SS1651873332890,US,FD,FD,media/images/free_description/01-boat-river.jpg,first_mention_focal,1
SS1651873332890,US,FD,FD,media/images/free_description/05-tiger.jpg,first_mention_focal,1
SS1651873332890,US,FD,FD,media/images/free_description/04-squirrel.jpg,first_mention_focal,1
SS1651873332890,US,FD,FD,media/images/free_description/06-train-red.jpg,first_mention_focal,1
SS1651873332890,US,FD,FD,media/images/free_description/03-plane.jpg,first_mention_focal,1
SS1651873359386,US,FD,FD,media/images/free_description/05-tiger.jpg,first_mention_focal,1
SS1651873359386,US,FD,FD,media/images/free_description/03-plane.jpg,first_mention_focal,1
SS1651873359386,US,FD,FD,media/images/free_description/01-boat-river.jpg,first_mention_focal,0
SS1651873359386,US,FD,FD,media/images/free_description/07-train-green.jpg,first_mention_focal,1
SS1651873359386,US,FD,FD,media/images/free_description/04-squirrel.jpg,first_mention_focal,1
SS1651873359386,US,FD,FD,media/images/free_description/06-train-red.jpg,first_mention_focal,1
SS1651873359386,US,FD,FD,media/images/free_description/02-bike.jpg,first_mention_focal,1
SS1651878926426,US,FD,FD,media/images/free_description/02-bike.jpg,first_mention_focal,1
SS1651878926426,US,FD,FD,media/images/free_description/04-squirrel.jpg,first_mention_focal,1
SS1651878926426,US,FD,FD,media/images/free_description/05-tiger.jpg,first_mention_focal,1
SS1651878926426,US,FD,FD,media/images/free_description/01-boat-river.jpg,first_mention_focal,1
SS1651878926426,US,FD,FD,media/images/free_description/06-train-red.jpg,first_mention_focal,1
SS1651878926426,US,FD,FD,media/images/free_description/07-train-green.jpg,first_mention_focal,1
SS1651878926426,US,FD,FD,media/images/free_description/03-plane.jpg,first_mention_focal,1
SS1651878928252,US,FD,FD,media/images/free_description/05-tiger.jpg,first_mention_focal,1
SS1651878928252,US,FD,FD,media/images/free_description/07-train-green.jpg,first_mention_focal,1
SS1651878928252,US,FD,FD,media/images/free_description/06-train-red.jpg,first_mention_focal,1
SS1651878928252,US,FD,FD,media/images/free_description/02-bike.jpg,first_mention_focal,1
SS1651878928252,US,FD,FD,media/images/free_description/01-boat-river.jpg,first_mention_focal,0
SS1651878928252,US,FD,FD,media/images/free_description/03-plane.jpg,first_mention_focal,1
SS1651878928252,US,FD,FD,media/images/free_description/04-squirrel.jpg,first_mention_focal,1
SS1651544913549,CN,FD,FD,media/images/free_description/01-boat-river.jpg,first_mention_focal,0
SS1651545081461,CN,FD,FD,media/images/free_description/01-boat-river.jpg,first_mention_focal,0
SS1651545123067,CN,FD,FD,media/images/free_description/01-boat-river.jpg,first_mention_focal,0
SS1651545188145,CN,FD,FD,media/images/free_description/01-boat-river.jpg,first_mention_focal,0
SS1651545279588,CN,FD,FD,media/images/free_description/01-boat-river.jpg,first_mention_focal,0
SS1651545285513,CN,FD,FD,media/images/free_description/01-boat-river.jpg,first_mention_focal,1
SS1651545751233,CN,FD,FD,media/images/free_description/01-boat-river.jpg,first_mention_focal,0
SS1651546122639,CN,FD,FD,media/images/free_description/01-boat-river.jpg,first_mention_focal,0
SS1651546915326,CN,FD,FD,media/images/free_description/01-boat-river.jpg,first_mention_focal,1
SS1651548143005,CN,FD,FD,media/images/free_description/01-boat-river.jpg,first_mention_focal,1
SS1651552362039,CN,FD,FD,media/images/free_description/01-boat-river.jpg,first_mention_focal,0
SS1651553474432,CN,FD,FD,media/images/free_description/01-boat-river.jpg,first_mention_focal,1
SS1651553913160,CN,FD,FD,media/images/free_description/01-boat-river.jpg,first_mention_focal,1
SS1651554145523,CN,FD,FD,media/images/free_description/01-boat-river.jpg,first_mention_focal,1
SS1651554184228,CN,FD,FD,media/images/free_description/01-boat-river.jpg,first_mention_focal,0
SS1651554809980,CN,FD,FD,media/images/free_description/01-boat-river.jpg,first_mention_focal,1
SS1651559729763,CN,FD,FD,media/images/free_description/01-boat-river.jpg,first_mention_focal,1
SS1651560025455,CN,FD,FD,media/images/free_description/01-boat-river.jpg,first_mention_focal,0
SS1651561685665,CN,FD,FD,media/images/free_description/01-boat-river.jpg,first_mention_focal,1
SS1651562034956,CN,FD,FD,media/images/free_description/01-boat-river.jpg,first_mention_focal,0
SS1651562868228,CN,FD,FD,media/images/free_description/01-boat-river.jpg,first_mention_focal,0
SS1651564308340,CN,FD,FD,media/images/free_description/01-boat-river.jpg,first_mention_focal,1
SS1651565828518,CN,FD,FD,media/images/free_description/01-boat-river.jpg,first_mention_focal,0
SS1651568918829,CN,FD,FD,media/images/free_description/01-boat-river.jpg,first_mention_focal,1
SS1651570752111,CN,FD,FD,media/images/free_description/01-boat-river.jpg,first_mention_focal,0
SS1651571509239,CN,FD,FD,media/images/free_description/01-boat-river.jpg,first_mention_focal,0
SS1651572914976,CN,FD,FD,media/images/free_description/01-boat-river.jpg,first_mention_focal,0
SS1651576408487,CN,FD,FD,media/images/free_description/01-boat-river.jpg,first_mention_focal,1
SS1651578940027,CN,FD,FD,media/images/free_description/01-boat-river.jpg,first_mention_focal,0
SS1651579399729,CN,FD,FD,media/images/free_description/01-boat-river.jpg,first_mention_focal,1
SS1651582669897,CN,FD,FD,media/images/free_description/01-boat-river.jpg,first_mention_focal,0
SS1651623308643,CN,FD,FD,media/images/free_description/01-boat-river.jpg,first_mention_focal,1
SS1651625504097,CN,FD,FD,media/images/free_description/01-boat-river.jpg,first_mention_focal,0
SS1651629675682,CN,FD,FD,media/images/free_description/01-boat-river.jpg,first_mention_focal,0
SS1651631038398,CN,FD,FD,media/images/free_description/01-boat-river.jpg,first_mention_focal,0
SS1651632269384,CN,FD,FD,media/images/free_description/01-boat-river.jpg,first_mention_focal,1
SS1651633449820,CN,FD,FD,media/images/free_description/01-boat-river.jpg,first_mention_focal,0
SS1651634088254,CN,FD,FD,media/images/free_description/01-boat-river.jpg,first_mention_focal,1
SS1651634616537,CN,FD,FD,media/images/free_description/01-boat-river.jpg,first_mention_focal,0
SS1651634772197,CN,FD,FD,media/images/free_description/01-boat-river.jpg,first_mention_focal,1
SS1651636059839,CN,FD,FD,media/images/free_description/01-boat-river.jpg,first_mention_focal,1
SS1651637972613,CN,FD,FD,media/images/free_description/01-boat-river.jpg,first_mention_focal,1
SS1651644576691,CN,FD,FD,media/images/free_description/01-boat-river.jpg,first_mention_focal,0
SS1651648364635,CN,FD,FD,media/images/free_description/01-boat-river.jpg,first_mention_focal,1
SS1651649525276,CN,FD,FD,media/images/free_description/01-boat-river.jpg,first_mention_focal,0
SS1651652206023,CN,FD,FD,media/images/free_description/01-boat-river.jpg,first_mention_focal,0
SS1651652979760,CN,FD,FD,media/images/free_description/01-boat-river.jpg,first_mention_focal,0
SS1651654468673,CN,FD,FD,media/images/free_description/01-boat-river.jpg,first_mention_focal,0
SS1651654992618,CN,FD,FD,media/images/free_description/01-boat-river.jpg,first_mention_focal,0
SS1651662575870,CN,FD,FD,media/images/free_description/01-boat-river.jpg,first_mention_focal,0
SS1651663394470,CN,FD,FD,media/images/free_description/01-boat-river.jpg,first_mention_focal,0
SS1651664105704,CN,FD,FD,media/images/free_description/01-boat-river.jpg,first_mention_focal,0
SS1651665034176,CN,FD,FD,media/images/free_description/01-boat-river.jpg,first_mention_focal,0
SS1651666650135,CN,FD,FD,media/images/free_description/01-boat-river.jpg,first_mention_focal,0
SS1651669607417,CN,FD,FD,media/images/free_description/01-boat-river.jpg,first_mention_focal,0
SS1651669856701,CN,FD,FD,media/images/free_description/01-boat-river.jpg,first_mention_focal,1
SS1651672824225,CN,FD,FD,media/images/free_description/01-boat-river.jpg,first_mention_focal,1
SS1651674999028,CN,FD,FD,media/images/free_description/01-boat-river.jpg,first_mention_focal,1
SS1651675575564,CN,FD,FD,media/images/free_description/01-boat-river.jpg,first_mention_focal,1
SS1651675739437,CN,FD,FD,media/images/free_description/01-boat-river.jpg,first_mention_focal,0
SS1651682617757,CN,FD,FD,media/images/free_description/01-boat-river.jpg,first_mention_focal,0
SS1651705155608,CN,FD,FD,media/images/free_description/01-boat-river.jpg,first_mention_focal,1
SS1651713128281,CN,FD,FD,media/images/free_description/01-boat-river.jpg,first_mention_focal,0
SS1651724542208,CN,FD,FD,media/images/free_description/01-boat-river.jpg,first_mention_focal,1
SS1651726203467,CN,FD,FD,media/images/free_description/01-boat-river.jpg,first_mention_focal,1
SS1651727116955,CN,FD,FD,media/images/free_description/01-boat-river.jpg,first_mention_focal,0
SS1651727696486,CN,FD,FD,media/images/free_description/01-boat-river.jpg,first_mention_focal,0
SS1651728177417,CN,FD,FD,media/images/free_description/01-boat-river.jpg,first_mention_focal,1
SS1651729682124,CN,FD,FD,media/images/free_description/01-boat-river.jpg,first_mention_focal,1
SS1651729792731,CN,FD,FD,media/images/free_description/01-boat-river.jpg,first_mention_focal,1
SS1651731235827,CN,FD,FD,media/images/free_description/01-boat-river.jpg,first_mention_focal,1
SS1651734446265,CN,FD,FD,media/images/free_description/01-boat-river.jpg,first_mention_focal,1
SS1651737005457,CN,FD,FD,media/images/free_description/01-boat-river.jpg,first_mention_focal,0
SS1651739183035,CN,FD,FD,media/images/free_description/01-boat-river.jpg,first_mention_focal,1
SS1651744829480,CN,FD,FD,media/images/free_description/01-boat-river.jpg,first_mention_focal,0
SS1651748703908,CN,FD,FD,media/images/free_description/01-boat-river.jpg,first_mention_focal,0
SS1651751338853,CN,FD,FD,media/images/free_description/01-boat-river.jpg,first_mention_focal,0
SS1651751579584,CN,FD,FD,media/images/free_description/01-boat-river.jpg,first_mention_focal,0
SS1651761786814,CN,FD,FD,media/images/free_description/01-boat-river.jpg,first_mention_focal,1
SS1651762141455,CN,FD,FD,media/images/free_description/01-boat-river.jpg,first_mention_focal,0
SS1651763037034,CN,FD,FD,media/images/free_description/01-boat-river.jpg,first_mention_focal,0
SS1651764193629,CN,FD,FD,media/images/free_description/01-boat-river.jpg,first_mention_focal,1
SS1651765894743,CN,FD,FD,media/images/free_description/01-boat-river.jpg,first_mention_focal,0
SS1651767555827,CN,FD,FD,media/images/free_description/01-boat-river.jpg,first_mention_focal,0
SS1651769304707,CN,FD,FD,media/images/free_description/01-boat-river.jpg,first_mention_focal,0
SS1651771465459,CN,FD,FD,media/images/free_description/01-boat-river.jpg,first_mention_focal,0
SS1651783487150,CN,FD,FD,media/images/free_description/01-boat-river.jpg,first_mention_focal,1
SS1651798074227,CN,FD,FD,media/images/free_description/01-boat-river.jpg,first_mention_focal,1
SS1651799596238,CN,FD,FD,media/images/free_description/01-boat-river.jpg,first_mention_focal,0
SS1651804768520,CN,FD,FD,media/images/free_description/01-boat-river.jpg,first_mention_focal,1
SS1651807227958,CN,FD,FD,media/images/free_description/01-boat-river.jpg,first_mention_focal,0
SS1651810536901,CN,FD,FD,media/images/free_description/01-boat-river.jpg,first_mention_focal,0
SS1651810766684,CN,FD,FD,media/images/free_description/01-boat-river.jpg,first_mention_focal,1
SS1651812084324,CN,FD,FD,media/images/free_description/01-boat-river.jpg,first_mention_focal,0
SS1651818877028,CN,FD,FD,media/images/free_description/01-boat-river.jpg,first_mention_focal,1
SS1651821991579,CN,FD,FD,media/images/free_description/01-boat-river.jpg,first_mention_focal,0
SS1651822926317,CN,FD,FD,media/images/free_description/01-boat-river.jpg,first_mention_focal,0
SS1651827681410,CN,FD,FD,media/images/free_description/01-boat-river.jpg,first_mention_focal,0
SS1651828791480,CN,FD,FD,media/images/free_description/01-boat-river.jpg,first_mention_focal,1
SS1651835352625,CN,FD,FD,media/images/free_description/01-boat-river.jpg,first_mention_focal,0
SS1651837328638,CN,FD,FD,media/images/free_description/01-boat-river.jpg,first_mention_focal,1
SS1651837445397,CN,FD,FD,media/images/free_description/01-boat-river.jpg,first_mention_focal,1
SS1651837683659,CN,FD,FD,media/images/free_description/01-boat-river.jpg,first_mention_focal,1
SS1651839455332,CN,FD,FD,media/images/free_description/01-boat-river.jpg,first_mention_focal,1
SS1651840732818,CN,FD,FD,media/images/free_description/01-boat-river.jpg,first_mention_focal,1
SS1651840989750,CN,FD,FD,media/images/free_description/01-boat-river.jpg,first_mention_focal,1
SS1651842824466,CN,FD,FD,media/images/free_description/01-boat-river.jpg,first_mention_focal,0
SS1651844131204,CN,FD,FD,media/images/free_description/01-boat-river.jpg,first_mention_focal,1
SS1651845522237,CN,FD,FD,media/images/free_description/01-boat-river.jpg,first_mention_focal,0
SS1651845673245,CN,FD,FD,media/images/free_description/01-boat-river.jpg,first_mention_focal,0
SS1651847391324,CN,FD,FD,media/images/free_description/01-boat-river.jpg,first_mention_focal,0
SS1651849043017,CN,FD,FD,media/images/free_description/01-boat-river.jpg,first_mention_focal,0
SS1651849550334,CN,FD,FD,media/images/free_description/01-boat-river.jpg,first_mention_focal,1
SS1651890985414,CN,FD,FD,media/images/free_description/01-boat-river.jpg,first_mention_focal,0
SS1651891187280,CN,FD,FD,media/images/free_description/01-boat-river.jpg,first_mention_focal,0
SS1651906129454,CN,FD,FD,media/images/free_description/01-boat-river.jpg,first_mention_focal,0
SS1651906687128,CN,FD,FD,media/images/free_description/01-boat-river.jpg,first_mention_focal,1
SS1651912088419,CN,FD,FD,media/images/free_description/01-boat-river.jpg,first_mention_focal,1
SS1651915236922,CN,FD,FD,media/images/free_description/01-boat-river.jpg,first_mention_focal,1
SS1651916886491,CN,FD,FD,media/images/free_description/01-boat-river.jpg,first_mention_focal,1
SS1651918483229,CN,FD,FD,media/images/free_description/01-boat-river.jpg,first_mention_focal,1
SS1651919285907,CN,FD,FD,media/images/free_description/01-boat-river.jpg,first_mention_focal,0
SS1651921503296,CN,FD,FD,media/images/free_description/01-boat-river.jpg,first_mention_focal,0
SS1651922816094,CN,FD,FD,media/images/free_description/01-boat-river.jpg,first_mention_focal,1
SS1651924494966,CN,FD,FD,media/images/free_description/01-boat-river.jpg,first_mention_focal,1
SS1651926576151,CN,FD,FD,media/images/free_description/01-boat-river.jpg,first_mention_focal,1
SS1651926856493,CN,FD,FD,media/images/free_description/01-boat-river.jpg,first_mention_focal,1
SS1651928385240,CN,FD,FD,media/images/free_description/01-boat-river.jpg,first_mention_focal,0
SS1651932416698,CN,FD,FD,media/images/free_description/01-boat-river.jpg,first_mention_focal,0
SS1651934015946,CN,FD,FD,media/images/free_description/01-boat-river.jpg,first_mention_focal,1
SS1651544913549,CN,FD,FD,media/images/free_description/02-bike.jpg,first_mention_focal,1
SS1651545081461,CN,FD,FD,media/images/free_description/02-bike.jpg,first_mention_focal,1
SS1651545123067,CN,FD,FD,media/images/free_description/02-bike.jpg,first_mention_focal,0
SS1651545188145,CN,FD,FD,media/images/free_description/02-bike.jpg,first_mention_focal,1
SS1651545279588,CN,FD,FD,media/images/free_description/02-bike.jpg,first_mention_focal,0
SS1651545285513,CN,FD,FD,media/images/free_description/02-bike.jpg,first_mention_focal,1
SS1651545751233,CN,FD,FD,media/images/free_description/02-bike.jpg,first_mention_focal,0
SS1651546122639,CN,FD,FD,media/images/free_description/02-bike.jpg,first_mention_focal,1
SS1651546915326,CN,FD,FD,media/images/free_description/02-bike.jpg,first_mention_focal,0
SS1651548143005,CN,FD,FD,media/images/free_description/02-bike.jpg,first_mention_focal,1
SS1651552362039,CN,FD,FD,media/images/free_description/02-bike.jpg,first_mention_focal,0
SS1651553474432,CN,FD,FD,media/images/free_description/02-bike.jpg,first_mention_focal,1
SS1651553913160,CN,FD,FD,media/images/free_description/02-bike.jpg,first_mention_focal,1
SS1651554145523,CN,FD,FD,media/images/free_description/02-bike.jpg,first_mention_focal,1
SS1651554184228,CN,FD,FD,media/images/free_description/02-bike.jpg,first_mention_focal,0
SS1651554809980,CN,FD,FD,media/images/free_description/02-bike.jpg,first_mention_focal,0
SS1651559729763,CN,FD,FD,media/images/free_description/02-bike.jpg,first_mention_focal,1
SS1651560025455,CN,FD,FD,media/images/free_description/02-bike.jpg,first_mention_focal,0
SS1651561685665,CN,FD,FD,media/images/free_description/02-bike.jpg,first_mention_focal,1
SS1651562034956,CN,FD,FD,media/images/free_description/02-bike.jpg,first_mention_focal,1
SS1651562868228,CN,FD,FD,media/images/free_description/02-bike.jpg,first_mention_focal,1
SS1651564308340,CN,FD,FD,media/images/free_description/02-bike.jpg,first_mention_focal,1
SS1651565828518,CN,FD,FD,media/images/free_description/02-bike.jpg,first_mention_focal,0
SS1651568252846,CN,FD,FD,media/images/free_description/02-bike.jpg,first_mention_focal,0
SS1651568918829,CN,FD,FD,media/images/free_description/02-bike.jpg,first_mention_focal,1
SS1651570752111,CN,FD,FD,media/images/free_description/02-bike.jpg,first_mention_focal,1
SS1651571509239,CN,FD,FD,media/images/free_description/02-bike.jpg,first_mention_focal,1
SS1651572914976,CN,FD,FD,media/images/free_description/02-bike.jpg,first_mention_focal,1
SS1651576408487,CN,FD,FD,media/images/free_description/02-bike.jpg,first_mention_focal,0
SS1651578940027,CN,FD,FD,media/images/free_description/02-bike.jpg,first_mention_focal,0
SS1651579399729,CN,FD,FD,media/images/free_description/02-bike.jpg,first_mention_focal,1
SS1651582669897,CN,FD,FD,media/images/free_description/02-bike.jpg,first_mention_focal,0
SS1651623308643,CN,FD,FD,media/images/free_description/02-bike.jpg,first_mention_focal,1
SS1651625504097,CN,FD,FD,media/images/free_description/02-bike.jpg,first_mention_focal,1
SS1651629675682,CN,FD,FD,media/images/free_description/02-bike.jpg,first_mention_focal,1
SS1651633449820,CN,FD,FD,media/images/free_description/02-bike.jpg,first_mention_focal,0
SS1651634088254,CN,FD,FD,media/images/free_description/02-bike.jpg,first_mention_focal,1
SS1651634616537,CN,FD,FD,media/images/free_description/02-bike.jpg,first_mention_focal,0
SS1651634772197,CN,FD,FD,media/images/free_description/02-bike.jpg,first_mention_focal,1
SS1651636059839,CN,FD,FD,media/images/free_description/02-bike.jpg,first_mention_focal,1
SS1651637972613,CN,FD,FD,media/images/free_description/02-bike.jpg,first_mention_focal,0
SS1651644576691,CN,FD,FD,media/images/free_description/02-bike.jpg,first_mention_focal,0
SS1651648364635,CN,FD,FD,media/images/free_description/02-bike.jpg,first_mention_focal,1
SS1651649525276,CN,FD,FD,media/images/free_description/02-bike.jpg,first_mention_focal,1
SS1651652206023,CN,FD,FD,media/images/free_description/02-bike.jpg,first_mention_focal,1
SS1651652979760,CN,FD,FD,media/images/free_description/02-bike.jpg,first_mention_focal,0
SS1651654468673,CN,FD,FD,media/images/free_description/02-bike.jpg,first_mention_focal,1
SS1651654992618,CN,FD,FD,media/images/free_description/02-bike.jpg,first_mention_focal,1
SS1651663394470,CN,FD,FD,media/images/free_description/02-bike.jpg,first_mention_focal,0
SS1651664105704,CN,FD,FD,media/images/free_description/02-bike.jpg,first_mention_focal,0
SS1651665034176,CN,FD,FD,media/images/free_description/02-bike.jpg,first_mention_focal,1
SS1651666650135,CN,FD,FD,media/images/free_description/02-bike.jpg,first_mention_focal,1
SS1651669607417,CN,FD,FD,media/images/free_description/02-bike.jpg,first_mention_focal,1
SS1651669856701,CN,FD,FD,media/images/free_description/02-bike.jpg,first_mention_focal,1
SS1651672824225,CN,FD,FD,media/images/free_description/02-bike.jpg,first_mention_focal,1
SS1651674999028,CN,FD,FD,media/images/free_description/02-bike.jpg,first_mention_focal,1
SS1651675575564,CN,FD,FD,media/images/free_description/02-bike.jpg,first_mention_focal,0
SS1651675739437,CN,FD,FD,media/images/free_description/02-bike.jpg,first_mention_focal,0
SS1651682617757,CN,FD,FD,media/images/free_description/02-bike.jpg,first_mention_focal,0
SS1651705155608,CN,FD,FD,media/images/free_description/02-bike.jpg,first_mention_focal,0
SS1651713128281,CN,FD,FD,media/images/free_description/02-bike.jpg,first_mention_focal,0
SS1651721379726,CN,FD,FD,media/images/free_description/02-bike.jpg,first_mention_focal,1
SS1651724542208,CN,FD,FD,media/images/free_description/02-bike.jpg,first_mention_focal,1
SS1651726203467,CN,FD,FD,media/images/free_description/02-bike.jpg,first_mention_focal,0
SS1651727116955,CN,FD,FD,media/images/free_description/02-bike.jpg,first_mention_focal,1
SS1651727696486,CN,FD,FD,media/images/free_description/02-bike.jpg,first_mention_focal,0
SS1651728177417,CN,FD,FD,media/images/free_description/02-bike.jpg,first_mention_focal,1
SS1651729682124,CN,FD,FD,media/images/free_description/02-bike.jpg,first_mention_focal,0
SS1651729792731,CN,FD,FD,media/images/free_description/02-bike.jpg,first_mention_focal,1
SS1651731235827,CN,FD,FD,media/images/free_description/02-bike.jpg,first_mention_focal,1
SS1651734446265,CN,FD,FD,media/images/free_description/02-bike.jpg,first_mention_focal,0
SS1651737005457,CN,FD,FD,media/images/free_description/02-bike.jpg,first_mention_focal,0
SS1651739183035,CN,FD,FD,media/images/free_description/02-bike.jpg,first_mention_focal,1
SS1651748703908,CN,FD,FD,media/images/free_description/02-bike.jpg,first_mention_focal,0
SS1651751338853,CN,FD,FD,media/images/free_description/02-bike.jpg,first_mention_focal,0
SS1651751579584,CN,FD,FD,media/images/free_description/02-bike.jpg,first_mention_focal,1
SS1651761786814,CN,FD,FD,media/images/free_description/02-bike.jpg,first_mention_focal,1
SS1651762141455,CN,FD,FD,media/images/free_description/02-bike.jpg,first_mention_focal,1
SS1651763037034,CN,FD,FD,media/images/free_description/02-bike.jpg,first_mention_focal,1
SS1651764193629,CN,FD,FD,media/images/free_description/02-bike.jpg,first_mention_focal,1
SS1651765894743,CN,FD,FD,media/images/free_description/02-bike.jpg,first_mention_focal,0
SS1651767555827,CN,FD,FD,media/images/free_description/02-bike.jpg,first_mention_focal,0
SS1651769304707,CN,FD,FD,media/images/free_description/02-bike.jpg,first_mention_focal,0
SS1651771465459,CN,FD,FD,media/images/free_description/02-bike.jpg,first_mention_focal,1
SS1651783487150,CN,FD,FD,media/images/free_description/02-bike.jpg,first_mention_focal,1
SS1651798074227,CN,FD,FD,media/images/free_description/02-bike.jpg,first_mention_focal,1
SS1651799596238,CN,FD,FD,media/images/free_description/02-bike.jpg,first_mention_focal,1
SS1651804768520,CN,FD,FD,media/images/free_description/02-bike.jpg,first_mention_focal,1
SS1651807227958,CN,FD,FD,media/images/free_description/02-bike.jpg,first_mention_focal,1
SS1651810536901,CN,FD,FD,media/images/free_description/02-bike.jpg,first_mention_focal,1
SS1651810766684,CN,FD,FD,media/images/free_description/02-bike.jpg,first_mention_focal,0
SS1651812084324,CN,FD,FD,media/images/free_description/02-bike.jpg,first_mention_focal,0
SS1651818877028,CN,FD,FD,media/images/free_description/02-bike.jpg,first_mention_focal,1
SS1651821991579,CN,FD,FD,media/images/free_description/02-bike.jpg,first_mention_focal,1
SS1651822926317,CN,FD,FD,media/images/free_description/02-bike.jpg,first_mention_focal,1
SS1651827681410,CN,FD,FD,media/images/free_description/02-bike.jpg,first_mention_focal,1
SS1651828791480,CN,FD,FD,media/images/free_description/02-bike.jpg,first_mention_focal,1
SS1651835352625,CN,FD,FD,media/images/free_description/02-bike.jpg,first_mention_focal,1
SS1651837328638,CN,FD,FD,media/images/free_description/02-bike.jpg,first_mention_focal,1
SS1651837445397,CN,FD,FD,media/images/free_description/02-bike.jpg,first_mention_focal,1
SS1651837683659,CN,FD,FD,media/images/free_description/02-bike.jpg,first_mention_focal,0
SS1651839455332,CN,FD,FD,media/images/free_description/02-bike.jpg,first_mention_focal,1
SS1651840732818,CN,FD,FD,media/images/free_description/02-bike.jpg,first_mention_focal,1
SS1651840989750,CN,FD,FD,media/images/free_description/02-bike.jpg,first_mention_focal,1
SS1651842824466,CN,FD,FD,media/images/free_description/02-bike.jpg,first_mention_focal,1
SS1651844131204,CN,FD,FD,media/images/free_description/02-bike.jpg,first_mention_focal,1
SS1651845522237,CN,FD,FD,media/images/free_description/02-bike.jpg,first_mention_focal,1
SS1651845673245,CN,FD,FD,media/images/free_description/02-bike.jpg,first_mention_focal,1
SS1651847391324,CN,FD,FD,media/images/free_description/02-bike.jpg,first_mention_focal,1
SS1651849043017,CN,FD,FD,media/images/free_description/02-bike.jpg,first_mention_focal,0
SS1651849550334,CN,FD,FD,media/images/free_description/02-bike.jpg,first_mention_focal,1
SS1651890985414,CN,FD,FD,media/images/free_description/02-bike.jpg,first_mention_focal,1
SS1651891187280,CN,FD,FD,media/images/free_description/02-bike.jpg,first_mention_focal,1
SS1651906129454,CN,FD,FD,media/images/free_description/02-bike.jpg,first_mention_focal,1
SS1651906687128,CN,FD,FD,media/images/free_description/02-bike.jpg,first_mention_focal,1
SS1651912088419,CN,FD,FD,media/images/free_description/02-bike.jpg,first_mention_focal,1
SS1651915236922,CN,FD,FD,media/images/free_description/02-bike.jpg,first_mention_focal,1
SS1651916886491,CN,FD,FD,media/images/free_description/02-bike.jpg,first_mention_focal,1
SS1651918483229,CN,FD,FD,media/images/free_description/02-bike.jpg,first_mention_focal,1
SS1651919285907,CN,FD,FD,media/images/free_description/02-bike.jpg,first_mention_focal,0
SS1651921503296,CN,FD,FD,media/images/free_description/02-bike.jpg,first_mention_focal,0
SS1651922816094,CN,FD,FD,media/images/free_description/02-bike.jpg,first_mention_focal,1
SS1651924494966,CN,FD,FD,media/images/free_description/02-bike.jpg,first_mention_focal,0
SS1651926576151,CN,FD,FD,media/images/free_description/02-bike.jpg,first_mention_focal,1
SS1651926856493,CN,FD,FD,media/images/free_description/02-bike.jpg,first_mention_focal,1
SS1651928385240,CN,FD,FD,media/images/free_description/02-bike.jpg,first_mention_focal,1
SS1651932416698,CN,FD,FD,media/images/free_description/02-bike.jpg,first_mention_focal,1
SS1651934015946,CN,FD,FD,media/images/free_description/02-bike.jpg,first_mention_focal,0
SS1651544913549,CN,FD,FD,media/images/free_description/03-plane.jpg,first_mention_focal,0
SS1651545081461,CN,FD,FD,media/images/free_description/03-plane.jpg,first_mention_focal,0
SS1651545123067,CN,FD,FD,media/images/free_description/03-plane.jpg,first_mention_focal,1
SS1651545188145,CN,FD,FD,media/images/free_description/03-plane.jpg,first_mention_focal,1
SS1651545279588,CN,FD,FD,media/images/free_description/03-plane.jpg,first_mention_focal,1
SS1651545285513,CN,FD,FD,media/images/free_description/03-plane.jpg,first_mention_focal,1
SS1651545751233,CN,FD,FD,media/images/free_description/03-plane.jpg,first_mention_focal,0
SS1651546122639,CN,FD,FD,media/images/free_description/03-plane.jpg,first_mention_focal,1
SS1651546915326,CN,FD,FD,media/images/free_description/03-plane.jpg,first_mention_focal,1
SS1651548143005,CN,FD,FD,media/images/free_description/03-plane.jpg,first_mention_focal,0
SS1651552362039,CN,FD,FD,media/images/free_description/03-plane.jpg,first_mention_focal,1
SS1651553474432,CN,FD,FD,media/images/free_description/03-plane.jpg,first_mention_focal,1
SS1651553913160,CN,FD,FD,media/images/free_description/03-plane.jpg,first_mention_focal,1
SS1651554145523,CN,FD,FD,media/images/free_description/03-plane.jpg,first_mention_focal,1
SS1651554184228,CN,FD,FD,media/images/free_description/03-plane.jpg,first_mention_focal,1
SS1651554809980,CN,FD,FD,media/images/free_description/03-plane.jpg,first_mention_focal,1
SS1651559729763,CN,FD,FD,media/images/free_description/03-plane.jpg,first_mention_focal,0
SS1651560025455,CN,FD,FD,media/images/free_description/03-plane.jpg,first_mention_focal,0
SS1651561685665,CN,FD,FD,media/images/free_description/03-plane.jpg,first_mention_focal,0
SS1651562034956,CN,FD,FD,media/images/free_description/03-plane.jpg,first_mention_focal,1
SS1651562868228,CN,FD,FD,media/images/free_description/03-plane.jpg,first_mention_focal,1
SS1651564308340,CN,FD,FD,media/images/free_description/03-plane.jpg,first_mention_focal,0
SS1651568252846,CN,FD,FD,media/images/free_description/03-plane.jpg,first_mention_focal,1
SS1651568918829,CN,FD,FD,media/images/free_description/03-plane.jpg,first_mention_focal,1
SS1651570752111,CN,FD,FD,media/images/free_description/03-plane.jpg,first_mention_focal,1
SS1651571509239,CN,FD,FD,media/images/free_description/03-plane.jpg,first_mention_focal,0
SS1651572914976,CN,FD,FD,media/images/free_description/03-plane.jpg,first_mention_focal,0
SS1651576408487,CN,FD,FD,media/images/free_description/03-plane.jpg,first_mention_focal,0
SS1651578940027,CN,FD,FD,media/images/free_description/03-plane.jpg,first_mention_focal,1
SS1651579399729,CN,FD,FD,media/images/free_description/03-plane.jpg,first_mention_focal,1
SS1651582669897,CN,FD,FD,media/images/free_description/03-plane.jpg,first_mention_focal,1
SS1651623308643,CN,FD,FD,media/images/free_description/03-plane.jpg,first_mention_focal,1
SS1651625504097,CN,FD,FD,media/images/free_description/03-plane.jpg,first_mention_focal,0
SS1651629675682,CN,FD,FD,media/images/free_description/03-plane.jpg,first_mention_focal,1
SS1651631038398,CN,FD,FD,media/images/free_description/03-plane.jpg,first_mention_focal,0
SS1651632269384,CN,FD,FD,media/images/free_description/03-plane.jpg,first_mention_focal,0
SS1651633449820,CN,FD,FD,media/images/free_description/03-plane.jpg,first_mention_focal,0
SS1651634088254,CN,FD,FD,media/images/free_description/03-plane.jpg,first_mention_focal,1
SS1651634616537,CN,FD,FD,media/images/free_description/03-plane.jpg,first_mention_focal,1
SS1651634772197,CN,FD,FD,media/images/free_description/03-plane.jpg,first_mention_focal,1
SS1651636059839,CN,FD,FD,media/images/free_description/03-plane.jpg,first_mention_focal,1
SS1651637972613,CN,FD,FD,media/images/free_description/03-plane.jpg,first_mention_focal,0
SS1651644576691,CN,FD,FD,media/images/free_description/03-plane.jpg,first_mention_focal,0
SS1651648364635,CN,FD,FD,media/images/free_description/03-plane.jpg,first_mention_focal,1
SS1651649525276,CN,FD,FD,media/images/free_description/03-plane.jpg,first_mention_focal,0
SS1651652206023,CN,FD,FD,media/images/free_description/03-plane.jpg,first_mention_focal,1
SS1651652979760,CN,FD,FD,media/images/free_description/03-plane.jpg,first_mention_focal,0
SS1651654468673,CN,FD,FD,media/images/free_description/03-plane.jpg,first_mention_focal,1
SS1651654992618,CN,FD,FD,media/images/free_description/03-plane.jpg,first_mention_focal,1
SS1651662575870,CN,FD,FD,media/images/free_description/03-plane.jpg,first_mention_focal,1
SS1651663394470,CN,FD,FD,media/images/free_description/03-plane.jpg,first_mention_focal,0
SS1651664105704,CN,FD,FD,media/images/free_description/03-plane.jpg,first_mention_focal,0
SS1651665034176,CN,FD,FD,media/images/free_description/03-plane.jpg,first_mention_focal,1
SS1651666650135,CN,FD,FD,media/images/free_description/03-plane.jpg,first_mention_focal,0
SS1651669607417,CN,FD,FD,media/images/free_description/03-plane.jpg,first_mention_focal,1
SS1651669856701,CN,FD,FD,media/images/free_description/03-plane.jpg,first_mention_focal,1
SS1651672824225,CN,FD,FD,media/images/free_description/03-plane.jpg,first_mention_focal,1
SS1651674999028,CN,FD,FD,media/images/free_description/03-plane.jpg,first_mention_focal,1
SS1651675575564,CN,FD,FD,media/images/free_description/03-plane.jpg,first_mention_focal,0
SS1651675739437,CN,FD,FD,media/images/free_description/03-plane.jpg,first_mention_focal,0
SS1651682617757,CN,FD,FD,media/images/free_description/03-plane.jpg,first_mention_focal,0
SS1651705155608,CN,FD,FD,media/images/free_description/03-plane.jpg,first_mention_focal,0
SS1651713128281,CN,FD,FD,media/images/free_description/03-plane.jpg,first_mention_focal,0
SS1651721379726,CN,FD,FD,media/images/free_description/03-plane.jpg,first_mention_focal,1
SS1651724542208,CN,FD,FD,media/images/free_description/03-plane.jpg,first_mention_focal,1
SS1651726203467,CN,FD,FD,media/images/free_description/03-plane.jpg,first_mention_focal,0
SS1651727116955,CN,FD,FD,media/images/free_description/03-plane.jpg,first_mention_focal,0
SS1651727696486,CN,FD,FD,media/images/free_description/03-plane.jpg,first_mention_focal,0
SS1651728177417,CN,FD,FD,media/images/free_description/03-plane.jpg,first_mention_focal,1
SS1651729682124,CN,FD,FD,media/images/free_description/03-plane.jpg,first_mention_focal,1
SS1651729792731,CN,FD,FD,media/images/free_description/03-plane.jpg,first_mention_focal,1
SS1651731235827,CN,FD,FD,media/images/free_description/03-plane.jpg,first_mention_focal,1
SS1651734446265,CN,FD,FD,media/images/free_description/03-plane.jpg,first_mention_focal,1
SS1651737005457,CN,FD,FD,media/images/free_description/03-plane.jpg,first_mention_focal,1
SS1651739183035,CN,FD,FD,media/images/free_description/03-plane.jpg,first_mention_focal,0
SS1651744829480,CN,FD,FD,media/images/free_description/03-plane.jpg,first_mention_focal,1
SS1651748703908,CN,FD,FD,media/images/free_description/03-plane.jpg,first_mention_focal,1
SS1651751338853,CN,FD,FD,media/images/free_description/03-plane.jpg,first_mention_focal,0
SS1651751579584,CN,FD,FD,media/images/free_description/03-plane.jpg,first_mention_focal,1
SS1651761786814,CN,FD,FD,media/images/free_description/03-plane.jpg,first_mention_focal,1
SS1651762141455,CN,FD,FD,media/images/free_description/03-plane.jpg,first_mention_focal,0
SS1651763037034,CN,FD,FD,media/images/free_description/03-plane.jpg,first_mention_focal,0
SS1651764193629,CN,FD,FD,media/images/free_description/03-plane.jpg,first_mention_focal,1
SS1651765894743,CN,FD,FD,media/images/free_description/03-plane.jpg,first_mention_focal,0
SS1651767555827,CN,FD,FD,media/images/free_description/03-plane.jpg,first_mention_focal,1
SS1651769304707,CN,FD,FD,media/images/free_description/03-plane.jpg,first_mention_focal,0
SS1651771465459,CN,FD,FD,media/images/free_description/03-plane.jpg,first_mention_focal,1
SS1651783487150,CN,FD,FD,media/images/free_description/03-plane.jpg,first_mention_focal,1
SS1651798074227,CN,FD,FD,media/images/free_description/03-plane.jpg,first_mention_focal,1
SS1651799596238,CN,FD,FD,media/images/free_description/03-plane.jpg,first_mention_focal,1
SS1651804768520,CN,FD,FD,media/images/free_description/03-plane.jpg,first_mention_focal,1
SS1651807227958,CN,FD,FD,media/images/free_description/03-plane.jpg,first_mention_focal,0
SS1651810536901,CN,FD,FD,media/images/free_description/03-plane.jpg,first_mention_focal,0
SS1651810766684,CN,FD,FD,media/images/free_description/03-plane.jpg,first_mention_focal,0
SS1651812084324,CN,FD,FD,media/images/free_description/03-plane.jpg,first_mention_focal,1
SS1651818877028,CN,FD,FD,media/images/free_description/03-plane.jpg,first_mention_focal,1
SS1651821991579,CN,FD,FD,media/images/free_description/03-plane.jpg,first_mention_focal,0
SS1651822926317,CN,FD,FD,media/images/free_description/03-plane.jpg,first_mention_focal,1
SS1651827681410,CN,FD,FD,media/images/free_description/03-plane.jpg,first_mention_focal,0
SS1651828791480,CN,FD,FD,media/images/free_description/03-plane.jpg,first_mention_focal,1
SS1651835352625,CN,FD,FD,media/images/free_description/03-plane.jpg,first_mention_focal,1
SS1651837328638,CN,FD,FD,media/images/free_description/03-plane.jpg,first_mention_focal,1
SS1651837445397,CN,FD,FD,media/images/free_description/03-plane.jpg,first_mention_focal,1
SS1651837683659,CN,FD,FD,media/images/free_description/03-plane.jpg,first_mention_focal,0
SS1651839455332,CN,FD,FD,media/images/free_description/03-plane.jpg,first_mention_focal,1
SS1651840732818,CN,FD,FD,media/images/free_description/03-plane.jpg,first_mention_focal,1
SS1651840989750,CN,FD,FD,media/images/free_description/03-plane.jpg,first_mention_focal,1
SS1651842824466,CN,FD,FD,media/images/free_description/03-plane.jpg,first_mention_focal,0
SS1651844131204,CN,FD,FD,media/images/free_description/03-plane.jpg,first_mention_focal,1
SS1651845522237,CN,FD,FD,media/images/free_description/03-plane.jpg,first_mention_focal,0
SS1651845673245,CN,FD,FD,media/images/free_description/03-plane.jpg,first_mention_focal,0
SS1651849043017,CN,FD,FD,media/images/free_description/03-plane.jpg,first_mention_focal,0
SS1651849550334,CN,FD,FD,media/images/free_description/03-plane.jpg,first_mention_focal,1
SS1651890985414,CN,FD,FD,media/images/free_description/03-plane.jpg,first_mention_focal,1
SS1651891187280,CN,FD,FD,media/images/free_description/03-plane.jpg,first_mention_focal,1
SS1651906129454,CN,FD,FD,media/images/free_description/03-plane.jpg,first_mention_focal,1
SS1651906687128,CN,FD,FD,media/images/free_description/03-plane.jpg,first_mention_focal,0
SS1651912088419,CN,FD,FD,media/images/free_description/03-plane.jpg,first_mention_focal,1
SS1651915236922,CN,FD,FD,media/images/free_description/03-plane.jpg,first_mention_focal,1
SS1651916886491,CN,FD,FD,media/images/free_description/03-plane.jpg,first_mention_focal,0
SS1651918483229,CN,FD,FD,media/images/free_description/03-plane.jpg,first_mention_focal,1
SS1651919285907,CN,FD,FD,media/images/free_description/03-plane.jpg,first_mention_focal,1
SS1651921503296,CN,FD,FD,media/images/free_description/03-plane.jpg,first_mention_focal,1
SS1651922816094,CN,FD,FD,media/images/free_description/03-plane.jpg,first_mention_focal,1
SS1651924494966,CN,FD,FD,media/images/free_description/03-plane.jpg,first_mention_focal,1
SS1651926576151,CN,FD,FD,media/images/free_description/03-plane.jpg,first_mention_focal,0
SS1651926856493,CN,FD,FD,media/images/free_description/03-plane.jpg,first_mention_focal,1
SS1651928385240,CN,FD,FD,media/images/free_description/03-plane.jpg,first_mention_focal,0
SS1651932416698,CN,FD,FD,media/images/free_description/03-plane.jpg,first_mention_focal,1
SS1651934015946,CN,FD,FD,media/images/free_description/03-plane.jpg,first_mention_focal,0
SS1651544913549,CN,FD,FD,media/images/free_description/04-squirrel.jpg,first_mention_focal,1
SS1651545081461,CN,FD,FD,media/images/free_description/04-squirrel.jpg,first_mention_focal,0
SS1651545123067,CN,FD,FD,media/images/free_description/04-squirrel.jpg,first_mention_focal,1
SS1651545188145,CN,FD,FD,media/images/free_description/04-squirrel.jpg,first_mention_focal,0
SS1651545279588,CN,FD,FD,media/images/free_description/04-squirrel.jpg,first_mention_focal,0
SS1651545285513,CN,FD,FD,media/images/free_description/04-squirrel.jpg,first_mention_focal,1
SS1651545751233,CN,FD,FD,media/images/free_description/04-squirrel.jpg,first_mention_focal,0
SS1651546122639,CN,FD,FD,media/images/free_description/04-squirrel.jpg,first_mention_focal,1
SS1651546915326,CN,FD,FD,media/images/free_description/04-squirrel.jpg,first_mention_focal,0
SS1651548143005,CN,FD,FD,media/images/free_description/04-squirrel.jpg,first_mention_focal,0
SS1651552362039,CN,FD,FD,media/images/free_description/04-squirrel.jpg,first_mention_focal,0
SS1651553913160,CN,FD,FD,media/images/free_description/04-squirrel.jpg,first_mention_focal,1
SS1651554145523,CN,FD,FD,media/images/free_description/04-squirrel.jpg,first_mention_focal,1
SS1651554184228,CN,FD,FD,media/images/free_description/04-squirrel.jpg,first_mention_focal,1
SS1651554809980,CN,FD,FD,media/images/free_description/04-squirrel.jpg,first_mention_focal,0
SS1651559729763,CN,FD,FD,media/images/free_description/04-squirrel.jpg,first_mention_focal,0
SS1651560025455,CN,FD,FD,media/images/free_description/04-squirrel.jpg,first_mention_focal,0
SS1651561685665,CN,FD,FD,media/images/free_description/04-squirrel.jpg,first_mention_focal,1
SS1651562034956,CN,FD,FD,media/images/free_description/04-squirrel.jpg,first_mention_focal,1
SS1651562868228,CN,FD,FD,media/images/free_description/04-squirrel.jpg,first_mention_focal,1
SS1651564308340,CN,FD,FD,media/images/free_description/04-squirrel.jpg,first_mention_focal,0
SS1651565828518,CN,FD,FD,media/images/free_description/04-squirrel.jpg,first_mention_focal,0
SS1651568252846,CN,FD,FD,media/images/free_description/04-squirrel.jpg,first_mention_focal,1
SS1651568918829,CN,FD,FD,media/images/free_description/04-squirrel.jpg,first_mention_focal,1
SS1651570752111,CN,FD,FD,media/images/free_description/04-squirrel.jpg,first_mention_focal,1
SS1651571509239,CN,FD,FD,media/images/free_description/04-squirrel.jpg,first_mention_focal,0
SS1651572914976,CN,FD,FD,media/images/free_description/04-squirrel.jpg,first_mention_focal,1
SS1651576408487,CN,FD,FD,media/images/free_description/04-squirrel.jpg,first_mention_focal,1
SS1651578940027,CN,FD,FD,media/images/free_description/04-squirrel.jpg,first_mention_focal,1
SS1651579399729,CN,FD,FD,media/images/free_description/04-squirrel.jpg,first_mention_focal,1
SS1651582669897,CN,FD,FD,media/images/free_description/04-squirrel.jpg,first_mention_focal,1
SS1651623308643,CN,FD,FD,media/images/free_description/04-squirrel.jpg,first_mention_focal,1
SS1651625504097,CN,FD,FD,media/images/free_description/04-squirrel.jpg,first_mention_focal,0
SS1651629675682,CN,FD,FD,media/images/free_description/04-squirrel.jpg,first_mention_focal,1
SS1651631038398,CN,FD,FD,media/images/free_description/04-squirrel.jpg,first_mention_focal,0
SS1651632269384,CN,FD,FD,media/images/free_description/04-squirrel.jpg,first_mention_focal,0
SS1651633449820,CN,FD,FD,media/images/free_description/04-squirrel.jpg,first_mention_focal,0
SS1651634088254,CN,FD,FD,media/images/free_description/04-squirrel.jpg,first_mention_focal,1
SS1651634616537,CN,FD,FD,media/images/free_description/04-squirrel.jpg,first_mention_focal,1
SS1651634772197,CN,FD,FD,media/images/free_description/04-squirrel.jpg,first_mention_focal,1
SS1651636059839,CN,FD,FD,media/images/free_description/04-squirrel.jpg,first_mention_focal,0
SS1651637972613,CN,FD,FD,media/images/free_description/04-squirrel.jpg,first_mention_focal,0
SS1651644576691,CN,FD,FD,media/images/free_description/04-squirrel.jpg,first_mention_focal,0
SS1651648364635,CN,FD,FD,media/images/free_description/04-squirrel.jpg,first_mention_focal,1
SS1651649525276,CN,FD,FD,media/images/free_description/04-squirrel.jpg,first_mention_focal,1
SS1651652206023,CN,FD,FD,media/images/free_description/04-squirrel.jpg,first_mention_focal,1
SS1651652979760,CN,FD,FD,media/images/free_description/04-squirrel.jpg,first_mention_focal,0
SS1651654468673,CN,FD,FD,media/images/free_description/04-squirrel.jpg,first_mention_focal,1
SS1651654992618,CN,FD,FD,media/images/free_description/04-squirrel.jpg,first_mention_focal,1
SS1651662575870,CN,FD,FD,media/images/free_description/04-squirrel.jpg,first_mention_focal,0
SS1651663394470,CN,FD,FD,media/images/free_description/04-squirrel.jpg,first_mention_focal,0
SS1651664105704,CN,FD,FD,media/images/free_description/04-squirrel.jpg,first_mention_focal,1
SS1651665034176,CN,FD,FD,media/images/free_description/04-squirrel.jpg,first_mention_focal,1
SS1651666650135,CN,FD,FD,media/images/free_description/04-squirrel.jpg,first_mention_focal,1
SS1651669607417,CN,FD,FD,media/images/free_description/04-squirrel.jpg,first_mention_focal,1
SS1651669856701,CN,FD,FD,media/images/free_description/04-squirrel.jpg,first_mention_focal,1
SS1651672824225,CN,FD,FD,media/images/free_description/04-squirrel.jpg,first_mention_focal,1
SS1651674999028,CN,FD,FD,media/images/free_description/04-squirrel.jpg,first_mention_focal,1
SS1651675575564,CN,FD,FD,media/images/free_description/04-squirrel.jpg,first_mention_focal,0
SS1651675739437,CN,FD,FD,media/images/free_description/04-squirrel.jpg,first_mention_focal,0
SS1651682617757,CN,FD,FD,media/images/free_description/04-squirrel.jpg,first_mention_focal,0
SS1651705155608,CN,FD,FD,media/images/free_description/04-squirrel.jpg,first_mention_focal,0
SS1651713128281,CN,FD,FD,media/images/free_description/04-squirrel.jpg,first_mention_focal,0
SS1651721379726,CN,FD,FD,media/images/free_description/04-squirrel.jpg,first_mention_focal,1
SS1651724542208,CN,FD,FD,media/images/free_description/04-squirrel.jpg,first_mention_focal,1
SS1651726203467,CN,FD,FD,media/images/free_description/04-squirrel.jpg,first_mention_focal,1
SS1651727116955,CN,FD,FD,media/images/free_description/04-squirrel.jpg,first_mention_focal,1
SS1651727696486,CN,FD,FD,media/images/free_description/04-squirrel.jpg,first_mention_focal,0
SS1651728177417,CN,FD,FD,media/images/free_description/04-squirrel.jpg,first_mention_focal,0
SS1651729682124,CN,FD,FD,media/images/free_description/04-squirrel.jpg,first_mention_focal,1
SS1651729792731,CN,FD,FD,media/images/free_description/04-squirrel.jpg,first_mention_focal,1
SS1651731235827,CN,FD,FD,media/images/free_description/04-squirrel.jpg,first_mention_focal,1
SS1651734446265,CN,FD,FD,media/images/free_description/04-squirrel.jpg,first_mention_focal,0
SS1651737005457,CN,FD,FD,media/images/free_description/04-squirrel.jpg,first_mention_focal,1
SS1651739183035,CN,FD,FD,media/images/free_description/04-squirrel.jpg,first_mention_focal,1
SS1651744829480,CN,FD,FD,media/images/free_description/04-squirrel.jpg,first_mention_focal,1
SS1651751338853,CN,FD,FD,media/images/free_description/04-squirrel.jpg,first_mention_focal,1
SS1651751579584,CN,FD,FD,media/images/free_description/04-squirrel.jpg,first_mention_focal,0
SS1651761786814,CN,FD,FD,media/images/free_description/04-squirrel.jpg,first_mention_focal,1
SS1651762141455,CN,FD,FD,media/images/free_description/04-squirrel.jpg,first_mention_focal,0
SS1651763037034,CN,FD,FD,media/images/free_description/04-squirrel.jpg,first_mention_focal,0
SS1651764193629,CN,FD,FD,media/images/free_description/04-squirrel.jpg,first_mention_focal,1
SS1651765894743,CN,FD,FD,media/images/free_description/04-squirrel.jpg,first_mention_focal,1
SS1651767555827,CN,FD,FD,media/images/free_description/04-squirrel.jpg,first_mention_focal,0
SS1651771465459,CN,FD,FD,media/images/free_description/04-squirrel.jpg,first_mention_focal,0
SS1651783487150,CN,FD,FD,media/images/free_description/04-squirrel.jpg,first_mention_focal,0
SS1651798074227,CN,FD,FD,media/images/free_description/04-squirrel.jpg,first_mention_focal,1
SS1651799596238,CN,FD,FD,media/images/free_description/04-squirrel.jpg,first_mention_focal,1
SS1651804768520,CN,FD,FD,media/images/free_description/04-squirrel.jpg,first_mention_focal,1
SS1651807227958,CN,FD,FD,media/images/free_description/04-squirrel.jpg,first_mention_focal,0
SS1651810536901,CN,FD,FD,media/images/free_description/04-squirrel.jpg,first_mention_focal,1
SS1651810766684,CN,FD,FD,media/images/free_description/04-squirrel.jpg,first_mention_focal,1
SS1651812084324,CN,FD,FD,media/images/free_description/04-squirrel.jpg,first_mention_focal,0
SS1651818877028,CN,FD,FD,media/images/free_description/04-squirrel.jpg,first_mention_focal,0
SS1651821991579,CN,FD,FD,media/images/free_description/04-squirrel.jpg,first_mention_focal,1
SS1651822926317,CN,FD,FD,media/images/free_description/04-squirrel.jpg,first_mention_focal,1
SS1651827681410,CN,FD,FD,media/images/free_description/04-squirrel.jpg,first_mention_focal,0
SS1651828791480,CN,FD,FD,media/images/free_description/04-squirrel.jpg,first_mention_focal,1
SS1651835352625,CN,FD,FD,media/images/free_description/04-squirrel.jpg,first_mention_focal,1
SS1651837328638,CN,FD,FD,media/images/free_description/04-squirrel.jpg,first_mention_focal,1
SS1651837445397,CN,FD,FD,media/images/free_description/04-squirrel.jpg,first_mention_focal,1
SS1651837683659,CN,FD,FD,media/images/free_description/04-squirrel.jpg,first_mention_focal,1
SS1651839455332,CN,FD,FD,media/images/free_description/04-squirrel.jpg,first_mention_focal,1
SS1651840732818,CN,FD,FD,media/images/free_description/04-squirrel.jpg,first_mention_focal,1
SS1651840989750,CN,FD,FD,media/images/free_description/04-squirrel.jpg,first_mention_focal,1
SS1651842824466,CN,FD,FD,media/images/free_description/04-squirrel.jpg,first_mention_focal,1
SS1651844131204,CN,FD,FD,media/images/free_description/04-squirrel.jpg,first_mention_focal,1
SS1651845522237,CN,FD,FD,media/images/free_description/04-squirrel.jpg,first_mention_focal,1
SS1651845673245,CN,FD,FD,media/images/free_description/04-squirrel.jpg,first_mention_focal,1
SS1651847391324,CN,FD,FD,media/images/free_description/04-squirrel.jpg,first_mention_focal,1
SS1651849043017,CN,FD,FD,media/images/free_description/04-squirrel.jpg,first_mention_focal,0
SS1651849550334,CN,FD,FD,media/images/free_description/04-squirrel.jpg,first_mention_focal,0
SS1651890985414,CN,FD,FD,media/images/free_description/04-squirrel.jpg,first_mention_focal,1
SS1651891187280,CN,FD,FD,media/images/free_description/04-squirrel.jpg,first_mention_focal,1
SS1651906129454,CN,FD,FD,media/images/free_description/04-squirrel.jpg,first_mention_focal,0
SS1651906687128,CN,FD,FD,media/images/free_description/04-squirrel.jpg,first_mention_focal,1
SS1651912088419,CN,FD,FD,media/images/free_description/04-squirrel.jpg,first_mention_focal,0
SS1651915236922,CN,FD,FD,media/images/free_description/04-squirrel.jpg,first_mention_focal,1
SS1651916886491,CN,FD,FD,media/images/free_description/04-squirrel.jpg,first_mention_focal,1
SS1651918483229,CN,FD,FD,media/images/free_description/04-squirrel.jpg,first_mention_focal,1
SS1651919285907,CN,FD,FD,media/images/free_description/04-squirrel.jpg,first_mention_focal,0
SS1651921503296,CN,FD,FD,media/images/free_description/04-squirrel.jpg,first_mention_focal,0
SS1651922816094,CN,FD,FD,media/images/free_description/04-squirrel.jpg,first_mention_focal,1
SS1651924494966,CN,FD,FD,media/images/free_description/04-squirrel.jpg,first_mention_focal,1
SS1651926576151,CN,FD,FD,media/images/free_description/04-squirrel.jpg,first_mention_focal,1
SS1651926856493,CN,FD,FD,media/images/free_description/04-squirrel.jpg,first_mention_focal,1
SS1651928385240,CN,FD,FD,media/images/free_description/04-squirrel.jpg,first_mention_focal,1
SS1651932416698,CN,FD,FD,media/images/free_description/04-squirrel.jpg,first_mention_focal,1
SS1651934015946,CN,FD,FD,media/images/free_description/04-squirrel.jpg,first_mention_focal,1
SS1651544913549,CN,FD,FD,media/images/free_description/05-tiger.jpg,first_mention_focal,1
SS1651545081461,CN,FD,FD,media/images/free_description/05-tiger.jpg,first_mention_focal,1
SS1651545188145,CN,FD,FD,media/images/free_description/05-tiger.jpg,first_mention_focal,1
SS1651545279588,CN,FD,FD,media/images/free_description/05-tiger.jpg,first_mention_focal,1
SS1651545285513,CN,FD,FD,media/images/free_description/05-tiger.jpg,first_mention_focal,1
SS1651545751233,CN,FD,FD,media/images/free_description/05-tiger.jpg,first_mention_focal,0
SS1651546122639,CN,FD,FD,media/images/free_description/05-tiger.jpg,first_mention_focal,1
SS1651546915326,CN,FD,FD,media/images/free_description/05-tiger.jpg,first_mention_focal,1
SS1651548143005,CN,FD,FD,media/images/free_description/05-tiger.jpg,first_mention_focal,1
SS1651552362039,CN,FD,FD,media/images/free_description/05-tiger.jpg,first_mention_focal,0
SS1651553474432,CN,FD,FD,media/images/free_description/05-tiger.jpg,first_mention_focal,1
SS1651553913160,CN,FD,FD,media/images/free_description/05-tiger.jpg,first_mention_focal,1
SS1651554145523,CN,FD,FD,media/images/free_description/05-tiger.jpg,first_mention_focal,1
SS1651554184228,CN,FD,FD,media/images/free_description/05-tiger.jpg,first_mention_focal,0
SS1651554809980,CN,FD,FD,media/images/free_description/05-tiger.jpg,first_mention_focal,1
SS1651559729763,CN,FD,FD,media/images/free_description/05-tiger.jpg,first_mention_focal,1
SS1651560025455,CN,FD,FD,media/images/free_description/05-tiger.jpg,first_mention_focal,1
SS1651561685665,CN,FD,FD,media/images/free_description/05-tiger.jpg,first_mention_focal,1
SS1651562034956,CN,FD,FD,media/images/free_description/05-tiger.jpg,first_mention_focal,1
SS1651562868228,CN,FD,FD,media/images/free_description/05-tiger.jpg,first_mention_focal,1
SS1651564308340,CN,FD,FD,media/images/free_description/05-tiger.jpg,first_mention_focal,1
SS1651565828518,CN,FD,FD,media/images/free_description/05-tiger.jpg,first_mention_focal,0
SS1651568252846,CN,FD,FD,media/images/free_description/05-tiger.jpg,first_mention_focal,1
SS1651568918829,CN,FD,FD,media/images/free_description/05-tiger.jpg,first_mention_focal,1
SS1651570752111,CN,FD,FD,media/images/free_description/05-tiger.jpg,first_mention_focal,1
SS1651571509239,CN,FD,FD,media/images/free_description/05-tiger.jpg,first_mention_focal,1
SS1651572914976,CN,FD,FD,media/images/free_description/05-tiger.jpg,first_mention_focal,1
SS1651576408487,CN,FD,FD,media/images/free_description/05-tiger.jpg,first_mention_focal,1
SS1651578940027,CN,FD,FD,media/images/free_description/05-tiger.jpg,first_mention_focal,1
SS1651579399729,CN,FD,FD,media/images/free_description/05-tiger.jpg,first_mention_focal,1
SS1651582669897,CN,FD,FD,media/images/free_description/05-tiger.jpg,first_mention_focal,1
SS1651623308643,CN,FD,FD,media/images/free_description/05-tiger.jpg,first_mention_focal,0
SS1651625504097,CN,FD,FD,media/images/free_description/05-tiger.jpg,first_mention_focal,1
SS1651629675682,CN,FD,FD,media/images/free_description/05-tiger.jpg,first_mention_focal,1
SS1651631038398,CN,FD,FD,media/images/free_description/05-tiger.jpg,first_mention_focal,1
SS1651632269384,CN,FD,FD,media/images/free_description/05-tiger.jpg,first_mention_focal,1
SS1651633449820,CN,FD,FD,media/images/free_description/05-tiger.jpg,first_mention_focal,0
SS1651634088254,CN,FD,FD,media/images/free_description/05-tiger.jpg,first_mention_focal,1
SS1651634616537,CN,FD,FD,media/images/free_description/05-tiger.jpg,first_mention_focal,1
SS1651634772197,CN,FD,FD,media/images/free_description/05-tiger.jpg,first_mention_focal,1
SS1651636059839,CN,FD,FD,media/images/free_description/05-tiger.jpg,first_mention_focal,1
SS1651637972613,CN,FD,FD,media/images/free_description/05-tiger.jpg,first_mention_focal,1
SS1651644576691,CN,FD,FD,media/images/free_description/05-tiger.jpg,first_mention_focal,1
SS1651648364635,CN,FD,FD,media/images/free_description/05-tiger.jpg,first_mention_focal,1
SS1651649525276,CN,FD,FD,media/images/free_description/05-tiger.jpg,first_mention_focal,1
SS1651652206023,CN,FD,FD,media/images/free_description/05-tiger.jpg,first_mention_focal,1
SS1651652979760,CN,FD,FD,media/images/free_description/05-tiger.jpg,first_mention_focal,0
SS1651654468673,CN,FD,FD,media/images/free_description/05-tiger.jpg,first_mention_focal,1
SS1651654992618,CN,FD,FD,media/images/free_description/05-tiger.jpg,first_mention_focal,1
SS1651662575870,CN,FD,FD,media/images/free_description/05-tiger.jpg,first_mention_focal,1
SS1651663394470,CN,FD,FD,media/images/free_description/05-tiger.jpg,first_mention_focal,1
SS1651664105704,CN,FD,FD,media/images/free_description/05-tiger.jpg,first_mention_focal,1
SS1651665034176,CN,FD,FD,media/images/free_description/05-tiger.jpg,first_mention_focal,1
SS1651666650135,CN,FD,FD,media/images/free_description/05-tiger.jpg,first_mention_focal,0
SS1651669607417,CN,FD,FD,media/images/free_description/05-tiger.jpg,first_mention_focal,1
SS1651669856701,CN,FD,FD,media/images/free_description/05-tiger.jpg,first_mention_focal,0
SS1651672824225,CN,FD,FD,media/images/free_description/05-tiger.jpg,first_mention_focal,1
SS1651674999028,CN,FD,FD,media/images/free_description/05-tiger.jpg,first_mention_focal,1
SS1651675575564,CN,FD,FD,media/images/free_description/05-tiger.jpg,first_mention_focal,1
SS1651675739437,CN,FD,FD,media/images/free_description/05-tiger.jpg,first_mention_focal,1
SS1651682617757,CN,FD,FD,media/images/free_description/05-tiger.jpg,first_mention_focal,1
SS1651705155608,CN,FD,FD,media/images/free_description/05-tiger.jpg,first_mention_focal,0
SS1651713128281,CN,FD,FD,media/images/free_description/05-tiger.jpg,first_mention_focal,0
SS1651721379726,CN,FD,FD,media/images/free_description/05-tiger.jpg,first_mention_focal,1
SS1651724542208,CN,FD,FD,media/images/free_description/05-tiger.jpg,first_mention_focal,1
SS1651726203467,CN,FD,FD,media/images/free_description/05-tiger.jpg,first_mention_focal,1
SS1651727116955,CN,FD,FD,media/images/free_description/05-tiger.jpg,first_mention_focal,0
SS1651727696486,CN,FD,FD,media/images/free_description/05-tiger.jpg,first_mention_focal,0
SS1651728177417,CN,FD,FD,media/images/free_description/05-tiger.jpg,first_mention_focal,1
SS1651729792731,CN,FD,FD,media/images/free_description/05-tiger.jpg,first_mention_focal,1
SS1651731235827,CN,FD,FD,media/images/free_description/05-tiger.jpg,first_mention_focal,1
SS1651734446265,CN,FD,FD,media/images/free_description/05-tiger.jpg,first_mention_focal,0
SS1651737005457,CN,FD,FD,media/images/free_description/05-tiger.jpg,first_mention_focal,0
SS1651739183035,CN,FD,FD,media/images/free_description/05-tiger.jpg,first_mention_focal,1
SS1651744829480,CN,FD,FD,media/images/free_description/05-tiger.jpg,first_mention_focal,0
SS1651748703908,CN,FD,FD,media/images/free_description/05-tiger.jpg,first_mention_focal,0
SS1651751338853,CN,FD,FD,media/images/free_description/05-tiger.jpg,first_mention_focal,1
SS1651751579584,CN,FD,FD,media/images/free_description/05-tiger.jpg,first_mention_focal,1
SS1651761786814,CN,FD,FD,media/images/free_description/05-tiger.jpg,first_mention_focal,1
SS1651762141455,CN,FD,FD,media/images/free_description/05-tiger.jpg,first_mention_focal,0
SS1651763037034,CN,FD,FD,media/images/free_description/05-tiger.jpg,first_mention_focal,1
SS1651764193629,CN,FD,FD,media/images/free_description/05-tiger.jpg,first_mention_focal,1
SS1651765894743,CN,FD,FD,media/images/free_description/05-tiger.jpg,first_mention_focal,1
SS1651767555827,CN,FD,FD,media/images/free_description/05-tiger.jpg,first_mention_focal,0
SS1651769304707,CN,FD,FD,media/images/free_description/05-tiger.jpg,first_mention_focal,0
SS1651771465459,CN,FD,FD,media/images/free_description/05-tiger.jpg,first_mention_focal,0
SS1651783487150,CN,FD,FD,media/images/free_description/05-tiger.jpg,first_mention_focal,0
SS1651798074227,CN,FD,FD,media/images/free_description/05-tiger.jpg,first_mention_focal,1
SS1651799596238,CN,FD,FD,media/images/free_description/05-tiger.jpg,first_mention_focal,1
SS1651804768520,CN,FD,FD,media/images/free_description/05-tiger.jpg,first_mention_focal,1
SS1651807227958,CN,FD,FD,media/images/free_description/05-tiger.jpg,first_mention_focal,1
SS1651810536901,CN,FD,FD,media/images/free_description/05-tiger.jpg,first_mention_focal,1
SS1651810766684,CN,FD,FD,media/images/free_description/05-tiger.jpg,first_mention_focal,1
SS1651812084324,CN,FD,FD,media/images/free_description/05-tiger.jpg,first_mention_focal,0
SS1651818877028,CN,FD,FD,media/images/free_description/05-tiger.jpg,first_mention_focal,1
SS1651821991579,CN,FD,FD,media/images/free_description/05-tiger.jpg,first_mention_focal,1
SS1651822926317,CN,FD,FD,media/images/free_description/05-tiger.jpg,first_mention_focal,1
SS1651827681410,CN,FD,FD,media/images/free_description/05-tiger.jpg,first_mention_focal,1
SS1651828791480,CN,FD,FD,media/images/free_description/05-tiger.jpg,first_mention_focal,1
SS1651835352625,CN,FD,FD,media/images/free_description/05-tiger.jpg,first_mention_focal,1
SS1651837328638,CN,FD,FD,media/images/free_description/05-tiger.jpg,first_mention_focal,1
SS1651837445397,CN,FD,FD,media/images/free_description/05-tiger.jpg,first_mention_focal,1
SS1651837683659,CN,FD,FD,media/images/free_description/05-tiger.jpg,first_mention_focal,1
SS1651839455332,CN,FD,FD,media/images/free_description/05-tiger.jpg,first_mention_focal,1
SS1651840732818,CN,FD,FD,media/images/free_description/05-tiger.jpg,first_mention_focal,1
SS1651840989750,CN,FD,FD,media/images/free_description/05-tiger.jpg,first_mention_focal,1
SS1651842824466,CN,FD,FD,media/images/free_description/05-tiger.jpg,first_mention_focal,1
SS1651844131204,CN,FD,FD,media/images/free_description/05-tiger.jpg,first_mention_focal,1
SS1651845522237,CN,FD,FD,media/images/free_description/05-tiger.jpg,first_mention_focal,1
SS1651845673245,CN,FD,FD,media/images/free_description/05-tiger.jpg,first_mention_focal,1
SS1651847391324,CN,FD,FD,media/images/free_description/05-tiger.jpg,first_mention_focal,1
SS1651849043017,CN,FD,FD,media/images/free_description/05-tiger.jpg,first_mention_focal,0
SS1651849550334,CN,FD,FD,media/images/free_description/05-tiger.jpg,first_mention_focal,1
SS1651890985414,CN,FD,FD,media/images/free_description/05-tiger.jpg,first_mention_focal,1
SS1651891187280,CN,FD,FD,media/images/free_description/05-tiger.jpg,first_mention_focal,1
SS1651906129454,CN,FD,FD,media/images/free_description/05-tiger.jpg,first_mention_focal,1
SS1651906687128,CN,FD,FD,media/images/free_description/05-tiger.jpg,first_mention_focal,1
SS1651912088419,CN,FD,FD,media/images/free_description/05-tiger.jpg,first_mention_focal,0
SS1651915236922,CN,FD,FD,media/images/free_description/05-tiger.jpg,first_mention_focal,1
SS1651916886491,CN,FD,FD,media/images/free_description/05-tiger.jpg,first_mention_focal,0
SS1651918483229,CN,FD,FD,media/images/free_description/05-tiger.jpg,first_mention_focal,1
SS1651919285907,CN,FD,FD,media/images/free_description/05-tiger.jpg,first_mention_focal,0
SS1651921503296,CN,FD,FD,media/images/free_description/05-tiger.jpg,first_mention_focal,0
SS1651922816094,CN,FD,FD,media/images/free_description/05-tiger.jpg,first_mention_focal,1
SS1651924494966,CN,FD,FD,media/images/free_description/05-tiger.jpg,first_mention_focal,0
SS1651926576151,CN,FD,FD,media/images/free_description/05-tiger.jpg,first_mention_focal,1
SS1651926856493,CN,FD,FD,media/images/free_description/05-tiger.jpg,first_mention_focal,1
SS1651928385240,CN,FD,FD,media/images/free_description/05-tiger.jpg,first_mention_focal,1
SS1651932416698,CN,FD,FD,media/images/free_description/05-tiger.jpg,first_mention_focal,1
SS1651934015946,CN,FD,FD,media/images/free_description/05-tiger.jpg,first_mention_focal,1
SS1651544913549,CN,FD,FD,media/images/free_description/06-train-red.jpg,first_mention_focal,1
SS1651545081461,CN,FD,FD,media/images/free_description/06-train-red.jpg,first_mention_focal,1
SS1651545123067,CN,FD,FD,media/images/free_description/06-train-red.jpg,first_mention_focal,1
SS1651545188145,CN,FD,FD,media/images/free_description/06-train-red.jpg,first_mention_focal,0
SS1651545279588,CN,FD,FD,media/images/free_description/06-train-red.jpg,first_mention_focal,1
SS1651545285513,CN,FD,FD,media/images/free_description/06-train-red.jpg,first_mention_focal,1
SS1651545751233,CN,FD,FD,media/images/free_description/06-train-red.jpg,first_mention_focal,1
SS1651546122639,CN,FD,FD,media/images/free_description/06-train-red.jpg,first_mention_focal,1
SS1651546915326,CN,FD,FD,media/images/free_description/06-train-red.jpg,first_mention_focal,1
SS1651552362039,CN,FD,FD,media/images/free_description/06-train-red.jpg,first_mention_focal,0
SS1651553474432,CN,FD,FD,media/images/free_description/06-train-red.jpg,first_mention_focal,1
SS1651553913160,CN,FD,FD,media/images/free_description/06-train-red.jpg,first_mention_focal,0
SS1651554145523,CN,FD,FD,media/images/free_description/06-train-red.jpg,first_mention_focal,1
SS1651554184228,CN,FD,FD,media/images/free_description/06-train-red.jpg,first_mention_focal,1
SS1651554809980,CN,FD,FD,media/images/free_description/06-train-red.jpg,first_mention_focal,1
SS1651559729763,CN,FD,FD,media/images/free_description/06-train-red.jpg,first_mention_focal,1
SS1651560025455,CN,FD,FD,media/images/free_description/06-train-red.jpg,first_mention_focal,0
SS1651561685665,CN,FD,FD,media/images/free_description/06-train-red.jpg,first_mention_focal,1
SS1651562034956,CN,FD,FD,media/images/free_description/06-train-red.jpg,first_mention_focal,0
SS1651562868228,CN,FD,FD,media/images/free_description/06-train-red.jpg,first_mention_focal,1
SS1651564308340,CN,FD,FD,media/images/free_description/06-train-red.jpg,first_mention_focal,1
SS1651565828518,CN,FD,FD,media/images/free_description/06-train-red.jpg,first_mention_focal,1
SS1651568252846,CN,FD,FD,media/images/free_description/06-train-red.jpg,first_mention_focal,1
SS1651568918829,CN,FD,FD,media/images/free_description/06-train-red.jpg,first_mention_focal,1
SS1651571509239,CN,FD,FD,media/images/free_description/06-train-red.jpg,first_mention_focal,0
SS1651572914976,CN,FD,FD,media/images/free_description/06-train-red.jpg,first_mention_focal,0
SS1651576408487,CN,FD,FD,media/images/free_description/06-train-red.jpg,first_mention_focal,1
SS1651578940027,CN,FD,FD,media/images/free_description/06-train-red.jpg,first_mention_focal,1
SS1651579399729,CN,FD,FD,media/images/free_description/06-train-red.jpg,first_mention_focal,1
SS1651582669897,CN,FD,FD,media/images/free_description/06-train-red.jpg,first_mention_focal,0
SS1651623308643,CN,FD,FD,media/images/free_description/06-train-red.jpg,first_mention_focal,1
SS1651625504097,CN,FD,FD,media/images/free_description/06-train-red.jpg,first_mention_focal,0
SS1651629675682,CN,FD,FD,media/images/free_description/06-train-red.jpg,first_mention_focal,1
SS1651631038398,CN,FD,FD,media/images/free_description/06-train-red.jpg,first_mention_focal,0
SS1651632269384,CN,FD,FD,media/images/free_description/06-train-red.jpg,first_mention_focal,1
SS1651633449820,CN,FD,FD,media/images/free_description/06-train-red.jpg,first_mention_focal,0
SS1651634088254,CN,FD,FD,media/images/free_description/06-train-red.jpg,first_mention_focal,1
SS1651634616537,CN,FD,FD,media/images/free_description/06-train-red.jpg,first_mention_focal,0
SS1651634772197,CN,FD,FD,media/images/free_description/06-train-red.jpg,first_mention_focal,1
SS1651636059839,CN,FD,FD,media/images/free_description/06-train-red.jpg,first_mention_focal,1
SS1651637972613,CN,FD,FD,media/images/free_description/06-train-red.jpg,first_mention_focal,1
SS1651644576691,CN,FD,FD,media/images/free_description/06-train-red.jpg,first_mention_focal,1
SS1651648364635,CN,FD,FD,media/images/free_description/06-train-red.jpg,first_mention_focal,1
SS1651649525276,CN,FD,FD,media/images/free_description/06-train-red.jpg,first_mention_focal,1
SS1651652206023,CN,FD,FD,media/images/free_description/06-train-red.jpg,first_mention_focal,1
SS1651652979760,CN,FD,FD,media/images/free_description/06-train-red.jpg,first_mention_focal,0
SS1651654468673,CN,FD,FD,media/images/free_description/06-train-red.jpg,first_mention_focal,0
SS1651654992618,CN,FD,FD,media/images/free_description/06-train-red.jpg,first_mention_focal,1
SS1651662575870,CN,FD,FD,media/images/free_description/06-train-red.jpg,first_mention_focal,1
SS1651663394470,CN,FD,FD,media/images/free_description/06-train-red.jpg,first_mention_focal,1
SS1651664105704,CN,FD,FD,media/images/free_description/06-train-red.jpg,first_mention_focal,0
SS1651665034176,CN,FD,FD,media/images/free_description/06-train-red.jpg,first_mention_focal,1
SS1651666650135,CN,FD,FD,media/images/free_description/06-train-red.jpg,first_mention_focal,1
SS1651669607417,CN,FD,FD,media/images/free_description/06-train-red.jpg,first_mention_focal,1
SS1651669856701,CN,FD,FD,media/images/free_description/06-train-red.jpg,first_mention_focal,1
SS1651672824225,CN,FD,FD,media/images/free_description/06-train-red.jpg,first_mention_focal,1
SS1651674999028,CN,FD,FD,media/images/free_description/06-train-red.jpg,first_mention_focal,1
SS1651675575564,CN,FD,FD,media/images/free_description/06-train-red.jpg,first_mention_focal,1
SS1651675739437,CN,FD,FD,media/images/free_description/06-train-red.jpg,first_mention_focal,0
SS1651682617757,CN,FD,FD,media/images/free_description/06-train-red.jpg,first_mention_focal,0
SS1651705155608,CN,FD,FD,media/images/free_description/06-train-red.jpg,first_mention_focal,0
SS1651713128281,CN,FD,FD,media/images/free_description/06-train-red.jpg,first_mention_focal,0
SS1651721379726,CN,FD,FD,media/images/free_description/06-train-red.jpg,first_mention_focal,1
SS1651724542208,CN,FD,FD,media/images/free_description/06-train-red.jpg,first_mention_focal,1
SS1651726203467,CN,FD,FD,media/images/free_description/06-train-red.jpg,first_mention_focal,1
SS1651727116955,CN,FD,FD,media/images/free_description/06-train-red.jpg,first_mention_focal,1
SS1651727696486,CN,FD,FD,media/images/free_description/06-train-red.jpg,first_mention_focal,0
SS1651728177417,CN,FD,FD,media/images/free_description/06-train-red.jpg,first_mention_focal,1
SS1651729682124,CN,FD,FD,media/images/free_description/06-train-red.jpg,first_mention_focal,1
SS1651729792731,CN,FD,FD,media/images/free_description/06-train-red.jpg,first_mention_focal,1
SS1651731235827,CN,FD,FD,media/images/free_description/06-train-red.jpg,first_mention_focal,1
SS1651734446265,CN,FD,FD,media/images/free_description/06-train-red.jpg,first_mention_focal,0
SS1651737005457,CN,FD,FD,media/images/free_description/06-train-red.jpg,first_mention_focal,1
SS1651739183035,CN,FD,FD,media/images/free_description/06-train-red.jpg,first_mention_focal,1
SS1651744829480,CN,FD,FD,media/images/free_description/06-train-red.jpg,first_mention_focal,1
SS1651748703908,CN,FD,FD,media/images/free_description/06-train-red.jpg,first_mention_focal,0
SS1651751338853,CN,FD,FD,media/images/free_description/06-train-red.jpg,first_mention_focal,1
SS1651751579584,CN,FD,FD,media/images/free_description/06-train-red.jpg,first_mention_focal,1
SS1651761786814,CN,FD,FD,media/images/free_description/06-train-red.jpg,first_mention_focal,1
SS1651762141455,CN,FD,FD,media/images/free_description/06-train-red.jpg,first_mention_focal,1
SS1651763037034,CN,FD,FD,media/images/free_description/06-train-red.jpg,first_mention_focal,1
SS1651764193629,CN,FD,FD,media/images/free_description/06-train-red.jpg,first_mention_focal,1
SS1651765894743,CN,FD,FD,media/images/free_description/06-train-red.jpg,first_mention_focal,1
SS1651767555827,CN,FD,FD,media/images/free_description/06-train-red.jpg,first_mention_focal,0
SS1651769304707,CN,FD,FD,media/images/free_description/06-train-red.jpg,first_mention_focal,1
SS1651771465459,CN,FD,FD,media/images/free_description/06-train-red.jpg,first_mention_focal,1
SS1651783487150,CN,FD,FD,media/images/free_description/06-train-red.jpg,first_mention_focal,1
SS1651798074227,CN,FD,FD,media/images/free_description/06-train-red.jpg,first_mention_focal,1
SS1651799596238,CN,FD,FD,media/images/free_description/06-train-red.jpg,first_mention_focal,1
SS1651804768520,CN,FD,FD,media/images/free_description/06-train-red.jpg,first_mention_focal,1
SS1651807227958,CN,FD,FD,media/images/free_description/06-train-red.jpg,first_mention_focal,1
SS1651810536901,CN,FD,FD,media/images/free_description/06-train-red.jpg,first_mention_focal,1
SS1651810766684,CN,FD,FD,media/images/free_description/06-train-red.jpg,first_mention_focal,1
SS1651812084324,CN,FD,FD,media/images/free_description/06-train-red.jpg,first_mention_focal,0
SS1651818877028,CN,FD,FD,media/images/free_description/06-train-red.jpg,first_mention_focal,1
SS1651821991579,CN,FD,FD,media/images/free_description/06-train-red.jpg,first_mention_focal,1
SS1651822926317,CN,FD,FD,media/images/free_description/06-train-red.jpg,first_mention_focal,0
SS1651827681410,CN,FD,FD,media/images/free_description/06-train-red.jpg,first_mention_focal,1
SS1651828791480,CN,FD,FD,media/images/free_description/06-train-red.jpg,first_mention_focal,1
SS1651835352625,CN,FD,FD,media/images/free_description/06-train-red.jpg,first_mention_focal,1
SS1651837328638,CN,FD,FD,media/images/free_description/06-train-red.jpg,first_mention_focal,1
SS1651837445397,CN,FD,FD,media/images/free_description/06-train-red.jpg,first_mention_focal,1
SS1651837683659,CN,FD,FD,media/images/free_description/06-train-red.jpg,first_mention_focal,1
SS1651839455332,CN,FD,FD,media/images/free_description/06-train-red.jpg,first_mention_focal,1
SS1651840732818,CN,FD,FD,media/images/free_description/06-train-red.jpg,first_mention_focal,0
SS1651840989750,CN,FD,FD,media/images/free_description/06-train-red.jpg,first_mention_focal,1
SS1651842824466,CN,FD,FD,media/images/free_description/06-train-red.jpg,first_mention_focal,1
SS1651844131204,CN,FD,FD,media/images/free_description/06-train-red.jpg,first_mention_focal,1
SS1651845522237,CN,FD,FD,media/images/free_description/06-train-red.jpg,first_mention_focal,1
SS1651845673245,CN,FD,FD,media/images/free_description/06-train-red.jpg,first_mention_focal,1
SS1651847391324,CN,FD,FD,media/images/free_description/06-train-red.jpg,first_mention_focal,1
SS1651849043017,CN,FD,FD,media/images/free_description/06-train-red.jpg,first_mention_focal,1
SS1651849550334,CN,FD,FD,media/images/free_description/06-train-red.jpg,first_mention_focal,1
SS1651890985414,CN,FD,FD,media/images/free_description/06-train-red.jpg,first_mention_focal,1
SS1651891187280,CN,FD,FD,media/images/free_description/06-train-red.jpg,first_mention_focal,1
SS1651906129454,CN,FD,FD,media/images/free_description/06-train-red.jpg,first_mention_focal,1
SS1651906687128,CN,FD,FD,media/images/free_description/06-train-red.jpg,first_mention_focal,1
SS1651912088419,CN,FD,FD,media/images/free_description/06-train-red.jpg,first_mention_focal,1
SS1651915236922,CN,FD,FD,media/images/free_description/06-train-red.jpg,first_mention_focal,1
SS1651916886491,CN,FD,FD,media/images/free_description/06-train-red.jpg,first_mention_focal,1
SS1651918483229,CN,FD,FD,media/images/free_description/06-train-red.jpg,first_mention_focal,1
SS1651919285907,CN,FD,FD,media/images/free_description/06-train-red.jpg,first_mention_focal,1
SS1651921503296,CN,FD,FD,media/images/free_description/06-train-red.jpg,first_mention_focal,0
SS1651922816094,CN,FD,FD,media/images/free_description/06-train-red.jpg,first_mention_focal,1
SS1651924494966,CN,FD,FD,media/images/free_description/06-train-red.jpg,first_mention_focal,1
SS1651926576151,CN,FD,FD,media/images/free_description/06-train-red.jpg,first_mention_focal,1
SS1651926856493,CN,FD,FD,media/images/free_description/06-train-red.jpg,first_mention_focal,1
SS1651928385240,CN,FD,FD,media/images/free_description/06-train-red.jpg,first_mention_focal,1
SS1651932416698,CN,FD,FD,media/images/free_description/06-train-red.jpg,first_mention_focal,1
SS1651934015946,CN,FD,FD,media/images/free_description/06-train-red.jpg,first_mention_focal,1
SS1651544913549,CN,FD,FD,media/images/free_description/07-train-green.jpg,first_mention_focal,1
SS1651545081461,CN,FD,FD,media/images/free_description/07-train-green.jpg,first_mention_focal,0
SS1651545123067,CN,FD,FD,media/images/free_description/07-train-green.jpg,first_mention_focal,1
SS1651545188145,CN,FD,FD,media/images/free_description/07-train-green.jpg,first_mention_focal,0
SS1651545279588,CN,FD,FD,media/images/free_description/07-train-green.jpg,first_mention_focal,1
SS1651545285513,CN,FD,FD,media/images/free_description/07-train-green.jpg,first_mention_focal,1
SS1651545751233,CN,FD,FD,media/images/free_description/07-train-green.jpg,first_mention_focal,1
SS1651546122639,CN,FD,FD,media/images/free_description/07-train-green.jpg,first_mention_focal,1
SS1651546915326,CN,FD,FD,media/images/free_description/07-train-green.jpg,first_mention_focal,1
SS1651548143005,CN,FD,FD,media/images/free_description/07-train-green.jpg,first_mention_focal,1
SS1651552362039,CN,FD,FD,media/images/free_description/07-train-green.jpg,first_mention_focal,0
SS1651553474432,CN,FD,FD,media/images/free_description/07-train-green.jpg,first_mention_focal,1
SS1651553913160,CN,FD,FD,media/images/free_description/07-train-green.jpg,first_mention_focal,1
SS1651554145523,CN,FD,FD,media/images/free_description/07-train-green.jpg,first_mention_focal,1
SS1651554184228,CN,FD,FD,media/images/free_description/07-train-green.jpg,first_mention_focal,1
SS1651554809980,CN,FD,FD,media/images/free_description/07-train-green.jpg,first_mention_focal,1
SS1651559729763,CN,FD,FD,media/images/free_description/07-train-green.jpg,first_mention_focal,1
SS1651560025455,CN,FD,FD,media/images/free_description/07-train-green.jpg,first_mention_focal,1
SS1651561685665,CN,FD,FD,media/images/free_description/07-train-green.jpg,first_mention_focal,1
SS1651562034956,CN,FD,FD,media/images/free_description/07-train-green.jpg,first_mention_focal,1
SS1651562868228,CN,FD,FD,media/images/free_description/07-train-green.jpg,first_mention_focal,1
SS1651564308340,CN,FD,FD,media/images/free_description/07-train-green.jpg,first_mention_focal,1
SS1651565828518,CN,FD,FD,media/images/free_description/07-train-green.jpg,first_mention_focal,1
SS1651568252846,CN,FD,FD,media/images/free_description/07-train-green.jpg,first_mention_focal,1
SS1651568918829,CN,FD,FD,media/images/free_description/07-train-green.jpg,first_mention_focal,1
SS1651570752111,CN,FD,FD,media/images/free_description/07-train-green.jpg,first_mention_focal,1
SS1651571509239,CN,FD,FD,media/images/free_description/07-train-green.jpg,first_mention_focal,1
SS1651576408487,CN,FD,FD,media/images/free_description/07-train-green.jpg,first_mention_focal,1
SS1651578940027,CN,FD,FD,media/images/free_description/07-train-green.jpg,first_mention_focal,0
SS1651579399729,CN,FD,FD,media/images/free_description/07-train-green.jpg,first_mention_focal,1
SS1651582669897,CN,FD,FD,media/images/free_description/07-train-green.jpg,first_mention_focal,1
SS1651623308643,CN,FD,FD,media/images/free_description/07-train-green.jpg,first_mention_focal,1
SS1651625504097,CN,FD,FD,media/images/free_description/07-train-green.jpg,first_mention_focal,1
SS1651629675682,CN,FD,FD,media/images/free_description/07-train-green.jpg,first_mention_focal,1
SS1651631038398,CN,FD,FD,media/images/free_description/07-train-green.jpg,first_mention_focal,1
SS1651632269384,CN,FD,FD,media/images/free_description/07-train-green.jpg,first_mention_focal,1
SS1651633449820,CN,FD,FD,media/images/free_description/07-train-green.jpg,first_mention_focal,1
SS1651634088254,CN,FD,FD,media/images/free_description/07-train-green.jpg,first_mention_focal,1
SS1651634772197,CN,FD,FD,media/images/free_description/07-train-green.jpg,first_mention_focal,1
SS1651636059839,CN,FD,FD,media/images/free_description/07-train-green.jpg,first_mention_focal,1
SS1651637972613,CN,FD,FD,media/images/free_description/07-train-green.jpg,first_mention_focal,1
SS1651644576691,CN,FD,FD,media/images/free_description/07-train-green.jpg,first_mention_focal,0
SS1651648364635,CN,FD,FD,media/images/free_description/07-train-green.jpg,first_mention_focal,1
SS1651649525276,CN,FD,FD,media/images/free_description/07-train-green.jpg,first_mention_focal,1
SS1651652206023,CN,FD,FD,media/images/free_description/07-train-green.jpg,first_mention_focal,1
SS1651652979760,CN,FD,FD,media/images/free_description/07-train-green.jpg,first_mention_focal,0
SS1651654468673,CN,FD,FD,media/images/free_description/07-train-green.jpg,first_mention_focal,1
SS1651654992618,CN,FD,FD,media/images/free_description/07-train-green.jpg,first_mention_focal,1
SS1651662575870,CN,FD,FD,media/images/free_description/07-train-green.jpg,first_mention_focal,1
SS1651663394470,CN,FD,FD,media/images/free_description/07-train-green.jpg,first_mention_focal,0
SS1651664105704,CN,FD,FD,media/images/free_description/07-train-green.jpg,first_mention_focal,1
SS1651665034176,CN,FD,FD,media/images/free_description/07-train-green.jpg,first_mention_focal,1
SS1651666650135,CN,FD,FD,media/images/free_description/07-train-green.jpg,first_mention_focal,1
SS1651669607417,CN,FD,FD,media/images/free_description/07-train-green.jpg,first_mention_focal,1
SS1651669856701,CN,FD,FD,media/images/free_description/07-train-green.jpg,first_mention_focal,0
SS1651672824225,CN,FD,FD,media/images/free_description/07-train-green.jpg,first_mention_focal,1
SS1651674999028,CN,FD,FD,media/images/free_description/07-train-green.jpg,first_mention_focal,1
SS1651675575564,CN,FD,FD,media/images/free_description/07-train-green.jpg,first_mention_focal,1
SS1651675739437,CN,FD,FD,media/images/free_description/07-train-green.jpg,first_mention_focal,1
SS1651682617757,CN,FD,FD,media/images/free_description/07-train-green.jpg,first_mention_focal,1
SS1651705155608,CN,FD,FD,media/images/free_description/07-train-green.jpg,first_mention_focal,1
SS1651713128281,CN,FD,FD,media/images/free_description/07-train-green.jpg,first_mention_focal,0
SS1651721379726,CN,FD,FD,media/images/free_description/07-train-green.jpg,first_mention_focal,1
SS1651724542208,CN,FD,FD,media/images/free_description/07-train-green.jpg,first_mention_focal,1
SS1651726203467,CN,FD,FD,media/images/free_description/07-train-green.jpg,first_mention_focal,1
SS1651727116955,CN,FD,FD,media/images/free_description/07-train-green.jpg,first_mention_focal,1
SS1651727696486,CN,FD,FD,media/images/free_description/07-train-green.jpg,first_mention_focal,0
SS1651728177417,CN,FD,FD,media/images/free_description/07-train-green.jpg,first_mention_focal,1
SS1651729682124,CN,FD,FD,media/images/free_description/07-train-green.jpg,first_mention_focal,1
SS1651729792731,CN,FD,FD,media/images/free_description/07-train-green.jpg,first_mention_focal,1
SS1651734446265,CN,FD,FD,media/images/free_description/07-train-green.jpg,first_mention_focal,0
SS1651737005457,CN,FD,FD,media/images/free_description/07-train-green.jpg,first_mention_focal,1
SS1651739183035,CN,FD,FD,media/images/free_description/07-train-green.jpg,first_mention_focal,1
SS1651744829480,CN,FD,FD,media/images/free_description/07-train-green.jpg,first_mention_focal,1
SS1651748703908,CN,FD,FD,media/images/free_description/07-train-green.jpg,first_mention_focal,0
SS1651751338853,CN,FD,FD,media/images/free_description/07-train-green.jpg,first_mention_focal,1
SS1651751579584,CN,FD,FD,media/images/free_description/07-train-green.jpg,first_mention_focal,1
SS1651761786814,CN,FD,FD,media/images/free_description/07-train-green.jpg,first_mention_focal,1
SS1651762141455,CN,FD,FD,media/images/free_description/07-train-green.jpg,first_mention_focal,1
SS1651763037034,CN,FD,FD,media/images/free_description/07-train-green.jpg,first_mention_focal,1
SS1651764193629,CN,FD,FD,media/images/free_description/07-train-green.jpg,first_mention_focal,1
SS1651765894743,CN,FD,FD,media/images/free_description/07-train-green.jpg,first_mention_focal,1
SS1651767555827,CN,FD,FD,media/images/free_description/07-train-green.jpg,first_mention_focal,0
SS1651769304707,CN,FD,FD,media/images/free_description/07-train-green.jpg,first_mention_focal,1
SS1651771465459,CN,FD,FD,media/images/free_description/07-train-green.jpg,first_mention_focal,1
SS1651783487150,CN,FD,FD,media/images/free_description/07-train-green.jpg,first_mention_focal,1
SS1651798074227,CN,FD,FD,media/images/free_description/07-train-green.jpg,first_mention_focal,1
SS1651799596238,CN,FD,FD,media/images/free_description/07-train-green.jpg,first_mention_focal,1
SS1651804768520,CN,FD,FD,media/images/free_description/07-train-green.jpg,first_mention_focal,1
SS1651807227958,CN,FD,FD,media/images/free_description/07-train-green.jpg,first_mention_focal,0
SS1651810536901,CN,FD,FD,media/images/free_description/07-train-green.jpg,first_mention_focal,1
SS1651810766684,CN,FD,FD,media/images/free_description/07-train-green.jpg,first_mention_focal,1
SS1651812084324,CN,FD,FD,media/images/free_description/07-train-green.jpg,first_mention_focal,1
SS1651818877028,CN,FD,FD,media/images/free_description/07-train-green.jpg,first_mention_focal,1
SS1651821991579,CN,FD,FD,media/images/free_description/07-train-green.jpg,first_mention_focal,1
SS1651822926317,CN,FD,FD,media/images/free_description/07-train-green.jpg,first_mention_focal,1
SS1651827681410,CN,FD,FD,media/images/free_description/07-train-green.jpg,first_mention_focal,1
SS1651828791480,CN,FD,FD,media/images/free_description/07-train-green.jpg,first_mention_focal,1
SS1651835352625,CN,FD,FD,media/images/free_description/07-train-green.jpg,first_mention_focal,1
SS1651837328638,CN,FD,FD,media/images/free_description/07-train-green.jpg,first_mention_focal,1
SS1651837445397,CN,FD,FD,media/images/free_description/07-train-green.jpg,first_mention_focal,1
SS1651837683659,CN,FD,FD,media/images/free_description/07-train-green.jpg,first_mention_focal,1
SS1651839455332,CN,FD,FD,media/images/free_description/07-train-green.jpg,first_mention_focal,1
SS1651840732818,CN,FD,FD,media/images/free_description/07-train-green.jpg,first_mention_focal,1
SS1651840989750,CN,FD,FD,media/images/free_description/07-train-green.jpg,first_mention_focal,1
SS1651842824466,CN,FD,FD,media/images/free_description/07-train-green.jpg,first_mention_focal,1
SS1651844131204,CN,FD,FD,media/images/free_description/07-train-green.jpg,first_mention_focal,1
SS1651845522237,CN,FD,FD,media/images/free_description/07-train-green.jpg,first_mention_focal,1
SS1651845673245,CN,FD,FD,media/images/free_description/07-train-green.jpg,first_mention_focal,1
SS1651847391324,CN,FD,FD,media/images/free_description/07-train-green.jpg,first_mention_focal,1
SS1651849043017,CN,FD,FD,media/images/free_description/07-train-green.jpg,first_mention_focal,1
SS1651849550334,CN,FD,FD,media/images/free_description/07-train-green.jpg,first_mention_focal,0
SS1651890985414,CN,FD,FD,media/images/free_description/07-train-green.jpg,first_mention_focal,1
SS1651891187280,CN,FD,FD,media/images/free_description/07-train-green.jpg,first_mention_focal,1
SS1651906129454,CN,FD,FD,media/images/free_description/07-train-green.jpg,first_mention_focal,1
SS1651906687128,CN,FD,FD,media/images/free_description/07-train-green.jpg,first_mention_focal,1
SS1651912088419,CN,FD,FD,media/images/free_description/07-train-green.jpg,first_mention_focal,0
SS1651915236922,CN,FD,FD,media/images/free_description/07-train-green.jpg,first_mention_focal,1
SS1651916886491,CN,FD,FD,media/images/free_description/07-train-green.jpg,first_mention_focal,1
SS1651918483229,CN,FD,FD,media/images/free_description/07-train-green.jpg,first_mention_focal,1
SS1651919285907,CN,FD,FD,media/images/free_description/07-train-green.jpg,first_mention_focal,1
SS1651921503296,CN,FD,FD,media/images/free_description/07-train-green.jpg,first_mention_focal,1
SS1651922816094,CN,FD,FD,media/images/free_description/07-train-green.jpg,first_mention_focal,1
SS1651924494966,CN,FD,FD,media/images/free_description/07-train-green.jpg,first_mention_focal,1
SS1651926576151,CN,FD,FD,media/images/free_description/07-train-green.jpg,first_mention_focal,1
SS1651926856493,CN,FD,FD,media/images/free_description/07-train-green.jpg,first_mention_focal,1
SS1651928385240,CN,FD,FD,media/images/free_description/07-train-green.jpg,first_mention_focal,1
SS1651932416698,CN,FD,FD,media/images/free_description/07-train-green.jpg,first_mention_focal,1
SS1651934015946,CN,FD,FD,media/images/free_description/07-train-green.jpg,first_mention_focal,1
